EJECUTIVOS EN SERVICIOS DE ALIMENTOS, S.A. DE C.V.                                                                      Pagina: 0001
R.F.C.:                                                                                                                    5/NOV/19
REPORTE DE SUELDOS SEMANALES DEDUCCIONES


 
Codigo Desc Vales   Desc Zapatos Otras Deducc Desc Fonacot Pension Alim Desc Infonav Faltas       Inca Enferme Inca Riesgo  ISPT         Ajus ISPT    IMSS          Sub P/Empleo Tot Per Grav Tot Per Exce Total Percep Total Deducc Neto Pagado
..........................................................................................................................................................................................................................................
5761          1.00         0.00         0.00         0.00         0.00         0.00       104.13         0.00         0.00         0.00         0.00        16.69         43.87       891.53       300.09     1,191.62       121.82     1,069.80
7505          1.00         0.00         0.00         0.00         0.00         0.00         0.00         0.00         0.00         0.00         0.00        23.90         24.16       938.13       255.63     1,193.76        24.90     1,168.86
6600          1.00         0.00         0.00         0.00         0.00         0.00         0.00         0.00         0.00         0.00         0.00        21.87         23.61       972.63       299.58     1,272.21        22.87     1,249.34
7685          1.00         0.00         0.00         0.00         0.00         0.00         0.00         0.00         0.00         0.00         0.00        18.65         25.98     1,010.44       329.76     1,340.20        19.65     1,320.55
5933          1.00         0.00         0.00         0.00         0.00         0.00         0.00         0.00         0.00         0.00         0.00        22.53         34.71       927.01       255.05     1,182.06        23.53     1,158.53
7170          1.00         0.00         0.00         0.00         0.00         0.00         0.00         0.00         0.00         0.00         0.00        25.19         27.58     1,038.26       359.17     1,397.43        26.19     1,371.24
5618          1.00         0.00         0.00         0.00         0.00         0.00         0.00         0.00         0.00         0.00         0.00        22.97         36.06       905.88       200.78     1,106.66        23.97     1,082.69
5201          1.00         0.00         0.00         0.00         0.00       279.44         0.00         0.00         0.00        53.95         0.00        32.46          0.00     1,552.89       397.33     1,950.22       366.85     1,583.37
3890          1.00         0.00         0.00         0.00         0.00         0.00         0.00         0.00         0.00       178.37         0.00        55.00          0.00     2,104.51       319.12     2,423.63       234.37     2,189.26
7688          1.00         0.00         0.00         0.00         0.00         0.00         0.00         0.00         0.00         0.00         0.00        18.65         38.91       861.38       203.63     1,065.01        19.65     1,045.36
3652          1.00         0.00         0.00         0.00         0.00       383.82         0.00         0.00         0.00       188.33         0.00        50.17          0.00     2,166.80       482.93     2,649.73       623.32     2,026.41
1123          1.00         0.00         0.00         0.00         0.00         0.00         0.00         0.00         0.00       107.82         0.00        31.65          0.00     1,511.37       469.70     1,981.07       140.47     1,840.60
7593          1.00         0.00         0.00         0.00         0.00         0.00         0.00         0.00         0.00         0.00         0.00        22.29         36.48       899.19       229.01     1,128.20        23.29     1,104.91
7669          1.00         0.00         0.00         0.00         0.00         0.00         0.00         0.00         0.00        31.97         0.00        25.25          0.00     1,487.00       206.47     1,693.47        58.22     1,635.25
7259          1.00         0.00         0.00         0.00         0.00         0.00         0.00         0.00         0.00         0.00         0.00        22.71         35.41       915.88       244.63     1,160.51        23.71     1,136.80
7312          1.00         0.00         0.00         0.00         0.00         0.00         0.00         0.00         0.00         0.00         0.00        22.79         38.26       871.38       202.98     1,074.36        23.79     1,050.57
7338          1.00         0.00         0.00         0.00         0.00         0.00         0.00         0.00         0.00         0.00         0.00        22.55         24.16       938.13       255.63     1,193.76        23.55     1,170.21
7600          1.00         0.00         0.00         0.00         0.00         0.00         0.00         0.00         0.00         0.00         0.00        21.82         44.80       861.38       165.02     1,026.40        22.82     1,003.58
5677          1.00         0.00         0.00         0.00         0.00         0.00         0.00         0.00         0.00         3.89         0.00        27.58          0.00     1,243.83       337.63     1,581.46        32.47     1,548.99
4008          1.00         0.00         0.00         0.00         0.00         0.00         0.00         0.00         0.00       328.27         0.00        47.32          0.00     2,966.20       704.70     3,670.90       376.59     3,294.31
7690          1.00         0.00         0.00         0.00         0.00         0.00         0.00         0.00         0.00         0.00         0.00        18.65         37.55       882.51       168.89     1,051.40        19.65     1,031.75
6210          1.00         0.00         0.00         0.00         0.00         0.00         0.00         0.00         0.00         0.00         0.00        25.30          5.44     1,177.06       214.66     1,391.72        26.30     1,365.42
7697          1.00         0.00         0.00         0.00         0.00         0.00         0.00         0.00         0.00        24.82         0.00        21.81          0.00       832.15       203.97     1,036.12        47.63       988.49
0849          1.00         0.00         0.00         0.00         0.00         0.00         0.00         0.00         0.00         0.00         0.00        25.95          0.09     1,163.13       298.96     1,462.09        26.95     1,435.14
7536          1.00         0.00         0.00         0.00         0.00         0.00         0.00         0.00         0.00         0.00         0.00        23.35         28.93     1,017.13       349.40     1,366.53        24.35     1,342.18
7430          1.00         0.00         0.00         0.00         0.00         0.00         0.00         0.00         0.00       127.16         0.00        40.87          0.00     1,751.69       481.17     2,232.86       169.03     2,063.83
5181          1.00         0.00         0.00         0.00         0.00         0.00         0.00         0.00         0.00         0.00         0.00        22.74         29.72     1,004.88       327.94     1,332.82        23.74     1,309.08
7655          1.00         0.00         0.00         0.00         0.00         0.00         0.00         0.00         0.00         0.00         0.00        19.48         34.63       928.13       221.60     1,149.73        20.48     1,129.25
7057          1.00         0.00         0.00         0.00         0.00         0.00         0.00         0.00         0.00         0.00         0.00        23.63         31.07       983.76       318.16     1,301.92        24.63     1,277.29
5558          1.00         0.00         0.00         0.00         0.00         0.00         0.00         0.00         0.00         0.00         0.00        23.56         32.49       961.51       297.33     1,258.84        24.56     1,234.28
4746          1.00         0.00         0.00         0.00         0.00       337.44         0.00         0.00         0.00        40.45         0.00        29.99          0.00     1,428.83       227.31     1,656.14       408.88     1,247.26
7643          1.00         0.00         0.00         0.00         0.00         0.00         0.00         0.00         0.00         0.00         0.00        20.64         35.63       861.38       155.85     1,017.23        21.64       995.59
7573          1.00         0.00         0.00         0.00         0.00         0.00         0.00         0.00         0.00         0.00         0.00        25.81         27.44       883.63       169.91     1,053.54        26.81     1,026.73
7663          1.00         0.00         0.00         0.00         0.00         0.00         0.00         0.00         0.00         0.00         0.00        18.65         32.49       961.51       252.83     1,214.34        19.65     1,194.69
7407          1.00         0.00         0.00         0.00         0.00         0.00         0.00         0.00         0.00         0.00         0.00        26.34          3.82     1,105.01       224.16     1,329.17        27.34     1,301.83
1424          1.00         0.00        50.00         0.00         0.00       457.22         0.00         0.00         0.00       274.61         0.00        80.82          0.00     2,679.97       409.59     3,089.56       863.65     2,225.91
5280          1.00         0.00         0.00       316.08         0.00       439.54         0.00         0.00         0.00       172.65         0.00        48.39          0.00     2,089.88       536.94     2,626.82       977.66     1,649.16
6461          1.00         0.00         0.00         0.00         0.00         0.00         0.00         0.00         0.00        92.49         0.00        28.51          0.00     1,678.99       425.09     2,104.08       122.00     1,982.08
6765          1.00         0.00         0.00         0.00         0.00         0.00         0.00         0.00         0.00        25.24         0.00        37.52          0.00     1,375.94       344.27     1,720.21        63.76     1,656.45
7694          1.00         0.00         0.00         0.00         0.00         0.00         0.00         0.00         0.00         0.00         0.00        18.65         38.29       893.63       225.26     1,118.89        19.65     1,099.24
6657          1.00         0.00         0.00         0.00         0.00         0.00         0.00         0.00         0.00         0.00         0.00        18.65         45.63       861.38       165.85     1,027.23        19.65     1,007.58
5000          1.00         0.00         0.00         0.00         0.00         0.00         0.00         0.00         0.00        34.91         0.00        27.47          0.00     1,464.80       467.57     1,932.37        63.38     1,868.99
7586          1.00         0.00         0.00         0.00         0.00         0.00         0.00         0.00         0.00        38.12         0.00        24.20          0.00     1,494.38       353.84     1,848.22        63.32     1,784.90

















































EJECUTIVOS EN SERVICIOS DE ALIMENTOS, S.A. DE C.V.                                                                      Pagina: 0002
R.F.C.:                                                                                                                    5/NOV/19
REPORTE DE SUELDOS SEMANALES DEDUCCIONES


 
Codigo Desc Vales   Desc Zapatos Otras Deducc Desc Fonacot Pension Alim Desc Infonav Faltas       Inca Enferme Inca Riesgo  ISPT         Ajus ISPT    IMSS          Sub P/Empleo Tot Per Grav Tot Per Exce Total Percep Total Deducc Neto Pagado
..........................................................................................................................................................................................................................................
7649          1.00         0.00         0.00         0.00         0.00         0.00         0.00         0.00         0.00         0.00         0.00        20.38         20.77       994.88       318.99     1,313.87        21.38     1,292.49
5644          1.00         0.00         0.00         0.00         0.00       331.25         0.00         0.00         0.00        92.79         0.00        28.72          0.00     1,735.93       460.68     2,196.61       453.76     1,742.85
7519          1.00         0.00         0.00         0.00         0.00         0.00         0.00         0.00         0.00        91.26         0.00        25.17          0.00     1,372.01       331.59     1,703.60       117.43     1,586.17
6638          1.00         0.00         0.00         0.00         0.00         0.00         0.00         0.00         0.00         0.00         0.00        18.65         38.90       861.38       159.12     1,020.50        19.65     1,000.85
6690          1.00         0.00         0.00         0.00         0.00         0.00         0.00         0.00         0.00         0.00         0.00        23.80         32.50       961.51       297.34     1,258.85        24.80     1,234.05
7168          1.00         0.00         0.00         0.00         0.00         0.00         0.00         0.00         0.00         0.00         0.00        24.08         38.26       871.38       202.98     1,074.36        25.08     1,049.28
7684          1.00         0.00         0.00         0.00         0.00         0.00         0.00         0.00         0.00         0.00         0.00        18.65         38.27       871.38       202.99     1,074.37        19.65     1,054.72
7681          1.00         0.00         0.00         0.00         0.00         0.00         0.00         0.00         0.00         0.00         0.00        18.65         29.14       950.38       282.86     1,233.24        19.65     1,213.59
6958          1.00         0.00         0.00         0.00         0.00         0.00         0.00         0.00         0.00         0.00         0.00        26.37          4.36     1,181.35       180.20     1,361.55        27.37     1,334.18
6542          1.00         0.00         0.00         0.00         0.00         0.00         0.00         0.00         0.00         0.00         0.00        18.65         30.36       994.88       328.58     1,323.46        19.65     1,303.81
4314          1.00         0.00         0.00         0.00         0.00         0.00         0.00         0.00         0.00       174.53         0.00        42.89          0.00     2,124.51       515.82     2,640.33       218.42     2,421.91
7485          1.00         0.00         0.00         0.00         0.00         0.00         0.00         0.00         0.00         0.00         0.00        25.28         25.45     1,071.63       290.29     1,361.92        26.28     1,335.64
7632          1.00         0.00         0.00         0.00         0.00         0.00       104.13         0.00         0.00         0.00         0.00        18.61         40.19       858.16       218.53     1,076.69       123.74       952.95
4287          1.00         0.00         0.00         0.00         0.00         0.00         0.00         0.00         0.00        36.11         0.00        30.87          0.00     1,475.86       403.06     1,878.92        67.98     1,810.94
7673          1.00         0.00         0.00         0.00         0.00         0.00         0.00         0.00         0.00         0.00         0.00        18.65         33.61       950.38       287.33     1,237.71        19.65     1,218.06
7696          1.00         0.00         0.00         0.00         0.00         0.00         0.00         0.00         0.00         0.00         0.00        10.66         16.52       581.39       265.92       847.31        11.66       835.65
6504          1.00         0.00         0.00         0.00         0.00         0.00         0.00         0.00         0.00         0.00         0.00        21.44         30.42       993.76       317.51     1,311.27        22.44     1,288.83
7683          1.00         0.00         0.00         0.00         0.00         0.00       124.60         0.00         0.00         0.00         0.00        16.69         49.29       787.95       167.71       955.66       142.29       813.37
5745          1.00         0.00         0.00         0.00         0.00         0.00         0.00         0.00         0.00         0.00         0.00        20.59         36.12       904.76       189.71     1,094.47        21.59     1,072.88
7617          1.00         0.00         0.00         0.00         0.00         0.00         0.00         0.00         0.00        41.60         0.00        29.42          0.00     1,526.36       220.34     1,746.70        72.02     1,674.68
7604          1.00         0.00         0.00         0.00         0.00         0.00         0.00         0.00         0.00         0.00         0.00        20.56         25.45     1,071.63       323.67     1,395.30        21.56     1,373.74
7660          0.00         0.00         0.00         0.00         0.00         0.00       104.13         0.00         0.00         0.00         0.00        16.69         30.18     1,024.23       208.18     1,232.41       120.82     1,111.59
7061          1.00         0.00         0.00         0.00         0.00         0.00         0.00         0.00         0.00         0.00         0.00        15.99         33.76       928.18       200.98     1,129.16        16.99     1,112.17
7634          1.00         0.00         0.00         0.00         0.00         0.00         0.00         0.00         0.00        54.35         0.00        35.15          0.00     1,556.55       398.49     1,955.04        90.50     1,864.54
7700          1.00         0.00         0.00         0.00         0.00         0.00         0.00         0.00         0.00         0.00         0.00        10.66         28.95       436.76       133.73       570.49        11.66       558.83
7627          1.00         0.00         0.00         0.00         0.00         0.00         0.00         0.00         0.00         0.00         0.00        23.98         22.13       971.51       220.22     1,191.73        24.98     1,166.75
7698          1.00         0.00         0.00         0.00         0.00         0.00         0.00         0.00         0.00         0.00         0.00        10.66         34.47       350.55        82.55       433.10        11.66       421.44
7633          1.00         0.00         0.00         0.00         0.00         0.00       124.60         0.00         0.00         0.00         0.00        17.72         32.80       999.33       407.09     1,406.42       143.32     1,263.10
3894          1.00         0.00         0.00         0.00         0.00         0.00         0.00         0.00         0.00         0.00         0.00        18.65         35.09       871.38       155.31     1,026.69        19.65     1,007.04
7428          1.00         0.00         0.00         0.00         0.00         0.00         0.00         0.00         0.00         0.00         0.00        22.53         29.00     1,016.01       304.96     1,320.97        23.53     1,297.44
2897          1.00         0.00         0.00         0.00         0.00         0.00         0.00         0.00         0.00         0.00         0.00        19.86         33.20       950.38       286.92     1,237.30        20.86     1,216.44
7558          1.00         0.00         0.00         0.00         0.00         0.00         0.00         0.00         0.00         0.00         0.00        23.47          8.29     1,339.76       451.13     1,790.89        24.47     1,766.42
6360          1.00         0.00         0.00         0.00         0.00         0.00         0.00         0.00         0.00         0.00         0.00        20.12         30.36       994.88       328.58     1,323.46        21.12     1,302.34
7614          1.00         0.00         0.00         0.00         0.00         0.00         0.00         0.00         0.00         4.49         0.00        22.54          0.00     1,249.36       298.22     1,547.58        28.03     1,519.55
3318          1.00         0.00         0.00         0.00         0.00       500.52         0.00         0.00         0.00       208.55         0.00        57.96          0.00     2,293.19       495.59     2,788.78       768.03     2,020.75
5139          1.00         0.00         0.00         0.00         0.00       759.20         0.00         0.00         0.00       376.25         0.00        68.92          0.00     3,157.49       649.48     3,806.97     1,205.37     2,601.60
6083          1.00         0.00         0.00         0.00         0.00         0.00         0.00         0.00         0.00         0.00         0.00        25.22         29.98     1,000.92       271.49     1,272.41        26.22     1,246.19
7616          1.00         0.00         0.00         0.00         0.00         0.00         0.00         0.00         0.00         0.00         0.00        24.02         33.27       949.26       275.86     1,225.12        25.02     1,200.10
6766          1.00         0.00         0.00         0.00         0.00         0.00         0.00         0.00         0.00       192.60         0.00        42.02          0.00     2,193.49       452.99     2,646.48       235.62     2,410.86
4137          1.00         0.00         0.00         0.00         0.00         0.00         0.00         0.00         0.00       511.98         0.00        91.50          0.00     3,791.29     1,054.24     4,845.53       604.48     4,241.05
7542          1.00         0.00         0.00         0.00         0.00         0.00         0.00         0.00         0.00         0.00         0.00        25.17         28.29     1,027.13       348.76     1,375.89        26.17     1,349.72
3780          1.00         0.00         0.00         0.00         0.00         0.00         0.00         0.00         0.00        78.69         0.00        34.90          0.00     1,780.23       350.29     2,130.52       114.59     2,015.93
7678          1.00         0.00         0.00         0.00         0.00         0.00         0.00         0.00         0.00         0.00         0.00        18.65         16.21     1,027.13       303.30     1,330.43        19.65     1,310.78

















































EJECUTIVOS EN SERVICIOS DE ALIMENTOS, S.A. DE C.V.                                                                      Pagina: 0003
R.F.C.:                                                                                                                    5/NOV/19
REPORTE DE SUELDOS SEMANALES DEDUCCIONES


 
Codigo Desc Vales   Desc Zapatos Otras Deducc Desc Fonacot Pension Alim Desc Infonav Faltas       Inca Enferme Inca Riesgo  ISPT         Ajus ISPT    IMSS          Sub P/Empleo Tot Per Grav Tot Per Exce Total Percep Total Deducc Neto Pagado
..........................................................................................................................................................................................................................................
6205          1.00         0.00         0.00         0.00         0.00         0.00         0.00         0.00         0.00         0.00         0.00        24.77         34.00       938.13       187.59     1,125.72        25.77     1,099.95
5027          1.00         0.00         0.00         0.00         0.00         0.00         0.00         0.00         0.00        10.36         0.00        30.31          0.00     1,239.17       263.76     1,502.93        41.67     1,461.26
7695          1.00         0.00         0.00         0.00         0.00         0.00         0.00         0.00         0.00         0.00         0.00        18.65         33.20       950.38       286.92     1,237.30        19.65     1,217.65
6839          1.00         0.00         0.00         0.00         0.00         0.00         0.00         0.00         0.00         0.00         0.00        21.44         29.01     1,016.01       338.35     1,354.36        22.44     1,331.92
5646          1.00         0.00         0.00         0.00         0.00         0.00         0.00         0.00         0.00         0.00         0.00        22.71         38.26       871.38       310.32     1,181.70        23.71     1,157.99
6978          1.00         0.00         0.00         0.00         0.00         0.00         0.00         0.00         0.00         0.00         0.00        23.45         33.29       949.26       275.88     1,225.14        24.45     1,200.69
6658          1.00         0.00         0.00         0.00         0.00       462.28         0.00         0.00         0.00         0.00         0.00        29.63          9.17     1,118.70       170.56     1,289.26       492.91       796.35
4458          1.00         0.00         0.00         0.00         0.00         0.00         0.00         0.00         0.00       129.32         0.00        40.94          0.00     1,709.02       307.30     2,016.32       171.26     1,845.06
7619          1.00         0.00         0.00         0.00         0.00         0.00         0.00         0.00         0.00         0.00         0.00        22.30         27.51     1,039.38       325.73     1,365.11        23.30     1,341.81
7647          1.00         0.00         0.00         0.00         0.00         0.00         0.00         0.00         0.00         0.00         0.00        20.05         38.26       871.38       202.98     1,074.36        21.05     1,053.31
6791          1.00         0.00         0.00         0.00         0.00         0.00         0.00         0.00         0.00         0.00         0.00        20.21         28.19     1,028.73       297.51     1,326.24        21.21     1,305.03
5679          1.00         0.00         0.00         0.00         0.00         0.00         0.00         0.00         0.00         9.77         0.00        31.16          0.00     1,337.27       350.98     1,688.25        41.93     1,646.32
7530          1.00         0.00         0.00         0.00         0.00         0.00         0.00         0.00         0.00         0.00         0.00        22.98         44.07       983.76       331.16     1,314.92        23.98     1,290.94
7692          1.00         0.00         0.00         0.00         0.00         0.00       312.39         0.00         0.00         0.00         0.00        12.76         45.75       717.37       106.03       823.40       326.15       497.25
6028          1.00         0.00         0.00         0.00         0.00       399.30         0.00         0.00         0.00       114.95         0.00        27.96          0.00     1,885.40       460.68     2,346.08       543.21     1,802.87
6565          1.00         0.00         0.00         0.00         0.00         0.00         0.00         0.00         0.00        51.03         0.00        24.50          0.00     1,527.76       353.84     1,881.60        76.53     1,805.07
3676          1.00         0.00         0.00         0.00         0.00         0.00         0.00         0.00         0.00        66.86         0.00        33.81          0.00     1,595.44       516.73     2,112.17       101.67     2,010.50
3221          1.00         0.00         0.00         0.00         0.00         0.00         0.00         0.00         0.00       156.93         0.00        27.51          0.00     1,962.86       485.85     2,448.71       185.44     2,263.27
7269          1.00         0.00         0.00         0.00         0.00         0.00         0.00         0.00         0.00         0.00         0.00        21.42         31.86       971.51       296.70     1,268.21        22.42     1,245.79
2522          1.00         0.00         0.00         0.00         0.00         0.00         0.00         0.00         0.00         0.00         0.00        23.94         29.30       949.26       271.89     1,221.15        24.94     1,196.21
5506          1.00         0.00         0.00         0.00         0.00       224.80         0.00         0.00         0.00        10.72         0.00        26.58          0.00     1,306.65       439.50     1,746.15       263.10     1,483.05
0236          1.00         0.00         0.00         0.00         0.00       523.01         0.00         0.00         0.00       163.70         0.00        52.95          0.00     2,160.70       532.10     2,692.80       740.66     1,952.14
7080          1.00        48.00         0.00         0.00         0.00         0.00         0.00         0.00         0.00         0.00         0.00        36.48         54.65     1,399.73       401.13     1,800.86        85.48     1,715.38
5965          1.00         0.00         0.00         0.00         0.00         0.00         0.00         0.00         0.00        53.59         0.00        27.75          0.00     1,508.52       467.57     1,976.09        82.34     1,893.75
5447          1.00         0.00         0.00         0.00         0.00         0.00         0.00         0.00         0.00         0.00         0.00        22.50         30.94       939.26       273.53     1,212.79        23.50     1,189.29
6685          1.00         0.00         0.00         0.00         0.00         0.00         0.00         0.00         0.00         0.00         0.00        23.95         21.89     1,127.26       375.73     1,502.99        24.95     1,478.04
5549          1.00         0.00         0.00         0.00         0.00         0.00         0.00         0.00         0.00         0.00         0.00        23.21         38.26       871.38       202.98     1,074.36        24.21     1,050.15
6349          1.00         0.00         0.00         0.00         0.00         0.00         0.00         0.00         0.00         0.00         0.00        21.44         33.28       949.26       275.87     1,225.13        22.44     1,202.69
7484          1.00         0.00         0.00         0.00         0.00         0.00       416.52         0.00         0.00         0.00         0.00        14.07         46.17       685.91        86.35       772.26       431.59       340.67
0854          1.00         0.00         0.00         0.00         0.00       326.19         0.00         0.00         0.00        77.27         0.00        35.56          0.00     1,767.16       572.11     2,339.27       440.02     1,899.25
7295          1.00         0.00         0.00         0.00         0.00         0.00         0.00         0.00         0.00        12.56         0.00        25.84          0.00     1,360.88       320.47     1,681.35        39.40     1,641.95
7693          1.00         0.00         0.00         0.00         0.00         0.00         0.00         0.00         0.00         0.00         0.00        18.65         27.58     1,038.25       325.80     1,364.05        19.65     1,344.40
6832          1.00         0.00         0.00         0.00         0.00         0.00         0.00         0.00         0.00         0.00         0.00        25.33         32.57       960.38       241.79     1,202.17        26.33     1,175.84
7687          1.00         0.00         0.00         0.00         0.00       352.63         0.00         0.00         0.00         0.00         0.00        18.65         33.99       938.13       232.08     1,170.21       372.28       797.93
4807          1.00         0.00         0.00         0.00         0.00         0.00         0.00         0.00         0.00       510.35         0.00       112.83          0.00     3,783.66       564.20     4,347.86       624.18     3,723.68
6821          1.00         0.00         0.00         0.00         0.00         0.00         0.00         0.00         0.00        41.74         0.00        26.55          0.00     1,527.67       584.16     2,111.83        69.29     2,042.54
3169          1.00         0.00         0.00         0.00         0.00         0.00         0.00         0.00         0.00         0.00         0.00        22.84         33.64       943.69       270.67     1,214.36        23.84     1,190.52
7686          1.00         0.00         0.00         0.00         0.00         0.00         0.00         0.00         0.00         0.00         0.00        18.65         51.38       871.38       171.60     1,042.98        19.65     1,023.33
5902          0.00         0.00         0.00         0.00         0.00         0.00         0.00         0.00         0.00         0.00         0.00         0.00          0.00         0.00         0.00         0.00         0.00         0.00
4514          1.00         0.00         0.00         0.00         0.00       333.25         0.00         0.00         0.00        36.54         0.00        31.50          0.00     1,351.84       365.55     1,717.39       402.29     1,315.10
7104          1.00         0.00         0.00         0.00         0.00         0.00         0.00         0.00         0.00         0.00         0.00        18.65         33.93       939.26       276.52     1,215.78        19.65     1,196.13
6014          1.00         0.00         0.00         0.00         0.00         0.00         0.00         0.00         0.00        32.97         0.00        26.82          0.00     1,319.07       409.27     1,728.34        60.79     1,667.55
7551          1.00         0.00         0.00         0.00         0.00         0.00         0.00         0.00         0.00         0.00         0.00        24.90         36.84       893.63       223.81     1,117.44        25.90     1,091.54

















































EJECUTIVOS EN SERVICIOS DE ALIMENTOS, S.A. DE C.V.                                                                      Pagina: 0004
R.F.C.:                                                                                                                    5/NOV/19
REPORTE DE SUELDOS SEMANALES DEDUCCIONES


 
Codigo Desc Vales   Desc Zapatos Otras Deducc Desc Fonacot Pension Alim Desc Infonav Faltas       Inca Enferme Inca Riesgo  ISPT         Ajus ISPT    IMSS          Sub P/Empleo Tot Per Grav Tot Per Exce Total Percep Total Deducc Neto Pagado
..........................................................................................................................................................................................................................................
6985          1.00         0.00         0.00         0.00         0.00         0.00         0.00         0.00         0.00       291.44         0.00        67.20          0.00     2,757.46       768.38     3,525.84       359.64     3,166.20
3827          1.00         0.00         0.00         0.00         0.00         0.00         0.00         0.00         0.00        27.21         0.00        26.89          0.00     1,390.30       363.88     1,754.18        55.10     1,699.08
5412          1.00         0.00         0.00         0.00         0.00         0.00         0.00         0.00         0.00         0.00         0.00        19.90         30.35       994.88       328.57     1,323.45        20.90     1,302.55
4504          1.00         0.00         0.00         0.00         0.00         0.00         0.00         0.00         0.00       458.24         0.00        58.75          0.00     3,562.22       557.02     4,119.24       517.99     3,601.25
7395          1.00         0.00         0.00         0.00         0.00         0.00         0.00         0.00         0.00         0.00         0.00        24.79         45.57       960.38       299.29     1,259.67        25.79     1,233.88
0214          1.00         0.00         0.00         0.00         0.00         0.00         0.00         0.00         0.00       623.40         0.00       111.04          0.00     4,312.94     1,080.42     5,393.36       735.44     4,657.92
7376          1.00         0.00         0.00         0.00         0.00         0.00         0.00         0.00         0.00         6.86         0.00        25.49          0.00     1,271.88       264.84     1,536.72        33.35     1,503.37
3217          1.00         0.00         0.00         0.00         0.00         0.00         0.00         0.00         0.00         0.00         0.00        19.52          1.93       845.03       207.10     1,052.13        20.52     1,031.61
7212          1.00         0.00         0.00         0.00         0.00       357.68         0.00         0.00         0.00         0.00         0.00        21.92         38.26       871.38       283.48     1,154.86       380.60       774.26
6321          1.00         0.00         0.00         0.00         0.00         0.00         0.00         0.00         0.00         0.00         0.00        21.68         27.84     1,034.30       302.72     1,337.02        22.68     1,314.34
5232          1.00         0.00         0.00         0.00         0.00         0.00         0.00         0.00         0.00         0.00         0.00        29.21          4.37     1,167.80       326.12     1,493.92        30.21     1,463.71
4958          1.00         0.00         0.00         0.00         0.00         0.00         0.00         0.00         0.00         0.00         0.00        29.86         32.56       960.38       286.28     1,246.66        30.86     1,215.80
7675          1.00         0.00         0.00         0.00         0.00         0.00         0.00         0.00         0.00         0.00         0.00        18.65         38.26       871.38       202.98     1,074.36        19.65     1,054.71
3979          1.00         0.00         0.00         0.00         0.00         0.00         0.00         0.00         0.00       827.43         0.00        99.63          0.00     5,268.11     1,261.00     6,529.11       928.06     5,601.05
0442          1.00         0.00         0.00         0.00         0.00         0.00         0.00         0.00         0.00        30.21         0.00        39.77          0.00     1,375.45       469.89     1,845.34        70.98     1,774.36
7699          1.00         0.00         0.00         0.00         0.00         0.00         0.00         0.00         0.00         0.00         0.00        10.66         28.24       447.89       144.14       592.03        11.66       580.37
7330          0.00         0.00         0.00         0.00         0.00         0.00         0.00         0.00         0.00         0.00         0.00         0.00          0.00         0.00         0.00         0.00         0.00         0.00
7243          1.00         0.00         0.00         0.00         0.00         0.00         0.00         0.00         0.00         0.00         0.00        22.43         36.77       894.76       190.36     1,085.12        23.43     1,061.69
5247          1.00         0.00         0.00         0.00         0.00         0.00         0.00         0.00         0.00         0.00         0.00        18.65         38.27       871.38       202.99     1,074.37        19.65     1,054.72
7397          1.00         0.00         0.00         0.00         0.00         0.00         0.00         0.00         0.00         0.00         0.00        23.21         44.83       871.38       165.05     1,036.43        24.21     1,012.22
7679          1.00         0.00         0.00         0.00         0.00         0.00         0.00         0.00         0.00         0.00         0.00        18.65         33.20       950.38       286.92     1,237.30        19.65     1,217.65
7421          1.00         0.00         0.00         0.00         0.00         0.00         0.00         0.00         0.00         0.00         0.00        24.20         25.45     1,071.63       357.04     1,428.67        25.20     1,403.47
7595          1.00         0.00         0.00         0.00         0.00         0.00         0.00         0.00         0.00         0.00         0.00        22.56         29.59     1,016.01       338.93     1,354.94        23.56     1,331.38
7298          1.00         0.00         0.00         0.00         0.00         0.00         0.00         0.00         0.00        60.85         0.00        36.29          0.00     1,616.33       424.01     2,040.34        98.14     1,942.20
5396          1.00         0.00         0.00         0.00         0.00         0.00         0.00         0.00         0.00         0.00         0.00        26.91         27.58     1,038.26       292.42     1,330.68        27.91     1,302.77
5704          1.00         0.00         0.00         0.00         0.00         0.00         0.00         0.00         0.00        30.02         0.00        34.39          0.00     1,509.91       416.78     1,926.69        65.41     1,861.28
7503          1.00         0.00         0.00         0.00         0.00         0.00         0.00         0.00         0.00         0.00         0.00        20.66         32.56       960.38       286.28     1,246.66        21.66     1,225.00
7190          1.00         0.00         0.00         0.00         0.00         0.00         0.00         0.00         0.00         0.00         0.00        22.09         33.28       949.26       275.87     1,225.13        23.09     1,202.04
7689          1.00         0.00         0.00         0.00         0.00         0.00       104.13         0.00         0.00         0.00         0.00        16.69         52.13       808.09       180.41       988.50       121.82       866.68
7588          1.00         0.00         0.00         0.00         0.00         0.00         0.00         0.00         0.00         0.00         0.00        22.53         36.84       893.63       223.81     1,117.44        23.53     1,093.91
5588          1.00         0.00         0.00         0.00         0.00         0.00         0.00         0.00         0.00         0.00         0.00        22.62         26.52     1,054.94       374.80     1,429.74        23.62     1,406.12
6203          0.00         0.00         0.00         0.00         0.00         0.00         0.00         0.00         0.00         0.00         0.00         0.00          0.00         0.00         0.00         0.00         0.00         0.00
6582          1.00         0.00         0.00         0.00         0.00         0.00         0.00         0.00         0.00         0.00         0.00        21.84         43.49       894.76       197.08     1,091.84        22.84     1,069.00
7667          1.00         0.00         0.00         0.00         0.00         0.00         0.00         0.00         0.00         0.00         0.00        18.65         35.41       915.88       200.13     1,116.01        19.65     1,096.36
7691          1.00         0.00         0.00         0.00         0.00         0.00         0.00         0.00         0.00         0.00         0.00        18.65         45.76       932.57       227.16     1,159.73        19.65     1,140.08
7226          1.00         0.00         0.00         0.00         0.00         0.00         0.00         0.00         0.00         0.00         0.00        22.59         38.26       871.38       202.98     1,074.36        23.59     1,050.77
7664          1.00         0.00         0.00         0.00         0.00         0.00         0.00         0.00         0.00         0.00         0.00        18.65         38.26       871.38       202.98     1,074.36        19.65     1,054.71
3326          1.00         0.00         0.00         0.00         0.00         0.00         0.00         0.00         0.00        69.47         0.00        34.54          0.00     1,521.53       349.95     1,871.48       105.01     1,766.47
0449          1.00         0.00       300.00         0.00         0.00       389.82         0.00         0.00         0.00        30.24         0.00        33.49          0.00     1,334.92       223.42     1,558.34       754.55       803.79
6934          1.00         0.00         0.00         0.00         0.00         0.00         0.00         0.00         0.00       342.85         0.00        84.39          0.00     2,999.45       460.71     3,460.16       428.24     3,031.92
7137          1.00         0.00         0.00         0.00         0.00         0.00         0.00         0.00         0.00        55.95         0.00        36.99          0.00     1,571.20       253.40     1,824.60        93.94     1,730.66
6682          1.00         0.00         0.00         0.00         0.00         0.00       124.60         0.00         0.00         0.00         0.00        17.95         50.20       765.70       146.37       912.07       143.55       768.52
1269          1.00         0.00         0.00         0.00         0.00         0.00         0.00         0.00         0.00         0.00         0.00        23.96         33.21       950.38       242.43     1,192.81        24.96     1,167.85

















































EJECUTIVOS EN SERVICIOS DE ALIMENTOS, S.A. DE C.V.                                                                      Pagina: 0005
R.F.C.:                                                                                                                    5/NOV/19
REPORTE DE SUELDOS SEMANALES DEDUCCIONES


 
Codigo Desc Vales   Desc Zapatos Otras Deducc Desc Fonacot Pension Alim Desc Infonav Faltas       Inca Enferme Inca Riesgo  ISPT         Ajus ISPT    IMSS          Sub P/Empleo Tot Per Grav Tot Per Exce Total Percep Total Deducc Neto Pagado
..........................................................................................................................................................................................................................................
6918          1.00         0.00         0.00         0.00         0.00         0.00         0.00         0.00         0.00         0.00         0.00        22.83         29.71     1,004.88       294.55     1,299.43        23.83     1,275.60
1419          1.00         0.00         0.00         0.00         0.00       268.68         0.00         0.00         0.00        34.65         0.00        32.96          0.00     1,462.44       362.16     1,824.60       337.29     1,487.31
7545          1.00        48.00         0.00         0.00         0.00         0.00         0.00         0.00         0.00        79.68         0.00        35.28          0.00     1,713.30       471.91     2,185.21       163.96     2,021.25
5905          1.00         0.00         0.00         0.00         0.00         0.00         0.00         0.00         0.00       110.80         0.00        36.56          0.00     1,901.45       518.94     2,420.39       148.36     2,272.03
7638          1.00         0.00         0.00         0.00         0.00         0.00         0.00         0.00         0.00         0.00         0.00        19.83         38.90       861.38       159.12     1,020.50        20.83       999.67
3525          1.00         0.00         0.00         0.00         0.00         0.00         0.00         0.00         0.00       279.60         0.00        27.01          0.00     2,169.21       461.36     2,630.57       307.61     2,322.96
2451          1.00         0.00         0.00         0.00         0.00         0.00         0.00         0.00         0.00         0.00         0.00        22.95         38.90       861.38       159.12     1,020.50        23.95       996.55
6885          1.00         0.00         0.00         0.00         0.00         0.00         0.00         0.00         0.00         0.00         0.00        23.53         17.67     1,093.88       338.14     1,432.02        24.53     1,407.49
7231          1.00         0.00         0.00         0.00         0.00         0.00         0.00         0.00         0.00         0.00         0.00        18.65         29.71     1,004.88       294.55     1,299.43        19.65     1,279.78
4775          1.00         0.00         0.00         0.00         0.00         0.00         0.00         0.00         0.00         0.00         0.00        22.18         28.16     1,038.26       359.75     1,398.01        23.18     1,374.83
7528          1.00         0.00         0.00         0.00         0.00         0.00         0.00         0.00         0.00         0.00         0.00        24.64         24.16       938.13       255.63     1,193.76        25.64     1,168.12
7658          1.00         0.00         0.00         0.00         0.00         0.00         0.00         0.00         0.00         0.00         0.00        18.65         26.54       899.19       174.57     1,073.76        19.65     1,054.11
5671          1.00         0.00         0.00         0.00         0.00         0.00         0.00         0.00         0.00       148.27         0.00        47.43          0.00     1,883.24       283.71     2,166.95       196.70     1,970.25
4832          1.00         0.00         0.00         0.00         0.00         0.00       104.13         0.00         0.00         0.00         0.00        21.45         36.19       924.91       325.78     1,250.69       126.58     1,124.11
6567          1.00         0.00         0.00         0.00         0.00         0.00         0.00         0.00         0.00         0.00         0.00        20.24         43.43       883.63       185.90     1,069.53        21.24     1,048.29
3321          1.00         0.00        10.00         0.00         0.00         0.00         0.00         0.00         0.00       174.18         0.00        51.64          0.00     2,078.39       318.91     2,397.30       236.82     2,160.48
2112          1.00         0.00         0.00         0.00         0.00         0.00         0.00         0.00         0.00         0.00         0.00        22.68         31.14       982.63       273.73     1,256.36        23.68     1,232.68
0624          1.00         0.00         0.00         0.00         0.00         0.00         0.00         0.00         0.00       181.56         0.00        50.31          0.00     2,124.46       447.91     2,572.37       232.87     2,339.50
6877          1.00         0.00         0.00       141.34         0.00         0.00         0.00         0.00         0.00         0.00         0.00        26.16          3.64     1,194.86       257.36     1,452.22       168.50     1,283.72
4385          1.00         0.00         0.00         0.00         0.00         0.00         0.00         0.00         0.00        12.62         0.00        28.80          0.00     1,324.07       373.35     1,697.42        42.42     1,655.00
7378          1.00         0.00         0.00         0.00         0.00         0.00         0.00         0.00         0.00         0.00         0.00        20.43         18.70     1,028.26       350.29     1,378.55        21.43     1,357.12
0366          1.00         0.00         0.00         0.00         0.00         0.00         0.00         0.00         0.00       358.84         0.00        85.23          0.00     3,074.30       646.32     3,720.62       445.07     3,275.55
6206          1.00         0.00         0.00         0.00         0.00         0.00         0.00         0.00         0.00        48.82         0.00        27.45          0.00     1,464.80       467.57     1,932.37        77.27     1,855.10
7618          1.00         0.00         0.00         0.00         0.00         0.00         0.00         0.00         0.00         0.00         0.00        22.13         20.72       994.88       318.94     1,313.82        23.13     1,290.69
 
*** GLO     192.00        96.00       360.00       457.42         0.00     7,126.07     1,623.36         0.00         0.00     9,348.10         0.00     5,501.94      3,966.35   248,035.50                310,459.98    24,704.89   285,755.09
  

































































