EJECUTIVOS EN SERVICIOS DE ALIMENTOS, S.A. DE C.V.                                                                      Pagina: 0001
R.F.C.:                                                                                                                    5/NOV/19
REPORTE DE SUELDOS SEMANALES DEDUCCIONES


 
Codigo Desc Vales   Desc Zapatos Otras Deducc Desc Fonacot Pension Alim Desc Infonav Faltas       Inca Enferme Inca Riesgo  ISPT         Ajus ISPT    IMSS          Sub P/Empleo Tot Per Grav Tot Per Exce Total Percep Total Deducc Neto Pagado
..........................................................................................................................................................................................................................................
7505          1.00         0.00         0.00         0.00         0.00         0.00         0.00         0.00         0.00        61.40         0.00        22.09          0.00     1,621.38       120.22     1,741.60        84.49     1,657.11
6600          1.00         0.00         0.00         0.00         0.00         0.00         0.00         0.00         0.00        62.73         0.00        23.11          0.00     1,633.63       142.47     1,776.10        86.84     1,689.26
7515          1.00        48.00         0.00         0.00         0.00         0.00       312.39         0.00         0.00         0.00         0.00        16.03         42.15       717.37       102.43       819.80       377.42       442.38
5933          1.00         0.00         0.00         0.00         0.00         0.00         0.00         0.00         0.00         0.00         0.00        23.75         38.26       871.38       158.48     1,029.86        24.75     1,005.11
7170          1.00         0.00         0.00         0.00         0.00         0.00         0.00         0.00         0.00        61.40         0.00        26.77          0.00     1,621.38       120.22     1,741.60        89.17     1,652.43
5618          1.00         0.00         0.00         0.00         0.00         0.00         0.00         0.00         0.00        60.31         0.00        20.56          0.00     1,611.38       120.22     1,731.60        81.87     1,649.73
3890          1.00         0.00         0.00         0.00         0.00         0.00         0.00         0.00         0.00       180.32         0.00        52.13          0.00     2,116.77       306.84     2,423.61       233.45     2,190.16
3652          1.00         0.00         0.00         0.00         0.00       383.82         0.00         0.00         0.00       155.22         0.00        48.31          0.00     1,947.09       279.37     2,226.46       588.35     1,638.11
2530          1.00         0.00         0.00         0.00         0.00       168.73         0.00         0.00         0.00         0.00         0.00        19.82         38.90       861.38       159.12     1,020.50       189.55       830.95
1123          1.00         0.00         0.00         0.00         0.00         0.00         0.00         0.00         0.00        16.87         0.00        33.10          0.00     1,299.07       180.28     1,479.35        50.97     1,428.38
7593          1.00         0.00         0.00         0.00         0.00         0.00         0.00         0.00         0.00        61.40         0.00        20.35          0.00     1,621.38       120.22     1,741.60        82.75     1,658.85
6955          1.00         0.00         0.00         0.00         0.00         0.00         0.00         0.00         0.00         0.00         0.00        18.65         38.26       871.38       158.48     1,029.86        19.65     1,010.21
7607          1.00         0.00         0.00         0.00         0.00         0.00         0.00         0.00         0.00        60.31         0.00        19.21          0.00     1,611.38       120.22     1,731.60        80.52     1,651.08
7644          1.00         0.00         0.00         0.00         0.00         0.00         0.00         0.00         0.00         0.00         0.00        13.32         23.48       682.48       137.22       819.70        14.32       805.38
7640          1.00         0.00         0.00         0.00         0.00         0.00         0.00         0.00         0.00         0.00         0.00        18.65         38.26       871.38       202.98     1,074.36        19.65     1,054.71
7005          1.00         0.00         0.00         0.00         0.00         0.00         0.00         0.00         0.00        61.40         0.00        26.37          0.00     1,621.38       120.22     1,741.60        88.77     1,652.83
7259          1.00         0.00         0.00         0.00         0.00         0.00         0.00         0.00         0.00        61.40         0.00        21.95          0.00     1,621.38       120.22     1,741.60        84.35     1,657.25
7312          1.00         0.00         0.00         0.00         0.00         0.00         0.00         0.00         0.00        61.40         0.00        26.11          0.00     1,621.38       164.72     1,786.10        88.51     1,697.59
7338          1.00         0.00         0.00         0.00         0.00         0.00         0.00         0.00         0.00        61.40         0.00        24.76          0.00     1,621.38       120.22     1,741.60        87.16     1,654.44
7600          1.00         0.00         0.00         0.00         0.00         0.00         0.00         0.00         0.00        60.31         0.00        19.76          0.00     1,611.38       120.22     1,731.60        81.07     1,650.53
7581          0.00         0.00         0.00         0.00         0.00         0.00         0.00         0.00         0.00         0.00         0.00         0.00          0.00         0.00         0.00         0.00         0.00         0.00
5677          1.00         0.00         0.00         0.00         0.00         0.00         0.00         0.00         0.00         0.00         0.00        28.67          7.69     1,137.24       170.44     1,307.68        29.67     1,278.01
6210          1.00         0.00         0.00         0.00         0.00         0.00         0.00         0.00         0.00         0.00         0.00        25.62         31.50       977.01       207.34     1,184.35        26.62     1,157.73
0849          1.00         0.00         0.00         0.00         0.00         0.00         0.00         0.00         0.00         0.00         0.00        27.90         19.62     1,061.11       158.19     1,219.30        28.90     1,190.40
7536          1.00         0.00         0.00         0.00         0.00         0.00         0.00         0.00         0.00        60.31         0.00        22.51          0.00     1,611.38       120.22     1,731.60        83.82     1,647.78
7430          1.00         0.00         0.00         0.00         0.00         0.00         0.00         0.00         0.00       130.10         0.00        42.38          0.00     1,716.19       445.67     2,161.86       173.48     1,988.38
5181          1.00         0.00         0.00         0.00         0.00         0.00         0.00         0.00         0.00        61.40         0.00        23.37          0.00     1,621.38       120.22     1,741.60        85.77     1,655.83
7057          1.00         0.00         0.00         0.00         0.00         0.00         0.00         0.00         0.00        60.31         0.00        27.65          0.00     1,611.38       120.22     1,731.60        88.96     1,642.64
5558          1.00         0.00         0.00         0.00         0.00         0.00         0.00         0.00         0.00        62.73         0.00        27.44          0.00     1,633.63       142.47     1,776.10        91.17     1,684.93
7641          0.00         0.00         0.00         0.00         0.00         0.00       373.80         0.00         0.00         0.00         0.00        12.76         43.48       742.43        43.48       785.91       386.56       399.35
4746          1.00         0.00         0.00         0.00         0.00       337.44         0.00         0.00         0.00        15.21         0.00        31.81          0.00     1,283.83       227.31     1,511.14       385.46     1,125.68
7643          1.00         0.00         0.00         0.00         0.00         0.00         0.00         0.00         0.00         0.00         0.00        13.32         29.89       582.35       154.76       737.11        14.32       722.79
7573          1.00         0.00         0.00         0.00         0.00         0.00         0.00         0.00         0.00       229.41         0.00        20.37          0.00     2,411.38       120.22     2,531.60       250.78     2,280.82
7407          1.00         0.00         0.00         0.00         0.00         0.00         0.00         0.00         0.00        62.61         0.00        24.23          0.00     1,632.51       131.34     1,763.85        87.84     1,676.01
1424          1.00         0.00         0.00         0.00         0.00       457.22         0.00         0.00         0.00       765.10         0.00        76.91          0.00     4,976.31     1,041.94     6,018.25     1,300.23     4,718.02
5280          1.00         0.00         0.00       316.08         0.00       439.54         0.00         0.00         0.00       152.32         0.00        48.76          0.00     1,920.48       289.67     2,210.15       957.70     1,252.45
6461          1.00         0.00         0.00         0.00         0.00         0.00         0.00         0.00         0.00         0.00         0.00        28.62          8.63     1,127.19       164.16     1,291.35        29.62     1,261.73
6765          1.00         0.00         0.00         0.00         0.00         0.00       175.60         0.00         0.00         0.00         0.00        27.38          8.32     1,285.97       152.54     1,438.51       203.98     1,234.53
7012          1.00        48.00         0.00         0.00         0.00         0.00         0.00         0.00         0.00        61.40         0.00        24.87          0.00     1,621.38       120.22     1,741.60       135.27     1,606.33
7639          1.00         0.00         0.00         0.00         0.00         0.00       208.26         0.00         0.00         0.00         0.00        14.72         46.46       748.83       126.83       875.66       223.98       651.68
5000          1.00         0.00         0.00         0.00         0.00         0.00         0.00         0.00         0.00         0.07         0.00        26.34          0.00     1,208.67       228.18     1,436.85        27.41     1,409.44
7586          1.00         0.00         0.00         0.00         0.00         0.00         0.00         0.00         0.00        73.30         0.00        20.82          0.00     1,654.76       153.59     1,808.35        95.12     1,713.23
5644          1.00         0.00        10.00         0.00         0.00       331.25         0.00         0.00         0.00         0.00         0.00        26.75          8.63     1,127.19       164.16     1,291.35       369.00       922.35

















































EJECUTIVOS EN SERVICIOS DE ALIMENTOS, S.A. DE C.V.                                                                      Pagina: 0002
R.F.C.:                                                                                                                    5/NOV/19
REPORTE DE SUELDOS SEMANALES DEDUCCIONES


 
Codigo Desc Vales   Desc Zapatos Otras Deducc Desc Fonacot Pension Alim Desc Infonav Faltas       Inca Enferme Inca Riesgo  ISPT         Ajus ISPT    IMSS          Sub P/Empleo Tot Per Grav Tot Per Exce Total Percep Total Deducc Neto Pagado
..........................................................................................................................................................................................................................................
7519          1.00         0.00         0.00         0.00         0.00         0.00         0.00         0.00         0.00        61.40         0.00        26.25          0.00     1,621.38       120.22     1,741.60        88.65     1,652.95
7292          1.00         0.00         0.00         0.00         0.00         0.00         0.00         0.00         0.00         0.00         0.00        19.84         38.90       861.38       159.12     1,020.50        20.84       999.66
6690          1.00         0.00         0.00         0.00         0.00         0.00         0.00         0.00         0.00        62.73         0.00        26.66          0.00     1,633.63       142.47     1,776.10        90.39     1,685.71
0090          1.00         0.00         0.00         0.00         0.00       488.15         0.00         0.00         0.00        30.84         0.00        34.16          0.00     1,427.46       271.90     1,699.36       554.15     1,145.21
7168          1.00         0.00         0.00         0.00         0.00         0.00         0.00         0.00         0.00        61.40         0.00        24.16          0.00     1,621.38       164.72     1,786.10        86.56     1,699.54
6958          1.00         0.00         0.00         0.00         0.00         0.00         0.00         0.00         0.00        44.70         0.00        18.65          0.00     1,467.94       198.09     1,666.03        64.35     1,601.68
7636          1.00         0.00         0.00         0.00         0.00         0.00       104.13         0.00         0.00         0.00         0.00        16.69         48.27       780.28       148.74       929.02       121.82       807.20
4314          1.00         0.00         0.00         0.00         0.00         0.00         0.00         0.00         0.00       131.50         0.00        45.80          0.00     1,729.11       246.04     1,975.15       178.30     1,796.85
7485          1.00         0.00         0.00         0.00         0.00         0.00         0.00         0.00         0.00        76.93         0.00        26.57          0.00     1,688.13       186.97     1,875.10       104.50     1,770.60
7632          1.00         0.00         0.00         0.00         0.00         0.00         0.00         0.00         0.00         0.00         0.00        18.65         36.83       893.63       179.30     1,072.93        19.65     1,053.28
4287          1.00         0.00       200.00         0.00         0.00         0.00         0.00         0.00         0.00        15.49         0.00        28.33          0.00     1,286.40       155.32     1,441.72       244.82     1,196.90
6427          1.00         0.00         0.00         0.00         0.00         0.00         0.00         0.00         0.00         0.00         0.00        21.69         34.24       934.17       164.50     1,098.67        22.69     1,075.98
6504          1.00         0.00         0.00         0.00         0.00         0.00         0.00         0.00         0.00         0.00         0.00        20.12         38.26       871.38       158.48     1,029.86        21.12     1,008.74
5745          1.00         0.00         0.00         0.00         0.00         0.00         0.00         0.00         0.00         0.00         0.00        22.85         38.26       871.38       158.48     1,029.86        23.85     1,006.01
7617          1.00         0.00         0.00         0.00         0.00         0.00         0.00         0.00         0.00        61.40         0.00        18.65          0.00     1,621.38       120.22     1,741.60        81.05     1,660.55
7604          1.00         0.00         0.00         0.00         0.00         0.00       208.26         0.00         0.00         0.00         0.00        15.71         45.44       771.08       148.06       919.14       224.97       694.17
6849          1.00         0.00         0.00         0.00         0.00         0.00         0.00         0.00         0.00         0.00         0.00        31.72         38.26       871.38       319.49     1,190.87        32.72     1,158.15
7061          1.00         0.00         0.00         0.00         0.00         0.00         0.00         0.00         0.00        61.40         0.00        28.40          0.00     1,621.38       120.22     1,741.60        90.80     1,650.80
0881          1.00         0.00         0.00         0.00         0.00         0.00         0.00         0.00         0.00         0.00         0.00        28.62         38.90       861.38       159.12     1,020.50        29.62       990.88
7634          1.00         0.00         0.00         0.00         0.00         0.00         0.00         0.00         0.00        61.77         0.00        32.69          0.00     1,624.83       364.35     1,989.18        95.46     1,893.72
7627          1.00         0.00         0.00         0.00         0.00         0.00         0.00         0.00         0.00        61.40         0.00        18.65          0.00     1,621.38       120.22     1,741.60        81.05     1,660.55
7633          1.00         0.00         0.00         0.00         0.00         0.00       124.60         0.00         0.00         0.00         0.00        16.69         48.36       799.08       177.90       976.98       142.29       834.69
7428          1.00        48.00         0.00         0.00         0.00         0.00         0.00         0.00         0.00        61.40         0.00        23.28          0.00     1,621.38       120.22     1,741.60       133.68     1,607.92
2897          1.00         0.00         0.00         0.00         0.00         0.00         0.00         0.00         0.00         0.00         0.00        22.87         38.90       861.38       159.12     1,020.50        23.87       996.63
7558          1.00         0.00         0.00         0.00         0.00         0.00         0.00         0.00         0.00        60.31         0.00        25.17          0.00     1,611.38       120.22     1,731.60        86.48     1,645.12
6360          1.00         0.00         0.00         0.00         0.00         0.00       124.60         0.00         0.00         0.00         0.00        18.39         50.19       765.70       146.36       912.06       143.99       768.07
7646          1.00         0.00         0.00         0.00         0.00         0.00         0.00         0.00         0.00         0.00         0.00        10.66         33.40       367.24        98.16       465.40        11.66       453.74
7614          1.00         0.00         0.00         0.00         0.00         0.00         0.00         0.00         0.00        60.31         0.00        18.65          0.00     1,611.38       120.22     1,731.60        79.96     1,651.64
3318          1.00         0.00         0.00         0.00         0.00       500.52         0.00         0.00         0.00       192.99         0.00        55.26          0.00     2,195.95       301.36     2,497.31       749.77     1,747.54
5139          1.00         0.00         0.00         0.00         0.00       759.20         0.00         0.00         0.00       297.70         0.00        68.45          0.00     2,788.09       293.88     3,081.97     1,126.35     1,955.62
6083          1.00         0.00         0.00         0.00         0.00         0.00         0.00         0.00         0.00        76.50         0.00        26.40          0.00     1,684.17       174.76     1,858.93       103.90     1,755.03
7616          1.00         0.00         0.00         0.00         0.00         0.00         0.00         0.00         0.00        72.09         0.00        18.65          0.00     1,643.63       186.97     1,830.60        91.74     1,738.86
6766          1.00         0.00         0.00         0.00         0.00         0.00         0.00         0.00         0.00       251.54         0.00        28.74          0.00     2,534.87       286.48     2,821.35       281.28     2,540.07
4137          1.00         0.00         0.00         0.00         0.00         0.00         0.00         0.00         0.00       380.32         0.00        96.81          0.00     3,174.90       442.57     3,617.47       478.13     3,139.34
7542          1.00         0.00         0.00         0.00         0.00         0.00         0.00         0.00         0.00        61.40         0.00        23.28          0.00     1,621.38       120.22     1,741.60        85.68     1,655.92
3780          1.00         0.00         0.00         0.00         0.00         0.00         0.00         0.00         0.00        30.84         0.00        34.94          0.00     1,427.46       271.90     1,699.36        66.78     1,632.58
6205          1.00         0.00         0.00         0.00         0.00         0.00         0.00         0.00         0.00        61.40         0.00        25.30          0.00     1,621.38       164.72     1,786.10        87.70     1,698.40
5027          1.00         0.00         0.00         0.00         0.00         0.00         0.00         0.00         0.00        50.93         0.00        29.51          0.00     1,525.17       130.26     1,655.43        81.44     1,573.99
7245          1.00         0.00         0.00         0.00         0.00         0.00         0.00         0.00         0.00         0.00         0.00        20.08         38.26       871.38       158.48     1,029.86        21.08     1,008.78
6839          1.00         0.00         0.00         0.00         0.00         0.00         0.00         0.00         0.00         0.00         0.00        22.77         34.70       927.01       210.54     1,137.55        23.77     1,113.78
5646          1.00         0.00         0.00         0.00         0.00         0.00         0.00         0.00         0.00        61.40         0.00        23.37          0.00     1,621.38       120.22     1,741.60        85.77     1,655.83
6978          1.00         0.00         0.00         0.00         0.00         0.00         0.00         0.00         0.00        61.40         0.00        22.77          0.00     1,621.38       120.22     1,741.60        85.17     1,656.43
6658          1.00         0.00         0.00         0.00         0.00       462.28         0.00         0.00         0.00       147.78         0.00        28.62          0.00     1,878.70       161.39     2,040.09       639.68     1,400.41

















































EJECUTIVOS EN SERVICIOS DE ALIMENTOS, S.A. DE C.V.                                                                      Pagina: 0003
R.F.C.:                                                                                                                    5/NOV/19
REPORTE DE SUELDOS SEMANALES DEDUCCIONES


 
Codigo Desc Vales   Desc Zapatos Otras Deducc Desc Fonacot Pension Alim Desc Infonav Faltas       Inca Enferme Inca Riesgo  ISPT         Ajus ISPT    IMSS          Sub P/Empleo Tot Per Grav Tot Per Exce Total Percep Total Deducc Neto Pagado
..........................................................................................................................................................................................................................................
4458          1.00         0.00         0.00         0.00         0.00         0.00         0.00         0.00         0.00       130.34         0.00        41.61          0.00     1,718.47       297.83     2,016.30       172.95     1,843.35
7619          1.00         0.00         0.00         0.00         0.00         0.00         0.00         0.00         0.00        74.64         0.00        18.65          0.00     1,667.01       175.84     1,842.85        94.29     1,748.56
7647          1.00         0.00         0.00         0.00         0.00         0.00         0.00         0.00         0.00         0.00         0.00        10.66         28.95       436.76        89.23       525.99        11.66       514.33
7574          1.00         0.00         0.00         0.00         0.00         0.00         0.00         0.00         0.00       229.41         0.00        19.84          0.00     2,411.38       120.22     2,531.60       250.25     2,281.35
5679          1.00         0.00         0.00         0.00         0.00         0.00       136.41         0.00         0.00         0.00         0.00        26.96         26.77     1,117.64       168.28     1,285.92       164.37     1,121.55
7583          1.00         0.00         0.00         0.00         0.00         0.00         0.00         0.00         0.00        72.09         0.00        20.78          0.00     1,643.63       142.47     1,786.10        93.87     1,692.23
7601          1.00         0.00         0.00         0.00         0.00         0.00         0.00         0.00         0.00        73.43         0.00        19.71          0.00     1,655.88       164.72     1,820.60        94.14     1,726.46
7530          1.00         0.00         0.00         0.00         0.00         0.00         0.00         0.00         0.00        72.22         0.00        23.37          0.00     1,644.76       153.59     1,798.35        96.59     1,701.76
7635          1.00         0.00         0.00         0.00         0.00         0.00         0.00         0.00         0.00         0.00         0.00        24.13          8.27     1,131.91       213.62     1,345.53        25.13     1,320.40
7239          1.00         0.00         0.00         0.00         0.00         0.00         0.00         0.00         0.00         0.00         0.00        19.85         38.90       861.38       159.12     1,020.50        20.85       999.65
6028          1.00         0.00         0.00         0.00         0.00       399.30         0.00         0.00         0.00        10.87         0.00        28.79          0.00     1,243.95       262.29     1,506.24       439.96     1,066.28
6565          1.00         0.00         0.00         0.00         0.00         0.00         0.00         0.00         0.00         0.00         0.00        23.95          0.30     1,205.13       187.27     1,392.40        24.95     1,367.45
3218          1.00         0.00         0.00         0.00         0.00         0.00         0.00         0.00         0.00        76.50         0.00        23.09          0.00     1,684.17       174.76     1,858.93       100.59     1,758.34
3676          1.00         0.00         0.00         0.00         0.00         0.00         0.00         0.00         0.00        45.71         0.00        32.47          0.00     1,477.21       321.38     1,798.59        79.18     1,719.41
0445          1.00         0.00         0.00         0.00         0.00         0.00         0.00         0.00         0.00         0.00         0.00        26.13          8.71     1,125.87       164.04     1,289.91        27.13     1,262.78
7269          1.00         0.00         0.00         0.00         0.00         0.00         0.00         0.00         0.00         0.00         0.00        22.77         38.26       871.38       158.48     1,029.86        23.77     1,006.09
2522          1.00         0.00         0.00         0.00         0.00         0.00         0.00         0.00         0.00        61.40         0.00        24.43          0.00     1,621.38       120.22     1,741.60        86.83     1,654.77
7555          1.00         0.00         0.00         0.00         0.00         0.00         0.00         0.00         0.00        62.73         0.00        23.59          0.00     1,633.63       142.47     1,776.10        87.32     1,688.78
5506          1.00         0.00         0.00         0.00         0.00       192.68       163.22         0.00         0.00         0.00         0.00        22.74         31.00     1,067.27       242.69     1,309.96       379.64       930.32
0236          1.00         0.00         0.00         0.00         0.00       523.01         0.00         0.00         0.00       162.80         0.00        53.12          0.00     2,007.27       301.96     2,309.23       739.93     1,569.30
7080          1.00         0.00         0.00         0.00         0.00         0.00         0.00         0.00         0.00        17.59         0.00        33.97          0.00     1,305.66       189.70     1,495.36        52.56     1,442.80
5965          1.00         0.00         0.00         0.00         0.00         0.00         0.00         0.00         0.00         0.00         0.00        26.68          7.84     1,135.80       163.16     1,298.96        27.68     1,271.28
7457          0.00         0.00         0.00         0.00         0.00         0.00         0.00         0.00         0.00         0.00         0.00         0.00          0.00         0.00         0.00         0.00         0.00         0.00
5447          1.00         0.00        10.00         0.00         0.00         0.00         0.00         0.00         0.00        62.73         0.00        22.11          0.00     1,633.63       142.47     1,776.10        95.84     1,680.26
6685          1.00         0.00         0.00         0.00         0.00         0.00         0.00         0.00         0.00        61.40         0.00        25.21          0.00     1,621.38       120.22     1,741.60        87.61     1,653.99
5549          1.00         0.00         0.00         0.00         0.00         0.00         0.00         0.00         0.00        61.40         0.00        23.90          0.00     1,621.38       164.72     1,786.10        86.30     1,699.80
6349          1.00         0.00         0.00         0.00         0.00         0.00         0.00         0.00         0.00         0.00         0.00        20.12         38.26       871.38       158.48     1,029.86        21.12     1,008.74
7484          1.00         0.00         0.00         0.00         0.00         0.00         0.00         0.00         0.00        61.40         0.00        24.24          0.00     1,621.38       120.22     1,741.60        86.64     1,654.96
7592          1.00         0.00         0.00         0.00         0.00         0.00         0.00         0.00         0.00         0.00         0.00        25.27         38.90       861.38       159.12     1,020.50        26.27       994.23
0854          1.00         0.00         0.00         0.00         0.00       326.19         0.00         0.00         0.00        46.84         0.00        36.65          0.00     1,487.60       220.41     1,708.01       410.68     1,297.33
7295          1.00         0.00         0.00         0.00         0.00         0.00         0.00         0.00         0.00        61.40         0.00        24.84          0.00     1,621.38       120.22     1,741.60        87.24     1,654.36
6832          1.00         0.00         0.00         0.00         0.00         0.00         0.00         0.00         0.00        61.40         0.00        23.17          0.00     1,621.38       164.72     1,786.10        85.57     1,700.53
4807          1.00         0.00         0.00         0.00         0.00         0.00         0.00         0.00         0.00       592.24         0.00       102.64          0.00     4,167.05       547.28     4,714.33       695.88     4,018.45
7610          1.00         0.00         0.00         0.00         0.00         0.00       312.39         0.00         0.00         0.00         0.00        12.76         34.60       923.16       108.15     1,031.31       326.15       705.16
6821          1.00         0.00         0.00         0.00         0.00         0.00         0.00         0.00         0.00         0.00         0.00        25.35          1.01     1,198.67       229.19     1,427.86        26.35     1,401.51
3169          1.00         0.00         0.00         0.00         0.00         0.00         0.00         0.00         0.00         0.00         0.00        20.17         38.26       871.38       158.48     1,029.86        21.17     1,008.69
6944          1.00         0.00         0.00         0.00         0.00         0.00         0.00         0.00         0.00         0.00         0.00        26.31          7.84     1,135.80       221.45     1,357.25        27.31     1,329.94
5902          0.00         0.00         0.00         0.00         0.00         0.00         0.00         0.00         0.00         0.00         0.00         0.00          0.00         0.00         0.00         0.00         0.00         0.00
4514          1.00         0.00         0.00         0.00         0.00       312.94         0.00         0.00         0.00        28.10         0.00        29.57          0.00     1,402.31       213.05     1,615.36       371.61     1,243.75
6014          1.00         0.00         0.00         0.00         0.00         0.00         0.00         0.00         0.00         0.07         0.00        25.62          0.00     1,208.67       228.18     1,436.85        26.69     1,410.16
7551          1.00         0.00         0.00         0.00         0.00         0.00         0.00         0.00         0.00       231.20         0.00        21.92          0.00     2,421.38       120.22     2,541.60       254.12     2,287.48
7645          1.00         0.00         0.00         0.00         0.00         0.00         0.00         0.00         0.00         0.00         0.00        18.65         38.26       871.38       202.98     1,074.36        19.65     1,054.71
6985          1.00         0.00         0.00         0.00         0.00         0.00         0.00         0.00         0.00       221.20         0.00        59.75          0.00     2,365.56       507.78     2,873.34       281.95     2,591.39

















































EJECUTIVOS EN SERVICIOS DE ALIMENTOS, S.A. DE C.V.                                                                      Pagina: 0004
R.F.C.:                                                                                                                    5/NOV/19
REPORTE DE SUELDOS SEMANALES DEDUCCIONES


 
Codigo Desc Vales   Desc Zapatos Otras Deducc Desc Fonacot Pension Alim Desc Infonav Faltas       Inca Enferme Inca Riesgo  ISPT         Ajus ISPT    IMSS          Sub P/Empleo Tot Per Grav Tot Per Exce Total Percep Total Deducc Neto Pagado
..........................................................................................................................................................................................................................................
3827          1.00         0.00         0.00         0.00         0.00         0.00         0.00         0.00         0.00       130.24         0.00        26.42          0.00     1,717.55       163.63     1,881.18       157.66     1,723.52
5412          1.00         0.00         0.00         0.00         0.00         0.00         0.00         0.00         0.00         0.00         0.00        18.72         38.90       861.38       159.12     1,020.50        19.72     1,000.78
4504          1.00         0.00         0.00         0.00         0.00         0.00         0.00         0.00         0.00       227.15         0.00        58.40          0.00     2,398.76       517.25     2,916.01       286.55     2,629.46
7395          1.00         0.00         0.00         0.00         0.00         0.00         0.00         0.00         0.00        61.40         0.00        24.56          0.00     1,621.38       164.72     1,786.10        86.96     1,699.14
0214          1.00         0.00         0.00         0.00         0.00         0.00         0.00         0.00         0.00       515.16         0.00       105.44          0.00     3,806.20       563.64     4,369.84       621.60     3,748.24
7376          1.00        48.00         0.00         0.00         0.00         0.00         0.00         0.00         0.00        61.40         0.00        26.66          0.00     1,621.38       120.22     1,741.60       137.06     1,604.54
7212          1.00         0.00         0.00         0.00         0.00       306.59       104.13         0.00         0.00         0.00         0.00        23.21         48.27       780.28       148.74       929.02       434.93       494.09
6321          1.00         0.00         0.00         0.00         0.00         0.00         0.00         0.00         0.00         0.00         0.00        24.40         34.24       934.17       164.50     1,098.67        25.40     1,073.27
5232          1.00         0.00         0.00         0.00         0.00         0.00         0.00         0.00         0.00       136.95         0.00        27.60          0.00     1,779.20       125.26     1,904.46       165.55     1,738.91
4958          1.00         0.00         0.00         0.00         0.00         0.00         0.00         0.00         0.00        61.40         0.00        24.86          0.00     1,621.38       120.22     1,741.60        87.26     1,654.34
7620          1.00         0.00         0.00         0.00         0.00         0.00       104.13         0.00         0.00        30.70         0.00        16.69          0.00     1,530.28       100.47     1,630.75       152.52     1,478.23
3979          1.00         0.00         0.00         0.00         0.00         0.00         0.00         0.00         0.00       425.23         0.00        93.22          0.00     3,385.17       499.26     3,884.43       519.45     3,364.98
0442          1.00         0.00         0.00         0.00         0.00         0.00         0.00         0.00         0.00        41.50         0.00        34.50          0.00     1,438.45       248.43     1,686.88        77.00     1,609.88
7630          1.00         0.00         0.00         0.00         0.00         0.00       249.20         0.00         0.00         0.00         0.00        14.72         49.19       730.02       121.32       851.34       264.92       586.42
7330          0.00         0.00         0.00         0.00         0.00         0.00         0.00         0.00         0.00         0.00         0.00         0.00          0.00         0.00         0.00         0.00         0.00         0.00
7243          1.00         0.00         0.00         0.00         0.00         0.00         0.00         0.00         0.00        62.73         0.00        24.41          0.00     1,633.63       142.47     1,776.10        88.14     1,687.96
7397          1.00         0.00         0.00         0.00         0.00         0.00         0.00         0.00         0.00        61.40         0.00        22.99          0.00     1,621.38       164.72     1,786.10        85.39     1,700.71
7421          1.00         0.00         0.00         0.00         0.00         0.00         0.00         0.00         0.00        61.40         0.00        25.16          0.00     1,621.38       120.22     1,741.60        87.56     1,654.04
7595          1.00         0.00         0.00         0.00         0.00         0.00         0.00         0.00         0.00        61.40         0.00        20.06          0.00     1,621.38       120.22     1,741.60        82.46     1,659.14
7298          1.00         0.00         0.00         0.00         0.00         0.00         0.00         0.00         0.00        46.90         0.00        34.03          0.00     1,488.16       210.72     1,698.88        81.93     1,616.95
5396          1.00         0.00         0.00         0.00         0.00         0.00         0.00         0.00         0.00        61.40         0.00        22.72          0.00     1,621.38       120.22     1,741.60        85.12     1,656.48
5704          1.00         0.00         0.00         0.00         0.00         0.00         0.00         0.00         0.00        23.57         0.00        34.39          0.00     1,360.67       252.41     1,613.08        58.96     1,554.12
7503          1.00         0.00         0.00         0.00         0.00         0.00         0.00         0.00         0.00         0.00         0.00        21.82         38.26       871.38       158.48     1,029.86        22.82     1,007.04
7190          1.00         0.00         0.00         0.00         0.00         0.00         0.00         0.00         0.00         0.00         0.00        20.72         38.26       871.38       158.48     1,029.86        21.72     1,008.14
7642          1.00         0.00         0.00         0.00         0.00         0.00         0.00         0.00         0.00         0.00         0.00        13.32         29.89       582.35       110.26       692.61        14.32       678.29
7588          1.00         0.00         0.00         0.00         0.00         0.00         0.00         0.00         0.00        61.40         0.00        20.96          0.00     1,621.38       120.22     1,741.60        83.36     1,658.24
5588          1.00         0.00         0.00         0.00         0.00         0.00         0.00         0.00         0.00        73.30         0.00        23.37          0.00     1,654.76       153.59     1,808.35        97.67     1,710.68
6203          1.00         0.00         0.00         0.00         0.00         0.00         0.00         0.00         0.00        75.72         0.00        23.32          0.00     1,677.01       220.34     1,897.35       100.04     1,797.31
6582          1.00         0.00         0.00         0.00         0.00         0.00         0.00         0.00         0.00        60.31         0.00        20.06          0.00     1,611.38       120.22     1,731.60        81.37     1,650.23
7226          1.00         0.00         0.00         0.00         0.00         0.00         0.00         0.00         0.00        61.40         0.00        26.27          0.00     1,621.38       120.22     1,741.60        88.67     1,652.93
7613          1.00         0.00         0.00         0.00         0.00         0.00         0.00         0.00         0.00        60.31         0.00        18.65          0.00     1,611.38       120.22     1,731.60        79.96     1,651.64
3326          1.00         0.00         0.00         0.00         0.00         0.00         0.00         0.00         0.00        30.84         0.00        35.32          0.00     1,427.46       209.19     1,636.65        67.16     1,569.49
3960          1.00         0.00         0.00         0.00         0.00       283.45         0.00         0.00         0.00        22.69         0.00        30.83          0.00     1,352.59       346.80     1,699.39       337.97     1,361.42
2233          0.00         0.00         0.00         0.00         0.00         0.00         0.00         0.00         0.00         0.00         0.00         0.00          0.00         0.00         0.00         0.00         0.00         0.00
7584          1.00         0.00         0.00         0.00         0.00         0.00         0.00         0.00         0.00        60.31         0.00        19.83          0.00     1,611.38       120.22     1,731.60        81.14     1,650.46
0449          1.00         0.00       300.00         0.00         0.00       389.82         0.00         0.00         0.00        16.61         0.00        37.29          0.00     1,296.66       172.40     1,469.06       744.72       724.34
6934          1.00         0.00         0.00         0.00         0.00         0.00         0.00         0.00         0.00       342.84         0.00        84.39          0.00     2,999.45       460.71     3,460.16       428.23     3,031.93
7137          1.00         0.00         0.00         0.00         0.00         0.00         0.00         0.00         0.00        49.60         0.00        34.75          0.00     1,512.90       195.11     1,708.01        85.35     1,622.66
6682          1.00         0.00         0.00         0.00         0.00         0.00       124.60         0.00         0.00         0.00         0.00        17.70         50.19       765.70       146.36       912.06       143.30       768.76
1269          1.00         0.00         0.00         0.00         0.00         0.00         0.00         0.00         0.00        61.40         0.00        20.36          0.00     1,621.38       164.72     1,786.10        82.76     1,703.34
6006          1.00         0.00         0.00         0.00         0.00         0.00         0.00         0.00         0.00        61.40         0.00        24.83          0.00     1,621.38       120.22     1,741.60        87.23     1,654.37
6918          1.00         0.00         0.00         0.00         0.00         0.00         0.00         0.00         0.00        61.40         0.00        18.65          0.00     1,621.38       120.22     1,741.60        81.05     1,660.55
1419          1.00         0.00         0.00         0.00         0.00       268.68         0.00         0.00         0.00        22.71         0.00        31.82          0.00     1,352.70       236.73     1,589.43       324.21     1,265.22

















































EJECUTIVOS EN SERVICIOS DE ALIMENTOS, S.A. DE C.V.                                                                      Pagina: 0005
R.F.C.:                                                                                                                    5/NOV/19
REPORTE DE SUELDOS SEMANALES DEDUCCIONES


 
Codigo Desc Vales   Desc Zapatos Otras Deducc Desc Fonacot Pension Alim Desc Infonav Faltas       Inca Enferme Inca Riesgo  ISPT         Ajus ISPT    IMSS          Sub P/Empleo Tot Per Grav Tot Per Exce Total Percep Total Deducc Neto Pagado
..........................................................................................................................................................................................................................................
7605          1.00         0.00         0.00         0.00         0.00         0.00         0.00         0.00         0.00         0.00         0.00        19.90         81.05       291.17       121.23       412.40        20.90       391.50
7545          1.00         0.00         0.00         0.00         0.00         0.00         0.00         0.00         0.00        26.12         0.00        35.84          0.00     1,384.05       268.09     1,652.14        62.96     1,589.18
5905          1.00         0.00         0.00         0.00         0.00         0.00         0.00         0.00         0.00        76.26         0.00        37.30          0.00     1,681.95       330.80     2,012.75       114.56     1,898.19
7638          1.00         0.00         0.00         0.00         0.00         0.00         0.00         0.00         0.00         0.00         0.00        18.65         38.90       861.38       159.12     1,020.50        19.65     1,000.85
7462          1.00         0.00         0.00         0.00         0.00         0.00         0.00         0.00         0.00        75.72         0.00        24.99          0.00     1,677.01       175.84     1,852.85       101.71     1,751.14
3525          1.00         0.00         0.00         0.00         0.00         0.00         0.00         0.00         0.00         0.00         0.00        29.59         34.12       936.13       189.44     1,125.57        30.59     1,094.98
7626          1.00         0.00         0.00         0.00         0.00       219.33         0.00         0.00         0.00         0.00         0.00        18.65         38.26       871.38       202.98     1,074.36       238.98       835.38
2451          1.00         0.00         0.00         0.00         0.00         0.00         0.00         0.00         0.00        61.40         0.00        23.76          0.00     1,621.38       164.72     1,786.10        86.16     1,699.94
6885          0.00         0.00         0.00         0.00         0.00         0.00         0.00         0.00         0.00         0.00         0.00         0.00          0.00         0.00         0.00         0.00         0.00         0.00
4775          1.00         0.00         0.00         0.00         0.00         0.00         0.00         0.00         0.00         0.00         0.00        26.18         38.26       871.38       158.48     1,029.86        27.18     1,002.68
7528          1.00         0.00         0.00         0.00         0.00         0.00         0.00         0.00         0.00        61.40         0.00        25.94          0.00     1,621.38       164.72     1,786.10        88.34     1,697.76
5671          1.00         0.00         0.00         0.00         0.00         0.00       204.03         0.00         0.00        51.29         0.00        42.41          0.00     1,732.47       237.10     1,969.57       298.73     1,670.84
4832          1.00         0.00         0.00         0.00         0.00         0.00         0.00         0.00         0.00        61.40         0.00        24.83          0.00     1,621.38       120.22     1,741.60        87.23     1,654.37
7637          1.00         0.00         0.00         0.00         0.00         0.00         0.00         0.00         0.00         0.00         0.00        18.65         38.90       861.38       159.12     1,020.50        19.65     1,000.85
6567          1.00         0.00         0.00         0.00         0.00         0.00         0.00         0.00         0.00         0.00         0.00        26.88         38.26       871.38       158.48     1,029.86        27.88     1,001.98
3321          1.00         0.00         0.00         0.00         0.00         0.00         0.00         0.00         0.00       168.03         0.00        50.70          0.00     2,039.91       280.43     2,320.34       219.73     2,100.61
2112          1.00         0.00         0.00         0.00         0.00         0.00         0.00         0.00         0.00        61.40         0.00        22.87          0.00     1,621.38       120.22     1,741.60        85.27     1,656.33
0624          1.00         0.00         0.00         0.00         0.00         0.00         0.00         0.00         0.00       152.40         0.00        62.81          0.00     1,921.18       289.78     2,210.96       216.21     1,994.75
6877          1.00         0.00       250.00       141.34         0.00         0.00         0.00         0.00         0.00         0.00         0.00        30.29          9.99     1,105.86       130.21     1,236.07       422.63       813.44
4385          1.00         0.00         0.00         0.00         0.00         0.00         0.00         0.00         0.00         0.00         0.00        37.24          3.22     1,178.33       172.55     1,350.88        38.24     1,312.64
7378          1.00         0.00         0.00         0.00         0.00         0.00         0.00         0.00         0.00         0.00         0.00        22.59         38.90       861.38       159.12     1,020.50        23.59       996.91
0366          1.00         0.00         0.00         0.00         0.00         0.00         0.00         0.00         0.00       346.89         0.00        81.08          0.00     3,018.38       444.70     3,463.08       428.97     3,034.11
6206          1.00         0.00         0.00         0.00         0.00         0.00         0.00         0.00         0.00         0.00         0.00        26.80          7.84     1,135.80       163.16     1,298.96        27.80     1,271.16
7618          1.00         0.00         0.00         0.00         0.00         0.00         0.00         0.00         0.00        60.31         0.00        18.65          0.00     1,611.38       120.22     1,731.60        79.96     1,651.64
 
*** GLO     189.00       192.00       770.00       457.42         0.00     7,550.14     3,029.75         0.00         0.00    12,393.31         0.00     5,413.08      2,105.73   279,293.35                315,296.97    29,994.70   285,302.27
  

































































