EJECUTIVOS EN SERVICIOS DE ALIMENTOS, S.A. DE C.V.                                                                      Pagina: 0001
R.F.C.:                                                                                                                    2/NOV/19
REPORTE DE SUELDOS SEMANALES DEDUCCIONES


 
Codigo Desc Vales   Desc Zapatos Otras Deducc Desc Fonacot Pension Alim Desc Infonav Faltas       Inca Enferme Inca Riesgo  ISPT         Ajus ISPT    IMSS          Sub P/Empleo Tot Per Grav Tot Per Exce Total Percep Total Deducc Neto Pagado
..........................................................................................................................................................................................................................................
6600          1.00         0.00         0.00         0.00         0.00       246.12         0.00         0.00         0.00         0.00         0.00        21.28         30.81       987.84       241.55     1,229.39       268.40       960.99
7685          1.00         0.00         0.00         0.00         0.00         0.00       120.51         0.00         0.00        69.33         0.00        21.61          0.00     2,024.44       176.99     2,201.43       212.45     1,988.98
7331          1.00         0.00         0.00         0.00         0.00         0.00         0.00         0.00         0.00       137.46         0.00        27.18          0.00     2,151.60       229.65     2,381.25       165.64     2,215.61
5933          1.00         0.00         0.00         0.00         0.00         0.00         0.00         0.00         0.00        88.66         0.00        30.52          0.00     1,914.15       127.06     2,041.21       120.18     1,921.03
7170          1.00         0.00         0.00         0.00         0.00         0.00         0.00         0.00         0.00       146.04         0.00        33.56          0.00     2,184.52       204.31     2,388.83       180.60     2,208.23
5201          1.00         0.00         0.00         0.00         0.00       335.50         0.00         0.00         0.00        47.99         0.00        36.05          0.00     1,498.02       220.48     1,718.50       420.54     1,297.96
3890          1.00         0.00         0.00         0.00         0.00         0.00         0.00         0.00         0.00       178.36         0.00        54.49          0.00     2,104.51       319.12     2,423.63       233.85     2,189.78
7834          1.00         0.00         0.00         0.00         0.00         0.00         0.00         0.00         0.00       139.65         0.00        29.63          0.00     2,014.04       143.04     2,157.08       170.28     1,986.80
8050          0.00         0.00         0.00         0.00         0.00         0.00         0.00         0.00         0.00         0.00         0.00         0.00          0.00         0.00         0.00         0.00         0.00         0.00
1123          1.00         0.00         0.00         0.00         0.00         0.00         0.00         0.00         0.00        81.70         0.00        33.71          0.00     1,731.92       291.77     2,023.69       116.41     1,907.28
8049          1.00         0.00         0.00         0.00         0.00         0.00         0.00         0.00         0.00         7.59         0.00        18.65          0.00     1,283.38       223.22     1,506.60        27.24     1,479.36
7959          1.00         0.00         0.00         0.00         0.00         0.00         0.00         0.00         0.00         0.00         0.00        23.38         28.15     1,032.16       148.37     1,180.53        24.38     1,156.15
8016          0.00         0.00         0.00         0.00         0.00         0.00         0.00         0.00         0.00         0.00         0.00         0.00          0.00         0.00         0.00         0.00         0.00         0.00
8066          1.00         0.00         0.00         0.00         0.00         0.00         0.00         0.00         0.00         0.00         0.00        18.65         38.26       871.38       158.48     1,029.86        19.65     1,010.21
7977          1.00         0.00         0.00         0.00         0.00         0.00         0.00         0.00         0.00         0.00         0.00        24.28         19.83     1,057.91       165.80     1,223.71        25.28     1,198.43
8027          1.00         0.00         0.00         0.00         0.00         0.00         0.00         0.00         0.00         0.00         0.00        25.36         28.02     1,042.16       199.74     1,241.90        26.36     1,215.54
7986          1.00         0.00         0.00         0.00         0.00         0.00         0.00         0.00         0.00         0.00         0.00        25.20         27.48     1,042.16       199.20     1,241.36        26.20     1,215.16
7259          1.00         0.00         0.00         0.00         0.00         0.00         0.00         0.00         0.00         0.00         0.00        29.64         36.16       904.15       163.22     1,067.37        30.64     1,036.73
7312          1.00         0.00         0.00         0.00         0.00         0.00         0.00         0.00         0.00         0.00         0.00        25.99         32.41       964.06       218.95     1,183.01        26.99     1,156.02
7338          1.00         0.00         0.00         0.00         0.00         0.00         0.00         0.00         0.00         0.00         0.00        32.20         29.14     1,014.04       172.18     1,186.22        33.20     1,153.02
5677          1.00         0.00         0.00         0.00         0.00         0.00         0.00         0.00         0.00        23.03         0.00        34.52          0.00     1,355.64       197.70     1,553.34        58.55     1,494.79
8023          1.00         0.00         0.00         0.00         0.00         0.00         0.00         0.00         0.00         0.00         0.00        25.48         27.92     1,042.16       199.64     1,241.80        26.48     1,215.32
8042          1.00         0.00         0.00         0.00         0.00         0.00         0.00         0.00         0.00         0.00         0.00        18.65         20.96     1,141.76       257.05     1,398.81        19.65     1,379.16
7943          1.00         0.00         0.00         0.00         0.00         0.00         0.00         0.00         0.00        78.77         0.00        26.51          0.00     1,871.38       120.22     1,991.60       106.28     1,885.32
0849          1.00         0.00         0.00         0.00         0.00         0.00         0.00         0.00         0.00       134.57         0.00        34.18          0.00     2,089.04       143.04     2,232.08       169.75     2,062.33
7536          1.00         0.00         0.00         0.00         0.00         0.00         0.00         0.00         0.00       119.01         0.00        21.15          0.00     1,978.53       219.79     2,198.32       141.16     2,057.16
8065          1.00         0.00         0.00         0.00         0.00         0.00         0.00         0.00         0.00         0.00         0.00        10.66         34.47       350.55        82.55       433.10        11.66       421.44
5181          1.00         0.00         0.00         0.00         0.00         0.00         0.00         0.00         0.00         0.00         0.00        27.93         35.53       914.15       162.59     1,076.74        28.93     1,047.81
5429          1.00         0.00         0.00         0.00         0.00         0.00         0.00         0.00         0.00       310.05         0.00        78.49          0.00     2,861.35       403.61     3,264.96       389.54     2,875.42
7655          1.00         0.00         0.00         0.00         0.00         0.00         0.00         0.00         0.00       124.98         0.00        27.09          0.00     2,045.78       268.68     2,314.46       153.07     2,161.39
5558          1.00         0.00         0.00         0.00         0.00         0.00         0.00         0.00         0.00         0.00         0.00        28.73         29.37     1,010.48       178.84     1,189.32        29.73     1,159.59
7663          1.00         0.00         0.00         0.00         0.00         0.00         0.00         0.00         0.00       110.14         0.00        28.18          0.00     1,964.35       158.84     2,123.19       139.32     1,983.87
7773          1.00         0.00         0.00         0.00         0.00         0.00         0.00         0.00         0.00         0.00         0.00        23.91         32.48       972.04       159.54     1,131.58        24.91     1,106.67
8064          0.00         0.00         0.00         0.00         0.00         0.00       482.04         0.00         0.00         0.00         0.00        10.80         38.31       791.33        38.31       829.64       492.84       336.80
1424          1.00         0.00       300.00         0.00         0.00       466.38         0.00         0.00         0.00       288.32         0.00        76.75          0.00     2,740.06       479.68     3,219.74     1,132.45     2,087.29
5280          1.00         0.00         0.00       362.10         0.00       435.11         0.00         0.00         0.00       152.32         0.00        49.06          0.00     1,920.48       289.67     2,210.15       999.59     1,210.56
8020          1.00         0.00         0.00         0.00         0.00         0.00         0.00         0.00         0.00         0.00         0.00        21.37         31.46       874.26       164.55     1,038.81        22.37     1,016.44
8061          1.00         0.00         0.00         0.00         0.00         0.00         0.00         0.00         0.00         0.00         0.00        18.65         35.09       871.38       155.31     1,026.69        19.65     1,007.04
7994          1.00         0.00         0.00         0.00         0.00         0.00         0.00         0.00         0.00         0.00         0.00        20.05         57.76       871.38       177.98     1,049.36        21.05     1,028.31
6461          1.00         0.00         0.00         0.00         0.00         0.00         0.00         0.00         0.00         5.09         0.00        28.16          0.00     1,190.73       281.31     1,472.04        34.25     1,437.79
6765          1.00         0.00         0.00         0.00         0.00         0.00         0.00         0.00         0.00       219.55         0.00        50.66          0.00     2,356.34       338.80     2,695.14       271.21     2,423.93
8017          1.00         0.00         0.00         0.00         0.00       229.93         0.00         0.00         0.00         0.00         0.00        19.79         38.91       861.38       159.13     1,020.51       250.72       769.79
7909          1.00         0.00         0.00         0.00         0.00         0.00         0.00         0.00         0.00        87.20         0.00        27.12          0.00     1,871.38       120.22     1,991.60       115.32     1,876.28

















































EJECUTIVOS EN SERVICIOS DE ALIMENTOS, S.A. DE C.V.                                                                      Pagina: 0002
R.F.C.:                                                                                                                    2/NOV/19
REPORTE DE SUELDOS SEMANALES DEDUCCIONES


 
Codigo Desc Vales   Desc Zapatos Otras Deducc Desc Fonacot Pension Alim Desc Infonav Faltas       Inca Enferme Inca Riesgo  ISPT         Ajus ISPT    IMSS          Sub P/Empleo Tot Per Grav Tot Per Exce Total Percep Total Deducc Neto Pagado
..........................................................................................................................................................................................................................................
5000          1.00         0.00         0.00         0.00         0.00         0.00         0.00         0.00         0.00       599.93         0.00        30.85          0.00     4,104.36       865.42     4,969.78       631.78     4,338.00
5644          1.00         0.00         0.00         0.00         0.00       337.88         0.00         0.00         0.00        44.63         0.00        29.37          0.00     1,467.23       332.36     1,799.59       412.88     1,386.71
6638          1.00         0.00         0.00         0.00         0.00         0.00         0.00         0.00         0.00         0.00         0.00        26.36         35.52       914.15       162.58     1,076.73        27.36     1,049.37
7800          1.00         0.00         0.00         0.00         0.00         0.00         0.00         0.00         0.00         0.00         0.00        24.57         31.32       979.89       151.54     1,131.43        25.57     1,105.86
6690          1.00         0.00         0.00         0.00         0.00         0.00         0.00         0.00         0.00         0.00         0.00        27.36         35.75       910.59       169.24     1,079.83        28.36     1,051.47
7168          1.00         0.00         0.00         0.00         0.00         0.00       120.51         0.00         0.00        69.90         0.00        20.42          0.00     1,832.13       106.18     1,938.31       211.83     1,726.48
7991          1.00         0.00         0.00         0.00         0.00         0.00         0.00         0.00         0.00        11.80         0.00        31.47          0.00     1,252.47       195.95     1,448.42        44.27     1,404.15
8063          1.00         0.00         0.00         0.00         0.00         0.00         0.00         0.00         0.00         0.00         0.00        18.65         38.90       861.38       159.12     1,020.50        19.65     1,000.85
8058          0.00         0.00         0.00         0.00         0.00         0.00       144.20         0.00         0.00         0.00         0.00        16.69         38.42       920.10        77.04       997.14       160.89       836.25
4314          1.00         0.00         0.00         0.00         0.00         0.00         0.00         0.00         0.00       200.13         0.00        50.71          0.00     2,240.52       393.60     2,634.12       251.84     2,382.28
7848          1.00         0.00         0.00         0.00         0.00         0.00         0.00         0.00         0.00         0.00         0.00        19.84         31.05       880.69       170.58     1,051.27        20.84     1,030.43
7632          1.00         0.00         0.00         0.00         0.00         0.00         0.00         0.00         0.00         1.88         0.00        32.26          0.00     1,358.34       242.93     1,601.27        35.14     1,566.13
7873          1.00         0.00         0.00         0.00         0.00         0.00         0.00         0.00         0.00        80.48         0.00        28.23          0.00     1,897.13       145.97     2,043.10       109.71     1,933.39
8068          1.00         0.00         0.00         0.00         0.00         0.00         0.00         0.00         0.00        19.09         0.00        27.27          0.00       992.65       147.62     1,140.27        47.36     1,092.91
7061          1.00         0.00         0.00         0.00         0.00         0.00         0.00         0.00         0.00        13.06         0.00        28.38          0.00     1,328.08       209.81     1,537.89        42.44     1,495.45
7847          1.00         0.00         0.00         0.00         0.00         0.00       144.20         0.00         0.00         0.00         0.00        26.72         50.87       785.30       147.04       932.34       171.92       760.42
7633          1.00         0.00         0.00         0.00         0.00         0.00         0.00         0.00         0.00        65.01         0.00        29.26          0.00     1,955.65       178.56     2,134.21        95.27     2,038.94
7984          1.00         0.00         0.00         0.00         0.00         0.00         0.00         0.00         0.00        10.10         0.00        29.87          0.00     1,236.79       180.28     1,417.07        40.97     1,376.10
7914          1.00         0.00         0.00         0.00         0.00         0.00         0.00         0.00         0.00         0.00         0.00        21.16         38.26       871.38       158.48     1,029.86        22.16     1,007.70
2897          1.00         0.00         0.00         0.00         0.00         0.00         0.00         0.00         0.00         0.00         0.00        24.10         30.59       991.40       286.40     1,277.80        25.10     1,252.70
5630          1.00         0.00         0.00         0.00         0.00         0.00         0.00         0.00         0.00         0.00         0.00        18.65         34.79       925.76       219.38     1,145.14        19.65     1,125.49
8007          1.00         0.00         0.00         0.00         0.00         0.00         0.00         0.00         0.00         0.00         0.00        29.24          3.22     1,178.33       172.55     1,350.88        30.24     1,320.64
8048          1.00         0.00         0.00         0.00         0.00         0.00         0.00         0.00         0.00       131.21         0.00        39.88          0.00     1,726.43       257.02     1,983.45       172.09     1,811.36
8037          0.00         0.00         0.00         0.00         0.00         0.00         0.00         0.00         0.00         0.00         0.00         0.00          0.00         0.00         0.00         0.00         0.00         0.00
8052          1.00         0.00         0.00         0.00         0.00         0.00         0.00         0.00         0.00        78.87         0.00        37.19          0.00     1,608.00       239.68     1,847.68       117.06     1,730.62
7614          1.00         0.00         0.00         0.00         0.00         0.00         0.00         0.00         0.00        50.24         0.00        32.52          0.00     1,518.80       189.70     1,708.50        83.76     1,624.74
3318          1.00         0.00       500.00         0.00         0.00       510.55         0.00         0.00         0.00       229.38         0.00        66.49          0.00     2,411.18       313.42     2,724.60     1,307.42     1,417.18
7804          1.00         0.00         0.00         0.00         0.00         0.00         0.00         0.00         0.00        55.18         0.00        38.69          0.00     1,564.18       232.66     1,796.84        94.87     1,701.97
6083          1.00         0.00         0.00         0.00         0.00         0.00         0.00         0.00         0.00         0.00         0.00        32.68         41.00       964.06       176.04     1,140.10        33.68     1,106.42
6766          1.00         0.00         0.00         0.00         0.00         0.00         0.00         0.00         0.00        44.48         0.00        29.46          0.00     1,465.80       209.81     1,675.61        74.94     1,600.67
7982          1.00         0.00         0.00         0.00         0.00         0.00         0.00         0.00         0.00        13.51         0.00        29.62          0.00     1,268.15       211.63     1,479.78        44.13     1,435.65
4137          1.00         0.00         0.00         0.00         0.00         0.00         0.00         0.00         0.00       371.81         0.00        91.14          0.00     3,135.04       482.40     3,617.44       463.95     3,153.49
8009          1.00         0.00         0.00         0.00         0.00         0.00         0.00         0.00         0.00         0.00         0.00        23.44         15.27     1,032.16       135.49     1,167.65        24.44     1,143.21
7542          1.00         0.00         0.00         0.00         0.00         0.00         0.00         0.00         0.00       141.83         0.00        32.55          0.00     2,145.90       165.68     2,311.58       175.38     2,136.20
8033          1.00         0.00         0.00         0.00         0.00         0.00         0.00         0.00         0.00         0.00         0.00        26.63         10.50     1,111.38       130.72     1,242.10        27.63     1,214.47
3780          1.00         0.00         0.00         0.00         0.00         0.00         0.00         0.00         0.00       141.74         0.00        40.70          0.00     1,823.20       361.58     2,184.78       183.44     2,001.34
6205          1.00         0.00         0.00         0.00         0.00         0.00         0.00         0.00         0.00         0.00         0.00        26.43         32.49       964.06       167.53     1,131.59        27.43     1,104.16
5027          1.00         0.00         0.00         0.00         0.00         0.00         0.00         0.00         0.00       156.01         0.00        37.80          0.00     2,230.04       143.04     2,373.08       194.81     2,178.27
7993          1.00         0.00         0.00         0.00         0.00         0.00         0.00         0.00         0.00        14.92         0.00        24.28          0.00     1,296.26       236.09     1,532.35        40.20     1,492.15
7818          1.00         0.00         0.00         0.00         0.00         0.00         0.00         0.00         0.00         0.00         0.00        31.89         28.14     1,029.79       196.93     1,226.72        32.89     1,193.83
7221          1.00         0.00         0.00         0.00         0.00         0.00         0.00         0.00         0.00         0.00         0.00        19.79         38.49       867.82       165.14     1,032.96        20.79     1,012.17
7815          1.00         0.00         0.00         0.00         0.00         0.00         0.00         0.00         0.00        84.98         0.00        31.68          0.00     1,887.13       145.97     2,033.10       117.66     1,915.44
8055          1.00         0.00         0.00         0.00         0.00         0.00         0.00         0.00         0.00         0.00         0.00        18.65         38.27       871.38       158.49     1,029.87        19.65     1,010.22

















































EJECUTIVOS EN SERVICIOS DE ALIMENTOS, S.A. DE C.V.                                                                      Pagina: 0003
R.F.C.:                                                                                                                    2/NOV/19
REPORTE DE SUELDOS SEMANALES DEDUCCIONES


 
Codigo Desc Vales   Desc Zapatos Otras Deducc Desc Fonacot Pension Alim Desc Infonav Faltas       Inca Enferme Inca Riesgo  ISPT         Ajus ISPT    IMSS          Sub P/Empleo Tot Per Grav Tot Per Exce Total Percep Total Deducc Neto Pagado
..........................................................................................................................................................................................................................................
6839          1.00         0.00         0.00         0.00         0.00         0.00         0.00         0.00         0.00       101.23         0.00        29.06          0.00     1,991.40       204.31     2,195.71       131.29     2,064.42
5646          1.00         0.00         0.00         0.00         0.00         0.00         0.00         0.00         0.00        87.51         0.00        29.91          0.00     1,914.15       127.06     2,041.21       118.42     1,922.79
8011          1.00         0.00         0.00         0.00         0.00         0.00         0.00         0.00         0.00         0.00         0.00        32.81          1.32     1,246.79       181.60     1,428.39        33.81     1,394.58
7708          1.00         0.00         0.00         0.00         0.00         0.00         0.00         0.00         0.00         0.00         0.00        30.04         27.06       959.21       199.18     1,158.39        31.04     1,127.35
7869          1.00         0.00         0.00         0.00         0.00         0.00         0.00         0.00         0.00         0.00         0.00        25.77         32.33       964.06       167.37     1,131.43        26.77     1,104.66
7973          1.00         0.00         0.00         0.00         0.00       176.72         0.00         0.00         0.00         0.00         0.00        19.82         32.33       861.38       152.55     1,013.93       197.54       816.39
8043          1.00         0.00         0.00         0.00         0.00         0.00         0.00         0.00         0.00         0.00         0.00        18.65          2.26     1,042.16       122.48     1,164.64        19.65     1,144.99
8012          1.00         0.00         0.00         0.00         0.00         0.00         0.00         0.00         0.00         9.93         0.00        24.74          0.00     1,235.29       287.59     1,522.88        35.67     1,487.21
5679          1.00         0.00         0.00         0.00         0.00         0.00         0.00         0.00         0.00        33.27         0.00        38.81          0.00     1,449.71       291.77     1,741.48        73.08     1,668.40
7530          1.00         0.00         0.00         0.00         0.00         0.00         0.00         0.00         0.00       123.59         0.00        31.72          0.00     2,087.96       242.93     2,330.89       156.31     2,174.58
6028          1.00         0.00         0.00         0.00         0.00       290.92         0.00         0.00       279.79         0.00         0.00        24.88         18.56     1,127.79       216.37     1,344.16       596.59       747.57
6565          0.00         0.00         0.00         0.00         0.00         0.00         0.00         0.00         0.00         0.00         0.00         0.00          0.00         0.00         0.00         0.00         0.00         0.00
3676          1.00         0.00         0.00         0.00         0.00         0.00         0.00         0.00         0.00         0.00         0.00        36.55         92.74     1,510.26       431.54     1,941.80        37.55     1,904.25
3221          1.00         0.00         0.00         0.00         0.00         0.00         0.00         0.00         0.00        57.65         0.00        33.29          0.00     1,586.95       311.82     1,898.77        91.94     1,806.83
7779          1.00         0.00         0.00         0.00         0.00         0.00         0.00         0.00         0.00         0.66         0.00        34.57          0.00     1,090.76       155.32     1,246.08        36.23     1,209.85
7942          1.00         0.00         0.00         0.00         0.00         0.00       144.20         0.00         0.00         0.00         0.00        20.83         43.20       921.92       139.37     1,061.29       166.03       895.26
8035          1.00         0.00         0.00         0.00         0.00         0.00         0.00         0.00         0.00         0.00         0.00        22.32         21.47     1,032.16       141.69     1,173.85        23.32     1,150.53
7845          1.00         0.00         0.00         0.00         0.00         0.00         0.00         0.00         0.00       209.45         0.00        38.22          0.00     2,417.04       297.54     2,714.58       248.67     2,465.91
7920          1.00         0.00         0.00         0.00         0.00         0.00       144.20         0.00         0.00         0.00         0.00        18.67         59.31       798.18       168.35       966.53       163.87       802.66
7996          1.00         0.00         0.00         0.00         0.00         0.00         0.00         0.00         0.00         0.00         0.00        19.83         38.91       861.38       159.13     1,020.51        20.83       999.68
2522          1.00         0.00         0.00         0.00         0.00         0.00         0.00         0.00         0.00         0.00         0.00        30.18         28.52     1,023.59       265.01     1,288.60        31.18     1,257.42
7990          0.00         0.00         0.00         0.00         0.00         0.00         0.00         0.00         0.00         0.00         0.00         0.00          0.00         0.00         0.00         0.00         0.00         0.00
7080          1.00         0.00         0.00         0.00         0.00         0.00         0.00         0.00         0.00        33.51         0.00        40.71          0.00     1,364.95       261.90     1,626.85        75.22     1,551.63
5965          1.00         0.00         0.00         0.00         0.00         0.00         0.00         0.00         0.00         0.00         0.00        33.81          2.28     1,188.13       173.18     1,361.31        34.81     1,326.50
5447          1.00         0.00         0.00         0.00         0.00         0.00         0.00         0.00         0.00         0.00         0.00        32.77         29.78     1,004.04       172.82     1,176.86        33.77     1,143.09
7932          1.00         0.00         0.00         0.00         0.00         0.00         0.00         0.00         0.00         0.00         0.00        27.78         38.27       871.38       158.49     1,029.87        28.78     1,001.09
6685          1.00         0.00         0.00         0.00         0.00         0.00         0.00         0.00         0.00       108.89         0.00        36.20          0.00     1,952.78       165.68     2,118.46       146.09     1,972.37
8056          1.00         0.00         0.00         0.00         0.00         0.00         0.00         0.00         0.00        56.47         0.00        27.97          0.00     1,576.04       227.31     1,803.35        85.44     1,717.91
5549          1.00         0.00         0.00         0.00         0.00         0.00         0.00         0.00         0.00       119.30         0.00        34.27          0.00     2,048.53       191.43     2,239.96       154.57     2,085.39
0854          1.00         0.00         0.00         0.00         0.00       332.71         0.00         0.00         0.00       150.66         0.00        41.49          0.00     1,905.15       394.58     2,299.73       525.86     1,773.87
7295          1.00         0.00         0.00         0.00         0.00         0.00         0.00         0.00         0.00       150.96         0.00        32.47          0.00     2,145.90       165.68     2,311.58       184.43     2,127.15
8059          1.00         0.00         0.00         0.00         0.00         0.00         0.00         0.00         0.00         0.00         0.00        18.65         38.26       871.38       158.48     1,029.86        19.65     1,010.21
4807          1.00         0.00         0.00         0.00         0.00         0.00         0.00         0.00         0.00       510.36         0.00       110.77          0.00     3,783.66       586.18     4,369.84       622.13     3,747.71
8018          1.00         0.00         0.00         0.00         0.00         0.00         0.00         0.00         0.00         0.00         0.00        30.86          7.69     1,137.24       231.65     1,368.89        31.86     1,337.03
3169          1.00         0.00         0.00         0.00         0.00         0.00         0.00         0.00         0.00        91.26         0.00        29.07          0.00     1,914.15       127.06     2,041.21       121.33     1,919.88
4514          1.00         0.00         0.00         0.00         0.00       365.24         0.00         0.00         0.00        23.03         0.00        34.54          0.00     1,355.64       197.70     1,553.34       423.81     1,129.53
7814          1.00         0.00         0.00         0.00         0.00         0.00         0.00         0.00         0.00         0.00         0.00        31.42         29.78     1,004.04       172.82     1,176.86        32.42     1,144.44
7754          1.00         0.00         0.00         0.00         0.00         0.00       120.51         0.00         0.00         0.00         0.00        21.18         44.86       796.38       145.33       941.71       142.69       799.02
7717          1.00         0.00         0.00         0.00         0.00         0.00         0.00         0.00         0.00        17.60         0.00        32.05          0.00     1,305.66       316.73     1,622.39        50.65     1,571.74
6014          1.00         0.00         0.00         0.00         0.00         0.00         0.00         0.00         0.00        42.72         0.00        32.26          0.00     1,449.71       291.77     1,741.48        75.98     1,665.50
7775          1.00         0.00         0.00         0.00         0.00         0.00         0.00         0.00         0.00         0.00         0.00        23.55         31.52       874.26       164.61     1,038.87        24.55     1,014.32
3827          1.00         0.00         0.00         0.00         0.00         0.00         0.00         0.00         0.00       117.66         0.00        38.31          0.00     2,067.06       238.04     2,305.10       156.97     2,148.13
7976          0.00         0.00         0.00         0.00         0.00         0.00         0.00         0.00         0.00         0.00         0.00         0.00          0.00         0.00         0.00         0.00         0.00         0.00

















































EJECUTIVOS EN SERVICIOS DE ALIMENTOS, S.A. DE C.V.                                                                      Pagina: 0004
R.F.C.:                                                                                                                    2/NOV/19
REPORTE DE SUELDOS SEMANALES DEDUCCIONES


 
Codigo Desc Vales   Desc Zapatos Otras Deducc Desc Fonacot Pension Alim Desc Infonav Faltas       Inca Enferme Inca Riesgo  ISPT         Ajus ISPT    IMSS          Sub P/Empleo Tot Per Grav Tot Per Exce Total Percep Total Deducc Neto Pagado
..........................................................................................................................................................................................................................................
8054          1.00         0.00         0.00         0.00         0.00         0.00       288.40         0.00         0.00         0.00         0.00        14.72         49.97       769.22       122.10       891.32       304.12       587.20
5412          1.00         0.00         0.00         0.00         0.00         0.00         0.00         0.00         0.00       111.30         0.00        27.20          0.00     1,904.15       127.06     2,031.21       139.50     1,891.71
7995          1.00         0.00         0.00         0.00         0.00         0.00         0.00         0.00         0.00         0.00         0.00        20.37         27.92     1,042.16       148.14     1,190.30        21.37     1,168.93
7395          1.00         0.00         0.00         0.00         0.00         0.00       120.51         0.00         0.00         0.00         0.00        22.36         29.79       973.72       142.65     1,116.37       143.87       972.50
0214          1.00         0.00         0.00         0.00         0.00         0.00         0.00         0.00         0.00       622.01         0.00       110.48          0.00     4,306.40       978.24     5,284.64       733.49     4,551.15
7849          1.00         0.00         0.00         0.00         0.00         0.00       144.20         0.00         0.00        72.19         0.00        21.17          0.00     1,849.68       160.54     2,010.22       238.56     1,771.66
5232          1.00         0.00         0.00         0.00         0.00         0.00         0.00         0.00         0.00        68.45         0.00        51.89          0.00     1,686.16       377.26     2,063.42       121.34     1,942.08
8019          1.00         0.00         0.00         0.00         0.00         0.00         0.00         0.00         0.00         0.00         0.00        23.55         28.17     1,032.16       148.39     1,180.55        24.55     1,156.00
4958          1.00         0.00         0.00         0.00         0.00         0.00         0.00         0.00         0.00       150.96         0.00        32.56          0.00     2,145.90       165.68     2,311.58       184.52     2,127.06
3979          1.00         0.00         0.00         0.00         0.00         0.00         0.00         0.00         0.00       420.97         0.00       106.06          0.00     3,365.20       519.23     3,884.43       528.03     3,356.40
0442          1.00         0.00         0.00         0.00         0.00         0.00         0.00         0.00         0.00       392.76         0.00        40.71          0.00     2,520.58       325.27     2,845.85       434.47     2,411.38
7330          0.00         0.00         0.00         0.00         0.00         0.00         0.00         0.00         0.00         0.00         0.00         0.00          0.00         0.00         0.00         0.00         0.00         0.00
7846          1.00         0.00         0.00         0.00         0.00         0.00         0.00         0.00         0.00       139.65         0.00        33.30          0.00     2,014.04       143.04     2,157.08       173.95     1,983.13
8062          1.00         0.00         0.00         0.00         0.00         0.00       120.51         0.00         0.00         0.00         0.00        16.69         47.09       822.13       173.31       995.44       138.20       857.24
7823          1.00         0.00         0.00         0.00         0.00         0.00         0.00         0.00         0.00        98.55         0.00        30.43          0.00     2,128.88       184.59     2,313.47       129.98     2,183.49
7298          1.00         0.00         0.00         0.00         0.00         0.00         0.00         0.00         0.00        55.28         0.00        35.91          0.00     1,565.12       304.51     1,869.63        92.19     1,777.44
7963          1.00         0.00         0.00         0.00         0.00         0.00         0.00         0.00         0.00        78.76         0.00        23.09          0.00     1,871.38       120.22     1,991.60       102.85     1,888.75
5396          1.00         0.00         0.00         0.00         0.00         0.00         0.00         0.00         0.00        85.82         0.00        31.74          0.00     1,914.15       127.06     2,041.21       118.56     1,922.65
7989          1.00         0.00         0.00         0.00         0.00         0.00         0.00         0.00         0.00         0.00         0.00        19.80         38.91       861.38       159.13     1,020.51        20.80       999.71
7588          1.00         0.00         0.00         0.00         0.00         0.00         0.00         0.00         0.00         0.00         0.00        25.35         23.74     1,107.27       228.05     1,335.32        26.35     1,308.97
7821          1.00         0.00         0.00         0.00         0.00         0.00         0.00         0.00         0.00         0.00         0.00        26.95         29.72     1,014.04       172.76     1,186.80        27.95     1,158.85
6203          1.00         0.00         0.00         0.00         0.00         0.00         0.00         0.00         0.00         9.74         0.00        30.34          0.00     1,300.36       173.66     1,474.02        41.08     1,432.94
6582          0.00         0.00         0.00         0.00         0.00         0.00         0.00         0.00         0.00         0.00         0.00         0.00          0.00         0.00         0.00         0.00         0.00         0.00
8060          1.00         0.00         0.00         0.00         0.00         0.00         0.00         0.00         0.00         0.00         0.00        18.65         41.14       912.88       212.86     1,125.74        19.65     1,106.09
7226          1.00         0.00         0.00         0.00         0.00         0.00         0.00         0.00         0.00         0.00         0.00        26.91         29.14     1,014.04       172.18     1,186.22        27.91     1,158.31
7885          1.00         0.00         0.00         0.00         0.00         0.00         0.00         0.00         0.00        79.41         0.00        28.37          0.00     1,871.38       120.22     1,991.60       108.78     1,882.82
3326          1.00         0.00         0.00         0.00         0.00       352.72         0.00         0.00         0.00       445.93         0.00        38.70          0.00     3,009.27       562.80     3,572.07       838.35     2,733.72
0449          1.00         0.00         0.00         0.00         0.00       447.60         0.00         0.00         0.00       161.43         0.00        39.77          0.00     2,279.79       168.79     2,448.58       649.80     1,798.78
6934          1.00         0.00         0.00         0.00         0.00         0.00         0.00         0.00         0.00       342.85         0.00        86.57          0.00     2,999.45       460.71     3,460.16       430.42     3,029.74
7137          1.00         0.00         0.00         0.00         0.00         0.00         0.00         0.00         0.00        53.46         0.00        38.06          0.00     1,548.38       261.90     1,810.28        92.52     1,717.76
6682          1.00         0.00         0.00         0.00         0.00         0.00       144.20         0.00         0.00         0.00         0.00        17.72         50.20       785.30       146.37       931.67       162.92       768.75
1269          1.00         0.00         0.00         0.00         0.00         0.00         0.00         0.00         0.00       111.30         0.00        25.01          0.00     1,904.15       127.06     2,031.21       137.31     1,893.90
7037          1.00         0.00         0.00         0.00         0.00         0.00         0.00         0.00         0.00         0.00         0.00        22.26          5.72       291.17        45.90       337.07        23.26       313.81
7890          1.00         0.00         0.00         0.00         0.00         0.00         0.00         0.00         0.00         0.00         0.00        30.80          6.66     1,158.04       217.00     1,375.04        31.80     1,343.24
8031          1.00         0.00         0.00         0.00         0.00         0.00         0.00         0.00         0.00         0.00         0.00        19.98         38.27       871.38       158.49     1,029.87        20.98     1,008.89
1419          1.00         0.00         0.00         0.00         0.00       412.37         0.00         0.00         0.00        55.99         0.00        39.51          0.00     1,571.66       232.26     1,803.92       508.87     1,295.05
8067          1.00         0.00         0.00         0.00         0.00         0.00         0.00         0.00         0.00         0.00         0.00        18.65         38.26       871.38       158.48     1,029.86        19.65     1,010.21
8039          1.00         0.00         0.00         0.00         0.00         0.00         0.00         0.00         0.00         0.00         0.00        18.65         44.67       871.38       164.89     1,036.27        19.65     1,016.62
3525          1.00         0.00         0.00         0.00         0.00         0.00         0.00         0.00         0.00        21.39         0.00        38.03          0.00     1,404.59       240.42     1,645.01        60.42     1,584.59
8036          1.00         0.00         0.00         0.00         0.00         0.00         0.00         0.00         0.00         0.00         0.00        22.04         26.81       948.63       237.15     1,185.78        23.04     1,162.74
6885          1.00         0.00         0.00         0.00         0.00         0.00         0.00         0.00         0.00        92.17         0.00        34.78          0.00     1,972.09       165.68     2,137.77       127.95     2,009.82
7907          1.00         0.00         0.00         0.00         0.00         0.00         0.00         0.00         0.00       131.22         0.00        41.97          0.00     1,726.43       257.02     1,983.45       174.19     1,809.26
4775          1.00         0.00         0.00         0.00         0.00         0.00         0.00         0.00         0.00       130.05         0.00        30.59          0.00     2,039.34       242.93     2,282.27       161.64     2,120.63

















































EJECUTIVOS EN SERVICIOS DE ALIMENTOS, S.A. DE C.V.                                                                      Pagina: 0005
R.F.C.:                                                                                                                    2/NOV/19
REPORTE DE SUELDOS SEMANALES DEDUCCIONES


 
Codigo Desc Vales   Desc Zapatos Otras Deducc Desc Fonacot Pension Alim Desc Infonav Faltas       Inca Enferme Inca Riesgo  ISPT         Ajus ISPT    IMSS          Sub P/Empleo Tot Per Grav Tot Per Exce Total Percep Total Deducc Neto Pagado
..........................................................................................................................................................................................................................................
8069          1.00         0.00         0.00         0.00         0.00         0.00         0.00         0.00         0.00         6.93         0.00        16.36          0.00       554.04        82.24       636.28        24.29       611.99
4832          1.00         0.00         0.00         0.00         0.00         0.00         0.00         0.00         0.00       172.58         0.00        26.16          0.00     2,339.02       204.31     2,543.33       199.74     2,343.59
3321          1.00         0.00         0.00         0.00         0.00         0.00         0.00         0.00         0.00       219.34         0.00        59.76          0.00     2,355.11       369.78     2,724.89       280.10     2,444.79
0624          1.00         0.00         0.00         0.00         0.00         0.00         0.00         0.00         0.00       165.90         0.00        49.86          0.00     2,026.61       395.20     2,421.81       216.76     2,205.05
6877          1.00         0.00         0.00       226.89         0.00         0.00         0.00         0.00         0.00        21.34         0.00        28.62          0.00     1,253.16       163.91     1,417.07       277.85     1,139.22
4385          1.00         0.00         0.00         0.00         0.00         0.00         0.00         0.00         0.00        48.74         0.00        35.82          0.00     1,504.95       199.19     1,704.14        85.56     1,618.58
8030          1.00         0.00         0.00         0.00         0.00         0.00       120.51         0.00         0.00         0.00         0.00        22.69         22.81     1,170.85       252.03     1,422.88       144.20     1,278.68
0366          1.00         0.00         0.00         0.00         0.00         0.00         0.00         0.00         0.00       343.09         0.00        89.85          0.00     3,000.58       462.49     3,463.07       433.94     3,029.13
6206          1.00         0.00         0.00         0.00         0.00         0.00         0.00         0.00         0.00       153.72         0.00        44.98          0.00     1,933.32       308.62     2,241.94       199.70     2,042.24
8034          1.00         0.00         0.00         0.00         0.00         0.00         0.00         0.00         0.00         0.00         0.00        25.49         20.83     1,042.16       192.55     1,234.71        26.49     1,208.22
7618          1.00         0.00         0.00         0.00         0.00         0.00         0.00         0.00         0.00       142.83         0.00        31.38          0.00     2,068.65       242.93     2,311.58       175.21     2,136.37
 
*** GLO     173.00         0.00       800.00       588.99         0.00     4,939.75     2,358.70         0.00       279.79    12,431.80         0.00     5,605.67      2,445.64   262,804.93                301,388.43    27,177.70   274,210.73
  














































































