EJECUTIVOS EN SERVICIOS DE ALIMENTOS, S.A. DE C.V.                                                                      Pagina: 0001
R.F.C.:                                                                                                                    2/NOV/19
REPORTE DE SUELDOS SEMANALES DEDUCCIONES


 
Codigo Desc Vales   Desc Zapatos Otras Deducc Desc Fonacot Pension Alim Desc Infonav Faltas       Inca Enferme Inca Riesgo  ISPT         Ajus ISPT    IMSS          Sub P/Empleo Tot Per Grav Tot Per Exce Total Percep Total Deducc Neto Pagado
..........................................................................................................................................................................................................................................
7879          1.00         0.00         0.00         0.00         0.00         0.00         0.00         0.00         0.00         0.00         0.00        18.65         38.26       871.38       158.48     1,029.86        19.65     1,010.21
7505          0.00         0.00        10.00         0.00         0.00         0.00       602.55         0.00         0.00         0.00         0.00        11.43         49.80       783.82        49.80       833.62       623.98       209.64
6600          1.00         0.00         0.00         0.00         0.00         0.00         0.00         0.00         0.00         0.00         0.00        21.14         36.72       904.15       163.78     1,067.93        22.14     1,045.79
7685          1.00         0.00         0.00         0.00         0.00         0.00         0.00         0.00         0.00         0.00         0.00        28.10         33.06       952.78       198.74     1,151.52        29.10     1,122.42
7331          1.00         0.00         0.00         0.00         0.00         0.00       241.02       120.51         0.00         0.00         0.00        15.33         53.02       804.86       172.01       976.87       377.86       599.01
5933          1.00         0.00         0.00         0.00         0.00         0.00         0.00         0.00         0.00         0.00         0.00        28.08         21.61     1,030.03       187.29     1,217.32        29.08     1,188.24
7170          1.00         0.00         0.00         0.00         0.00         0.00         0.00         0.00         0.00         0.00         0.00        31.77         42.03       914.15       169.09     1,083.24        32.77     1,050.47
5201          1.00         0.00         0.00         0.00         0.00       312.81         0.00         0.00         0.00        61.63         0.00        37.95          0.00     1,623.45       345.91     1,969.36       413.39     1,555.97
3890          1.00         0.00         0.00         0.00         0.00         0.00         0.00         0.00         0.00       178.37         0.00        54.71          0.00     2,104.51       319.12     2,423.63       234.08     2,189.55
7834          1.00         0.00         0.00         0.00         0.00         0.00         0.00         0.00         0.00         0.00         0.00        23.59         29.39     1,014.04       172.43     1,186.47        24.59     1,161.88
7851          1.00         0.00         0.00         0.00         0.00         0.00         0.00         0.00         0.00         0.00         0.00        18.65         38.26       871.38       158.48     1,029.86        19.65     1,010.21
3652          1.00         0.00         0.00         0.00         0.00       380.99         0.00         0.00         0.00       151.40         0.00        51.13          0.00     1,935.94       355.40     2,291.34       584.52     1,706.82
1123          1.00         0.00         0.00         0.00         0.00         0.00         0.00         0.00         0.00        23.03         0.00        50.44          0.00     1,355.64       197.70     1,553.34        74.47     1,478.87
4044          1.00         0.00         0.00         0.00         0.00         0.00         0.00         0.00         0.00         8.13         0.00        33.04          0.00     1,305.66       252.41     1,558.07        42.17     1,515.90
7593          1.00         0.00         0.00         0.00         0.00         0.00         0.00         0.00         0.00         0.00         0.00        27.71         26.46     1,055.77       256.52     1,312.29        28.71     1,283.58
7865          1.00         0.00         0.00         0.00         0.00         0.00         0.00         0.00         0.00         0.00         0.00        18.65         34.14       935.76       218.73     1,154.49        19.65     1,134.84
7259          1.00         0.00         0.00         0.00         0.00         0.00         0.00         0.00         0.00         0.00         0.00        22.34         36.17       904.15       163.23     1,067.38        23.34     1,044.04
7312          1.00         0.00         0.00         0.00         0.00         0.00         0.00         0.00         0.00         0.00         0.00        23.16         38.83       964.06       225.37     1,189.43        24.16     1,165.27
7338          1.00         0.00         0.00         0.00         0.00         0.00         0.00         0.00         0.00         0.00         0.00        24.12         27.74     1,039.79       196.53     1,236.32        25.12     1,211.20
5677          1.00         0.00         0.00         0.00         0.00         0.00         0.00         0.00         0.00        35.59         0.00        39.02          0.00     1,471.07       385.84     1,856.91        75.61     1,781.30
7737          1.00         0.00         0.00         0.00         0.00         0.00         0.00         0.00         0.00         0.00         0.00        20.88         31.82       972.04       158.88     1,130.92        21.88     1,109.04
6210          1.00         0.00       200.00         0.00         0.00         0.00         0.00         0.00         0.00         0.00         0.00        28.94         22.63     1,014.15       206.41     1,220.56       229.94       990.62
6213          1.00         0.00         0.00         0.00         0.00         0.00       144.20         0.00         0.00         0.00         0.00        22.69         54.04       899.43       168.47     1,067.90       167.89       900.01
7812          1.00         0.00         0.00         0.00         0.00         0.00         0.00         0.00         0.00         0.00         0.00        22.68         42.03       914.15       169.09     1,083.24        23.68     1,059.56
0849          1.00         0.00         0.00         0.00         0.00         0.00         0.00         0.00         0.00         0.00         0.00        28.63         12.93     1,089.04       155.97     1,245.01        29.63     1,215.38
7536          1.00         0.00         0.00         0.00         0.00         0.00         0.00         0.00         0.00         0.00         0.00        21.25         31.22       981.40       235.53     1,216.93        22.25     1,194.68
7430          1.00         0.00         0.00         0.00         0.00         0.00         0.00         0.00         0.00       200.63         0.00        69.76          0.00     2,243.67       539.70     2,783.37       271.39     2,511.98
5181          1.00         0.00         0.00         0.00         0.00         0.00         0.00         0.00         0.00         0.00         0.00        21.71         42.03       914.15       169.09     1,083.24        22.71     1,060.53
7655          1.00         0.00         0.00         0.00         0.00         0.00         0.00         0.00         0.00         0.00         0.00        23.60         28.75     1,020.03       271.68     1,291.71        24.60     1,267.11
7057          1.00         0.00         0.00         0.00         0.00         0.00         0.00         0.00         0.00         0.00         0.00        25.00         22.25     1,020.00       149.31     1,169.31        26.00     1,143.31
5558          1.00         0.00         0.00         0.00         0.00         0.00         0.00         0.00         0.00         0.00         0.00        30.74         29.78     1,004.04       172.82     1,176.86        31.74     1,145.12
4746          1.00         0.00         0.00         0.00         0.00       353.64         0.00         0.00         0.00        29.29         0.00        34.99          0.00     1,413.15       211.63     1,624.78       418.92     1,205.86
7663          1.00         0.00         0.00         0.00         0.00         0.00         0.00         0.00         0.00         0.00         0.00        27.30          8.72     1,125.72       128.94     1,254.66        28.30     1,226.36
7407          1.00         0.00         0.00         0.00         0.00         0.00         0.00         0.00         0.00        17.35         0.00        30.08          0.00     1,326.15       230.06     1,556.21        48.43     1,507.78
7828          1.00         0.00         0.00         0.00         0.00         0.00         0.00         0.00         0.00         0.00         0.00        22.14         32.59       964.06       167.63     1,131.69        23.14     1,108.55
7773          1.00         0.00         0.00         0.00         0.00         0.00         0.00         0.00         0.00         0.00         0.00        22.08         30.99       984.92       170.92     1,155.84        23.08     1,132.76
7839          1.00         0.00         0.00         0.00         0.00         0.00         0.00         0.00         0.00       176.22         0.00        53.71          0.00     2,114.51       319.12     2,433.63       230.93     2,202.70
1424          1.00         0.00         0.00         0.00         0.00       479.20         0.00         0.00         0.00       275.76         0.00        96.37          0.00     2,669.97       409.59     3,079.56       852.33     2,227.23
5280          1.00         0.00         0.00       362.10         0.00       435.11         0.00         0.00         0.00       161.40         0.00        48.39          0.00     2,003.82       373.00     2,376.82     1,008.00     1,368.82
7742          1.00         0.00         0.00         0.00         0.00         0.00         0.00         0.00         0.00         0.00         0.00        20.89         36.16       904.15       163.22     1,067.37        21.89     1,045.48
7883          1.00         0.00         0.00         0.00         0.00         0.00         0.00         0.00         0.00         0.00         0.00        20.95         30.68       989.81       242.97     1,232.78        21.95     1,210.83
7853          1.00         0.00         0.00         0.00         0.00         0.00         0.00         0.00         0.00         0.00         0.00        18.65         38.27       871.38       209.99     1,081.37        19.65     1,061.72
6461          1.00         0.00       200.00         0.00         0.00         0.00         0.00         0.00         0.00        10.78         0.00        30.67          0.00     1,243.04       346.05     1,589.09       242.45     1,346.64

















































EJECUTIVOS EN SERVICIOS DE ALIMENTOS, S.A. DE C.V.                                                                      Pagina: 0002
R.F.C.:                                                                                                                    2/NOV/19
REPORTE DE SUELDOS SEMANALES DEDUCCIONES


 
Codigo Desc Vales   Desc Zapatos Otras Deducc Desc Fonacot Pension Alim Desc Infonav Faltas       Inca Enferme Inca Riesgo  ISPT         Ajus ISPT    IMSS          Sub P/Empleo Tot Per Grav Tot Per Exce Total Percep Total Deducc Neto Pagado
..........................................................................................................................................................................................................................................
6765          1.00         0.00       300.00         0.00         0.00         0.00       146.75         0.00         0.00         7.89         0.00        33.16          0.00     1,352.30       243.61     1,595.91       488.80     1,107.11
5000          1.00         0.00         0.00         0.00         0.00         0.00         0.00         0.00         0.00         4.81         0.00        30.46          0.00     1,188.13       170.90     1,359.03        36.27     1,322.76
5644          1.00         0.00       150.00         0.00         0.00       347.16         0.00         0.00         0.00        13.22         0.00        29.88          0.00     1,265.46       296.26     1,561.72       541.26     1,020.46
6638          1.00         0.00         0.00         0.00         0.00         0.00         0.00         0.00         0.00         0.00         0.00        22.14         42.03       914.15       169.09     1,083.24        23.14     1,060.10
7878          1.00         0.00         0.00         0.00         0.00         0.00         0.00         0.00         0.00         0.00         0.00        18.65         39.27       871.38       159.49     1,030.87        19.65     1,011.22
7800          1.00         0.00         0.00         0.00         0.00         0.00         0.00         0.00         0.00         0.00         0.00        20.31         34.14       935.76       218.73     1,154.49        21.31     1,133.18
6690          1.00         0.00         0.00         0.00         0.00         0.00         0.00         0.00         0.00         0.00         0.00        22.39         36.17       904.15       163.23     1,067.38        23.39     1,043.99
7168          1.00         0.00         0.00         0.00         0.00         0.00         0.00         0.00         0.00         0.00         0.00        29.85         42.03       914.15       220.59     1,134.74        30.85     1,103.89
7786          1.00         0.00         0.00         0.00         0.00         0.00         0.00         0.00         0.00         0.00         0.00        20.19         38.91       861.38       159.13     1,020.51        21.19       999.32
4314          1.00         0.00         0.00         0.00         0.00         0.00         0.00         0.00         0.00       196.46         0.00        60.16          0.00     2,217.56       393.60     2,611.16       257.62     2,353.54
7848          1.00         0.00         0.00         0.00         0.00         0.00       144.20         0.00         0.00         0.00         0.00        16.69         56.77       785.30       152.94       938.24       161.89       776.35
7632          1.00         0.00         0.00         0.00         0.00         0.00         0.00         0.00         0.00         0.00         0.00        27.19         28.52     1,023.59       265.01     1,288.60        28.19     1,260.41
7881          0.00         0.00         0.00         0.00         0.00         0.00       602.55         0.00         0.00         0.00         0.00         8.83         25.67       756.16        25.67       781.83       611.38       170.45
7873          1.00         0.00         0.00         0.00         0.00         0.00         0.00         0.00         0.00         0.00         0.00        18.65         38.26       871.38       158.48     1,029.86        19.65     1,010.21
6504          0.00         0.00         0.00         0.00         0.00         0.00         0.00         0.00         0.00         0.00         0.00         0.00          0.00         0.00         0.00         0.00         0.00         0.00
7801          1.00         0.00         0.00         0.00         0.00         0.00         0.00         0.00         0.00         0.00         0.00        21.88         38.26       871.38       158.48     1,029.86        22.88     1,006.98
7604          1.00         0.00         0.00         0.00         0.00         0.00         0.00         0.00         0.00         0.00         0.00        22.47         35.52       914.15       162.58     1,076.73        23.47     1,053.26
7061          1.00         0.00         0.00         0.00         0.00         0.00         0.00         0.00         0.00        30.02         0.00        37.07          0.00     1,419.89       209.81     1,629.70        68.09     1,561.61
7847          1.00         0.00        10.00         0.00         0.00         0.00         0.00         0.00         0.00         0.00         0.00        18.65         38.91       861.38       159.13     1,020.51        29.65       990.86
7884          1.00         0.00         0.00         0.00         0.00         0.00         0.00         0.00         0.00       126.18         0.00        34.18          0.00     1,605.87       378.16     1,984.03       161.36     1,822.67
7633          1.00         0.00         0.00         0.00         0.00         0.00       288.40         0.00         0.00         0.00         0.00        18.99         57.25       794.89       133.48       928.37       308.39       619.98
2897          1.00         0.00         0.00         0.00         0.00         0.00         0.00         0.00         0.00         0.00         0.00        20.93         36.16       904.15       163.22     1,067.37        21.93     1,045.44
7871          1.00         0.00         0.00         0.00         0.00         0.00         0.00         0.00         0.00         0.00         0.00        18.65         45.48       861.38       165.70     1,027.08        19.65     1,007.43
7558          1.00         0.00         0.00         0.00         0.00         0.00         0.00         0.00         0.00         0.00         0.00        24.09          2.75     1,223.15       245.68     1,468.83        25.09     1,443.74
6360          0.00         0.00         0.00         0.00         0.00         0.00         0.00         0.00         0.00         0.00         0.00        22.45         24.30     1,041.21        24.30     1,065.51        22.45     1,043.06
7614          1.00         0.00         0.00         0.00         0.00         0.00         0.00         0.00       342.77         0.00         0.00        21.47         44.99     1,522.89       275.90     1,798.79       365.24     1,433.55
3318          1.00         0.00         0.00         0.00         0.00       524.59         0.00         0.00         0.00       190.69         0.00        60.38          0.00     2,183.88       313.42     2,497.30       776.66     1,720.64
7804          1.00         0.00         0.00         0.00         0.00         0.00         0.00         0.00         0.00        55.18         0.00        39.55          0.00     1,564.18       232.66     1,796.84        95.73     1,701.11
5139          1.00         0.00         0.00         0.00         0.00       795.76         0.00         0.00         0.00       279.00         0.00        84.29          0.00     2,688.09       343.88     3,031.97     1,160.05     1,871.92
6083          1.00         0.00         0.00         0.00         0.00         0.00         0.00         0.00         0.00         0.00         0.00        30.59         14.75     1,041.31       278.54     1,319.85        31.59     1,288.26
6766          1.00         0.00         0.00         0.00         0.00         0.00         0.00         0.00         0.00         0.00         0.00        26.68          8.00     1,134.45       171.91     1,306.36        27.68     1,278.68
7888          1.00         0.00         0.00         0.00         0.00         0.00         0.00         0.00         0.00         0.00         0.00        15.99         34.01       727.93       185.98       913.91        16.99       896.92
4137          1.00         0.00         0.00         0.00         0.00         0.00         0.00         0.00         0.00       371.81         0.00       137.60          0.00     3,135.04       482.40     3,617.44       510.41     3,107.03
7542          1.00         0.00         0.00         0.00         0.00         0.00         0.00         0.00         0.00         0.00         0.00        27.44         42.03       914.15       169.09     1,083.24        28.44     1,054.80
7756          1.00         0.00         0.00         0.00         0.00         0.00         0.00         0.00         0.00         0.00         0.00        24.89         15.02     1,069.94       265.93     1,335.87        25.89     1,309.98
3780          1.00         0.00         0.00         0.00         0.00         0.00         0.00         0.00         0.00        68.86         0.00        39.04          0.00     1,689.93       322.39     2,012.32       108.90     1,903.42
6205          1.00         0.00         0.00         0.00         0.00         0.00         0.00         0.00         0.00         0.00         0.00        24.81         24.91     1,079.94       327.32     1,407.26        25.81     1,381.45
5027          1.00         0.00        10.00         0.00         0.00         0.00         0.00         0.00         0.00         9.36         0.00        34.61          0.00     1,230.04       143.04     1,373.08        54.97     1,318.11
7791          0.00         0.00         0.00         0.00         0.00         0.00       361.53         0.00         0.00         0.00         0.00        14.62         48.86       890.89       113.23     1,004.12       376.15       627.97
7818          1.00         0.00         0.00         0.00         0.00         0.00         0.00         0.00         0.00         0.00         0.00        24.46         30.03     1,004.04       173.07     1,177.11        25.46     1,151.65
7815          1.00         0.00         0.00         0.00         0.00         0.00         0.00         0.00         0.00         0.00         0.00        19.81         38.08       874.26       171.17     1,045.43        20.81     1,024.62
6839          1.00         0.00         0.00         0.00         0.00         0.00         0.00         0.00         0.00         0.00         0.00        26.78         31.41       978.53       222.84     1,201.37        27.78     1,173.59
5646          1.00         0.00         0.00         0.00         0.00         0.00         0.00         0.00         0.00         0.00         0.00        28.05         38.73       965.65       217.29     1,182.94        29.05     1,153.89

















































EJECUTIVOS EN SERVICIOS DE ALIMENTOS, S.A. DE C.V.                                                                      Pagina: 0003
R.F.C.:                                                                                                                    2/NOV/19
REPORTE DE SUELDOS SEMANALES DEDUCCIONES


 
Codigo Desc Vales   Desc Zapatos Otras Deducc Desc Fonacot Pension Alim Desc Infonav Faltas       Inca Enferme Inca Riesgo  ISPT         Ajus ISPT    IMSS          Sub P/Empleo Tot Per Grav Tot Per Exce Total Percep Total Deducc Neto Pagado
..........................................................................................................................................................................................................................................
7708          1.00         0.00         0.00         0.00         0.00         0.00         0.00         0.00         0.00         0.00         0.00        22.45         42.03       914.15       169.09     1,083.24        23.45     1,059.79
7869          1.00         0.00         0.00         0.00         0.00         0.00         0.00         0.00         0.00         0.00         0.00        20.95         38.83       964.06       173.87     1,137.93        21.95     1,115.98
7852          1.00         0.00         0.00         0.00         0.00         0.00         0.00         0.00         0.00         0.00         0.00        18.65         36.84       893.57       189.24     1,082.81        19.65     1,063.16
7882          1.00         0.00         0.00         0.00         0.00         0.00       144.20         0.00         0.00         0.00         0.00        16.69         49.49       798.18       158.53       956.71       161.89       794.82
5679          1.00         0.00         0.00         0.00         0.00         0.00       146.75         0.00         0.00         0.00         0.00        33.71         24.68     1,226.88       252.61     1,479.49       181.46     1,298.03
7530          1.00         0.00         0.00         0.00         0.00         0.00         0.00         0.00         0.00         0.00         0.00        26.42         29.34     1,010.71       252.96     1,263.67        27.42     1,236.25
6028          1.00         0.00         0.00         0.00         0.00       418.49         0.00         0.00         0.00        37.31         0.00        34.39          0.00     1,399.97       332.36     1,732.33       491.19     1,241.14
6565          1.00         0.00         0.00         0.00         0.00         0.00       120.51         0.00         0.00         0.00         0.00        25.49         49.49       832.13       155.67       987.80       147.00       840.80
7753          1.00         0.00         0.00         0.00         0.00         0.00         0.00         0.00         0.00         0.00         0.00        30.07         30.03     1,004.04       173.07     1,177.11        31.07     1,146.04
3676          1.00         0.00         0.00         0.00         0.00         0.00         0.00         0.00         0.00        94.01         0.00        37.38          0.00     1,768.96       338.80     2,107.76       132.39     1,975.37
3221          1.00         0.00         0.00         0.00         0.00         0.00         0.00         0.00         0.00        31.12         0.00        33.33          0.00     1,430.01       371.60     1,801.61        65.45     1,736.16
7741          1.00         0.00         0.00         0.00         0.00         0.00         0.00         0.00         0.00         0.00         0.00        20.89         35.34       917.03       175.27     1,092.30        21.89     1,070.41
7779          1.00         0.00         0.00         0.00         0.00         0.00         0.00         0.00         0.00         0.00         0.00        27.37          9.00     1,121.37       194.92     1,316.29        28.37     1,287.92
7269          0.00         0.00         0.00         0.00         0.00         0.00       361.53         0.00         0.00         0.00         0.00        17.37         63.39       826.51        63.39       889.90       378.90       511.00
7844          0.00         0.00         0.00         0.00         0.00         0.00         0.00         0.00         0.00         0.00         0.00         0.00          0.00         0.00         0.00         0.00         0.00         0.00
7876          0.00         0.00         0.00         0.00         0.00         0.00         0.00         0.00         0.00         0.00         0.00         0.00          0.00         0.00         0.00         0.00         0.00         0.00
7845          1.00         0.00       200.00         0.00         0.00         0.00         0.00         0.00         0.00         1.27         0.00        22.22          0.00     1,242.67       181.66     1,424.33       224.49     1,199.84
2522          1.00         0.00         0.00         0.00         0.00         0.00         0.00         0.00         0.00         0.00         0.00        28.25         29.35     1,010.71       252.97     1,263.68        29.25     1,234.43
7875          1.00         0.00         0.00         0.00         0.00         0.00         0.00         0.00         0.00         0.00         0.00        18.65         38.26       871.38       209.98     1,081.36        19.65     1,061.71
0236          1.00         0.00         0.00         0.00         0.00       548.17         0.00         0.00         0.00       187.36         0.00        68.68          0.00     2,160.70       532.10     2,692.80       805.21     1,887.59
7080          1.00         0.00         0.00         0.00         0.00         0.00         0.00         0.00         0.00        27.45         0.00        41.52          0.00     1,396.31       363.92     1,760.23        69.97     1,690.26
5965          1.00         0.00         0.00         0.00         0.00         0.00         0.00         0.00         0.00         4.81         0.00        32.85          0.00     1,188.13       170.90     1,359.03        38.66     1,320.37
5447          1.00         0.00         0.00         0.00         0.00         0.00         0.00         0.00         0.00         0.00         0.00        26.90         29.77     1,004.04       172.81     1,176.85        27.90     1,148.95
7886          0.00         0.00         0.00         0.00         0.00         0.00       120.51         0.00         0.00         0.00         0.00        11.36         33.00       587.55        33.00       620.55       131.87       488.68
6685          1.00         0.00         0.00         0.00         0.00         0.00         0.00         0.00         0.00         0.00         0.00        23.33         19.14     1,068.65       262.07     1,330.72        24.33     1,306.39
7877          0.00         0.00         0.00         0.00         0.00         0.00         0.00         0.00         0.00         0.00         0.00         0.00          0.00         0.00         0.00         0.00         0.00         0.00
5549          1.00         0.00         0.00         0.00         0.00         0.00         0.00         0.00         0.00         0.00         0.00        25.58         33.06       952.78       250.24     1,203.02        26.58     1,176.44
7874          1.00         0.00         0.00         0.00         0.00         0.00         0.00         0.00         0.00         0.00         0.00        20.95         32.33       964.06       218.87     1,182.93        21.95     1,160.98
0854          1.00         0.00         0.00         0.00         0.00       341.85         0.00         0.00         0.00       194.88         0.00        40.38          0.00     1,851.04       394.58     2,245.62       578.11     1,667.51
7295          1.00         0.00        10.00         0.00         0.00         0.00         0.00         0.00         0.00         0.00         0.00        28.00         42.03       914.15       169.09     1,083.24        39.00     1,044.24
6832          1.00         0.00       150.00         0.00         0.00         0.00         0.00         0.00         0.00         0.00         0.00        27.09         33.70       942.78       199.38     1,142.16       178.09       964.07
4807          1.00         0.00         0.00         0.00         0.00         0.00         0.00         0.00         0.00       510.36         0.00       161.30          0.00     3,783.66       586.18     4,369.84       672.66     3,697.18
6821          1.00         0.00         0.00         0.00         0.00         0.00         0.00         0.00         0.00         0.00         0.00        40.02          1.58     1,193.43       187.78     1,381.21        41.02     1,340.19
7850          1.00         0.00         0.00         0.00         0.00         0.00         0.00         0.00         0.00         0.00         0.00        18.65         33.91       871.38       154.13     1,025.51        19.65     1,005.86
3169          1.00         0.00         0.00         0.00         0.00         0.00         0.00         0.00         0.00         0.00         0.00        26.55         33.89       939.90       186.70     1,126.60        27.55     1,099.05
4514          1.00         0.00         0.00         0.00         0.00       567.05         0.00         0.00         0.00        23.03         0.00        55.33          0.00     1,355.64       197.70     1,553.34       646.41       906.93
7814          1.00         0.00         0.00         0.00         0.00         0.00         0.00         0.00         0.00         0.00         0.00        23.34         29.77     1,004.04       172.81     1,176.85        24.34     1,152.51
7104          1.00         0.00         0.00         0.00         0.00         0.00         0.00         0.00         0.00         0.00         0.00        27.29         26.15     1,004.04       169.19     1,173.23        28.29     1,144.94
7754          1.00         0.00         0.00         0.00         0.00         0.00         0.00         0.00         0.00         0.00         0.00        18.65         38.26       871.38       158.48     1,029.86        19.65     1,010.21
7717          1.00         0.00         0.00         0.00         0.00         0.00         0.00         0.00         0.00         8.13         0.00        33.88          0.00     1,305.66       189.70     1,495.36        43.01     1,452.35
6014          1.00         0.00         0.00         0.00         0.00         0.00         0.00         0.00         0.00        40.22         0.00        31.35          0.00     1,449.71       291.77     1,741.48        72.57     1,668.91
7775          1.00         0.00         0.00         0.00         0.00         0.00         0.00         0.00         0.00         0.00         0.00        20.97         37.26       887.13       183.23     1,070.36        21.97     1,048.39
7551          1.00         0.00         0.00         0.00         0.00         0.00         0.00         0.00         0.00         0.00         0.00        37.07         13.87     1,144.45       177.78     1,322.23        38.07     1,284.16

















































EJECUTIVOS EN SERVICIOS DE ALIMENTOS, S.A. DE C.V.                                                                      Pagina: 0004
R.F.C.:                                                                                                                    2/NOV/19
REPORTE DE SUELDOS SEMANALES DEDUCCIONES


 
Codigo Desc Vales   Desc Zapatos Otras Deducc Desc Fonacot Pension Alim Desc Infonav Faltas       Inca Enferme Inca Riesgo  ISPT         Ajus ISPT    IMSS          Sub P/Empleo Tot Per Grav Tot Per Exce Total Percep Total Deducc Neto Pagado
..........................................................................................................................................................................................................................................
7715          1.00         0.00         0.00         0.00         0.00         0.00       120.51         0.00         0.00         0.00         0.00        23.01         51.10       832.13       208.78     1,040.91       144.52       896.39
3827          1.00         0.00         0.00         0.00         0.00         0.00         0.00         0.00         0.00         0.00         0.00        28.43         19.23     1,067.06       257.27     1,324.33        29.43     1,294.90
5412          1.00         0.00         0.00         0.00         0.00         0.00         0.00         0.00         0.00         0.00         0.00        21.38         36.16       904.15       163.22     1,067.37        22.38     1,044.99
4504          1.00         0.00         0.00         0.00         0.00         0.00         0.00         0.00         0.00       193.63         0.00        57.11          0.00     2,199.89       318.38     2,518.27       251.74     2,266.53
7395          1.00         0.00         0.00         0.00         0.00         0.00         0.00         0.00         0.00         0.00         0.00        26.40         34.36       964.06       169.40     1,133.46        27.40     1,106.06
0214          1.00         0.00         0.00         0.00         0.00         0.00         0.00         0.00         0.00       510.36         0.00       161.69          0.00     3,783.66       586.18     4,369.84       673.05     3,696.79
7849          1.00         0.00         0.00         0.00         0.00         0.00         0.00         0.00         0.00         0.00         0.00        18.65         32.31       964.38       255.53     1,219.91        19.65     1,200.26
6321          0.00         0.00         0.00         0.00         0.00         0.00         0.00         0.00         0.00         0.00         0.00         0.00          0.00         0.00         0.00         0.00         0.00         0.00
5232          1.00         0.00         0.00         0.00         0.00         0.00         0.00         0.00         0.00       324.41         0.00        33.46          0.00     2,825.29       462.34     3,287.63       358.87     2,928.76
4958          1.00         0.00         0.00         0.00         0.00         0.00         0.00         0.00         0.00         0.00         0.00        27.90         42.03       914.15       169.09     1,083.24        28.90     1,054.34
7880          1.00         0.00         0.00         0.00         0.00         0.00         0.00         0.00         0.00         0.00         0.00        18.65         33.13       951.51       243.47     1,194.98        19.65     1,175.33
3979          1.00         0.00         0.00         0.00         0.00         0.00         0.00         0.00         0.00       645.27         0.00       152.85          0.00     4,415.29       519.23     4,934.52       799.12     4,135.40
7854          0.00         0.00         0.00         0.00         0.00         0.00         0.00         0.00         0.00         0.00         0.00         0.00          0.00         0.00         0.00         0.00         0.00         0.00
0442          1.00         0.00         0.00         0.00         0.00         0.00         0.00         0.00         0.00        46.68         0.00        38.94          0.00     1,486.03       311.45     1,797.48        86.62     1,710.86
7699          0.00         0.00         0.00         0.00         0.00         0.00         0.00         0.00         0.00         0.00         0.00        22.39         26.01     1,062.81        77.51     1,140.32        22.39     1,117.93
7857          1.00         0.00         0.00         0.00         0.00         0.00         0.00         0.00         0.00       142.17         0.00        42.38          0.00     1,827.09       355.81     2,182.90       185.55     1,997.35
7330          0.00         0.00         0.00         0.00         0.00         0.00         0.00         0.00         0.00         0.00         0.00         0.00          0.00         0.00         0.00         0.00         0.00         0.00
7719          1.00         0.00         0.00         0.00         0.00         0.00         0.00         0.00         0.00         0.00         0.00        25.31         42.03       914.15       169.09     1,083.24        26.31     1,056.93
7846          1.00         0.00         0.00         0.00         0.00         0.00         0.00         0.00         0.00         0.00         0.00        22.22         29.39     1,014.04       172.43     1,186.47        23.22     1,163.25
7421          1.00         0.00         0.00         0.00         0.00         0.00         0.00         0.00         0.00         0.00         0.00        26.50         32.49       965.65       211.05     1,176.70        27.50     1,149.20
7776          1.00         0.00         0.00         0.00         0.00         0.00       144.20         0.00         0.00         0.00         0.00        17.74         57.18       785.30       153.35       938.65       162.94       775.71
7823          1.00         0.00         0.00         0.00         0.00         0.00         0.00         0.00         0.00         0.00         0.00        21.38         38.26       871.38       158.48     1,029.86        22.38     1,007.48
7298          1.00         0.00         0.00         0.00         0.00         0.00         0.00         0.00         0.00        59.00         0.00        48.33          0.00     1,599.26       338.65     1,937.91       108.33     1,829.58
7758          1.00         0.00         0.00         0.00         0.00         0.00         0.00         0.00         0.00         0.00         0.00        25.07         42.03       914.15       169.09     1,083.24        26.07     1,057.17
5396          1.00         0.00       400.00         0.00         0.00         0.00         0.00         0.00         0.00         0.00         0.00        28.46         29.35     1,010.71       252.97     1,263.68       429.46       834.22
5704          1.00         0.00         0.00         0.00         0.00         0.00         0.00         0.00         0.00        22.96         0.00        37.38          0.00     1,354.95       199.19     1,554.14        61.34     1,492.80
7503          1.00         0.00         0.00         0.00         0.00         0.00       120.51         0.00         0.00         0.00         0.00        22.44         39.28       873.84       152.14     1,025.98       143.95       882.03
7588          1.00         0.00         0.00         0.00         0.00         0.00         0.00         0.00         0.00         0.00         0.00        29.00         42.03       914.15       169.09     1,083.24        30.00     1,053.24
7821          1.00         0.00         0.00         0.00         0.00         0.00       120.51         0.00         0.00         0.00         0.00        21.00         51.71       915.61       171.25     1,086.86       142.51       944.35
5588          1.00         0.00         0.00         0.00         0.00         0.00         0.00         0.00         0.00         0.00         0.00        22.52         42.03       914.15       169.09     1,083.24        23.52     1,059.72
6203          1.00         0.00         0.00         0.00         0.00         0.00         0.00         0.00         0.00         0.00         0.00        25.64          2.56     1,273.06       304.97     1,578.03        26.64     1,551.39
6582          1.00         0.00         0.00         0.00         0.00         0.00       144.20         0.00         0.00         0.00         0.00        19.68         50.54       832.40       165.06       997.46       164.88       832.58
7392          1.00         0.00         0.00         0.00         0.00         0.00         0.00         0.00         0.00         0.00         0.00        25.31         42.03       914.15       169.09     1,083.24        26.31     1,056.93
7226          1.00         0.00         0.00         0.00         0.00         0.00       120.51         0.00         0.00         0.00         0.00        27.98         51.71       915.61       171.25     1,086.86       149.49       937.37
7664          1.00         0.00         0.00         0.00         0.00         0.00         0.00         0.00         0.00         0.00         0.00        27.81         29.03     1,030.03       194.71     1,224.74        28.81     1,195.93
7885          1.00         0.00         0.00         0.00         0.00         0.00         0.00         0.00         0.00         0.00         0.00        15.99         34.01       727.93       134.48       862.41        16.99       845.42
3326          1.00         0.00         0.00         0.00         0.00       352.72         0.00         0.00         0.00        47.98         0.00        45.83          0.00     1,498.02       220.48     1,718.50       447.53     1,270.97
0449          1.00         0.00       300.00         0.00         0.00       386.21         0.00         0.00         0.00        54.23         0.00        36.20          0.00     1,468.54       258.91     1,727.45       777.64       949.81
7863          1.00         0.00         0.00         0.00         0.00       638.95         0.00         0.00         0.00        11.19         0.00        27.97          0.00     1,246.79       242.99     1,489.78       679.11       810.67
6934          1.00         0.00         0.00         0.00         0.00         0.00         0.00         0.00         0.00       342.85         0.00        84.50          0.00     2,999.45       460.71     3,460.16       428.35     3,031.81
7137          1.00         0.00         0.00         0.00         0.00         0.00         0.00         0.00         0.00        52.37         0.00        36.53          0.00     1,538.38       199.19     1,737.57        89.90     1,647.67
6682          1.00         0.00         0.00         0.00         0.00         0.00       144.20         0.00         0.00         0.00         0.00        17.70         50.20       785.30       146.37       931.67       162.90       768.77
1269          1.00         0.00         0.00         0.00         0.00         0.00         0.00         0.00         0.00         0.00         0.00        21.06         36.16       904.15       163.22     1,067.37        22.06     1,045.31

















































EJECUTIVOS EN SERVICIOS DE ALIMENTOS, S.A. DE C.V.                                                                      Pagina: 0005
R.F.C.:                                                                                                                    2/NOV/19
REPORTE DE SUELDOS SEMANALES DEDUCCIONES


 
Codigo Desc Vales   Desc Zapatos Otras Deducc Desc Fonacot Pension Alim Desc Infonav Faltas       Inca Enferme Inca Riesgo  ISPT         Ajus ISPT    IMSS          Sub P/Empleo Tot Per Grav Tot Per Exce Total Percep Total Deducc Neto Pagado
..........................................................................................................................................................................................................................................
7890          1.00         0.00         0.00         0.00         0.00         0.00         0.00         0.00         0.00         0.00         0.00        10.66         28.95       436.76       140.73       577.49        11.66       565.83
6006          1.00         0.00         0.00         0.00         0.00         0.00         0.00         0.00         0.00         0.00         0.00        19.80         38.91       861.38       159.13     1,020.51        20.80       999.71
1419          1.00         0.00         0.00         0.00         0.00       268.68         0.00         0.00         0.00        76.05         0.00        53.81          0.00     1,679.87       286.36     1,966.23       399.54     1,566.69
7868          1.00         0.00         0.00         0.00         0.00         0.00         0.00         0.00         0.00         0.00         0.00        20.95         32.06       976.94       231.47     1,208.41        21.95     1,186.46
7887          1.00         0.00         0.00         0.00         0.00         0.00         0.00         0.00         0.00         0.00         0.00        15.99         34.01       727.93       134.48       862.41        16.99       845.42
3525          1.00         0.00         0.00         0.00         0.00         0.00         0.00         0.00         0.00        28.36         0.00        33.43          0.00     1,404.59       240.42     1,645.01        62.79     1,582.22
7889          1.00         0.00         0.00         0.00         0.00         0.00         0.00         0.00         0.00         0.00         0.00        19.98          3.20       833.33       186.44     1,019.77        20.98       998.79
7855          1.00         0.00         0.00         0.00         0.00         0.00         0.00         0.00         0.00         0.00         0.00        18.65         38.26       871.38       209.98     1,081.36        19.65     1,061.71
6885          1.00         0.00         0.00         0.00         0.00         0.00         0.00         0.00         0.00        25.87         0.00        26.76          0.00     1,377.65       204.31     1,581.96        53.63     1,528.33
4775          1.00         0.00         0.00         0.00         0.00         0.00         0.00         0.00         0.00         0.00         0.00        26.92         36.17       904.15       333.40     1,237.55        27.92     1,209.63
7528          1.00         0.00         0.00         0.00         0.00         0.00         0.00         0.00         0.00         0.00         0.00        25.90         29.86     1,002.69       203.52     1,206.21        26.90     1,179.31
4832          1.00         0.00         0.00         0.00         0.00         0.00       120.51         0.00         0.00         0.00         0.00        25.98         49.49       832.13       155.67       987.80       147.49       840.31
7836          1.00         0.00         0.00         0.00         0.00         0.00         0.00         0.00         0.00         0.00         0.00        20.04         38.26       871.38       158.48     1,029.86        21.04     1,008.82
7824          1.00         0.00         0.00         0.00         0.00         0.00         0.00         0.00         0.00         0.00         0.00        21.34         10.43     1,103.13       169.27     1,272.40        22.34     1,250.06
3321          1.00         0.00         0.00         0.00         0.00         0.00         0.00         0.00         0.00       222.78         0.00        73.39          0.00     2,374.35       389.02     2,763.37       297.17     2,466.20
2112          1.00         0.00         0.00         0.00         0.00         0.00         0.00         0.00         0.00         0.00         0.00        24.47         37.93       914.15       164.99     1,079.14        25.47     1,053.67
0624          1.00         0.00         0.00         0.00         0.00         0.00         0.00         0.00         0.00       163.09         0.00        60.78          0.00     2,009.04       377.63     2,386.67       224.87     2,161.80
6877          1.00         0.00         0.00       194.15         0.00         0.00         0.00         0.00         0.00         0.00         0.00        29.15         14.96     1,134.45       178.87     1,313.32       224.30     1,089.02
4385          1.00         0.00         0.00         0.00         0.00         0.00         0.00         0.00         0.00        39.27         0.00        35.60          0.00     1,504.95       199.19     1,704.14        75.87     1,628.27
7378          1.00         0.00         0.00         0.00         0.00         0.00       120.51         0.00         0.00         0.00         0.00        19.03         45.00       796.38       196.97       993.35       140.54       852.81
0366          1.00         0.00         0.00         0.00         0.00         0.00         0.00         0.00         0.00       343.09         0.00       105.70          0.00     3,000.58       462.49     3,463.07       449.79     3,013.28
6206          1.00         0.00         0.00         0.00         0.00         0.00         0.00         0.00         0.00        34.24         0.00        32.74          0.00     1,371.75       308.62     1,680.37        67.98     1,612.39
4366          1.00         0.00         0.00         0.00         0.00         0.00         0.00         0.00         0.00         0.00         0.00        23.61          4.89     1,168.54       186.55     1,355.09        24.61     1,330.48
7618          1.00         0.00         0.00         0.00         0.00         0.00         0.00         0.00         0.00         0.00         0.00        23.64         29.76     1,004.28       246.94     1,251.22        24.64     1,226.58
 
*** GLO     182.00         0.00     1,940.00       556.25         0.00     7,151.38     4,580.36       120.51       342.77     7,228.86         0.00     6,076.51      4,433.88   231,191.98                273,924.53    28,178.64   245,745.89
  

































































