EJECUTIVOS EN SERVICIOS DE ALIMENTOS, S.A. DE C.V.                                                                      Pagina: 0001
R.F.C.:                                                                                                                    2/NOV/19
REPORTE DE SUELDOS SEMANALES DEDUCCIONES


 
Codigo Desc Vales   Desc Zapatos Otras Deducc Desc Fonacot Pension Alim Desc Infonav Faltas       Inca Enferme Inca Riesgo  ISPT         Ajus ISPT    IMSS          Sub P/Empleo Tot Per Grav Tot Per Exce Total Percep Total Deducc Neto Pagado
..........................................................................................................................................................................................................................................
8071          1.00         0.00         0.00         0.00         0.00         0.00         0.00         0.00         0.00         0.00         0.00        20.72         38.91       861.38       159.13     1,020.51        21.72       998.79
6600          1.00         0.00         0.00         0.00         0.00       246.12         0.00         0.00         0.00         0.00         0.00        21.66         34.11       936.34       193.35     1,129.69       268.78       860.91
7685          1.00         0.00         0.00         0.00         0.00         0.00       120.51         0.00         0.00         0.00         0.00        28.74         29.95     1,049.53       303.50     1,353.03       150.25     1,202.78
5933          1.00         0.00         0.00         0.00         0.00         0.00         0.00         0.00         0.00         0.00         0.00        26.88         35.53       914.15       162.59     1,076.74        27.88     1,048.86
7170          1.00         0.00         0.00         0.00         0.00         0.00         0.00         0.00         0.00         0.00         0.00        28.51         35.53       914.15       162.59     1,076.74        29.51     1,047.23
5201          1.00         0.00         0.00         0.00         0.00       335.50         0.00         0.00         0.00        47.98         0.00        36.05          0.00     1,498.02       220.48     1,718.50       420.53     1,297.97
3890          1.00         0.00         0.00         0.00         0.00         0.00         0.00         0.00         0.00       178.37         0.00        54.49          0.00     2,104.51       319.12     2,423.63       233.86     2,189.77
7834          1.00        56.00         0.00         0.00         0.00         0.00         0.00         0.00         0.00         0.00         0.00        28.98         29.40     1,014.04       172.44     1,186.48        85.98     1,100.50
8083          1.00         0.00         0.00         0.00         0.00         0.00         0.00         0.00         0.00        11.19         0.00        32.32          0.00     1,246.79       180.28     1,427.07        44.51     1,382.56
1123          1.00         0.00         0.00         0.00         0.00         0.00         0.00         0.00       440.25         0.00         0.00        20.23         63.53     1,087.33       162.66     1,249.99       461.48       788.51
8144          1.00         0.00         0.00         0.00         0.00         0.00         0.00         0.00         0.00         0.00         0.00        18.65         26.03     1,042.16       146.25     1,188.41        19.65     1,168.76
8049          1.00         0.00         0.00         0.00         0.00         0.00         0.00         0.00         0.00         0.00         0.00        24.43         35.79       910.01       194.63     1,104.64        25.43     1,079.21
8100          1.00         0.00         0.00         0.00         0.00         0.00       432.60         0.00         0.00         0.00         0.00        13.44         48.19       753.15        96.27       849.42       447.04       402.38
8066          1.00         0.00         0.00         0.00         0.00         0.00         0.00         0.00         0.00         0.00         0.00        20.08         38.27       871.38       158.49     1,029.87        21.08     1,008.79
7977          1.00         0.00         0.00         0.00         0.00         0.00         0.00         0.00         0.00         0.00         0.00        23.90         27.43     1,057.91       173.40     1,231.31        24.90     1,206.41
8027          0.00         0.00         0.00         0.00         0.00         0.00         0.00         0.00         0.00         0.00         0.00         0.00          0.00         0.00         0.00         0.00         0.00         0.00
8088          1.00         0.00         0.00         0.00         0.00         0.00         0.00         0.00         0.00         0.00         0.00        20.06         40.75       871.38       160.97     1,032.35        21.06     1,011.29
8123          1.00         0.00         0.00         0.00         0.00         0.00         0.00         0.00         0.00         0.00         0.00        18.65         33.32       948.63       230.79     1,179.42        19.65     1,159.77
8143          1.00         0.00         0.00         0.00         0.00         0.00         0.00         0.00       440.25         0.00         0.00        15.98         66.45     1,032.75       156.85     1,189.60       457.23       732.37
8132          1.00         0.00         0.00         0.00         0.00         0.00         0.00         0.00         0.00         0.00         0.00        18.65          2.98     1,261.03       226.20     1,487.23        19.65     1,467.58
8112          1.00         0.00         0.00         0.00         0.00         0.00       146.75         0.00         0.00         0.00         0.00        25.03         28.30     1,135.91       178.96     1,314.87       172.78     1,142.09
7259          1.00         0.00         0.00         0.00         0.00         0.00         0.00         0.00         0.00         0.00         0.00        20.94         34.11       936.34       193.35     1,129.69        21.94     1,107.75
8142          0.00         0.00         0.00         0.00         0.00         0.00         0.00         0.00         0.00         0.00         0.00         0.00          0.00         0.00         0.00         0.00         0.00         0.00
7338          1.00         0.00         0.00         0.00         0.00         0.00         0.00         0.00         0.00         0.00         0.00        23.98         29.14     1,014.04       172.18     1,186.22        24.98     1,161.24
5677          1.00         0.00         0.00         0.00         0.00         0.00         0.00         0.00         0.00        69.24         0.00        33.25          0.00     1,606.49       307.45     1,913.94       103.49     1,810.45
8149          1.00         0.00         0.00         0.00         0.00         0.00         0.00         0.00         0.00         0.00         0.00        15.99         34.01       727.93       134.48       862.41        16.99       845.42
8078          1.00         0.00         0.00         0.00         0.00         0.00         0.00         0.00         0.00         0.00         0.00        24.53         19.83     1,057.91       165.80     1,223.71        25.53     1,198.18
8023          1.00         0.00         0.00         0.00         0.00         0.00         0.00         0.00         0.00         0.00         0.00        25.28         28.36     1,042.16       200.08     1,242.24        26.28     1,215.96
8042          1.00         0.00         0.00         0.00         0.00         0.00         0.00         0.00         0.00       130.33         0.00        28.20          0.00     2,106.85       120.22     2,227.07       159.53     2,067.54
7943          1.00         0.00         0.00         0.00         0.00         0.00         0.00         0.00         0.00         0.00         0.00        25.35         44.77       871.38       164.99     1,036.37        26.35     1,010.02
8152          1.00         0.00         0.00         0.00         0.00         0.00         0.00         0.00         0.00         0.00         0.00         7.99         19.02       348.25        59.20       407.45         8.99       398.46
0849          1.00         0.00         0.00         0.00         0.00         0.00         0.00         0.00         0.00         0.00         0.00        28.02         11.07     1,089.04       154.11     1,243.15        29.02     1,214.13
7536          1.00         0.00         0.00         0.00         0.00         0.00         0.00         0.00         0.00         0.00         0.00        28.35         10.37     1,100.03       201.80     1,301.83        29.35     1,272.48
5181          1.00         0.00         0.00         0.00         0.00         0.00         0.00         0.00         0.00         0.00         0.00        21.24         69.86       984.96       319.23     1,304.19        22.24     1,281.95
5429          1.00         0.00         0.00         0.00         0.00         0.00         0.00         0.00         0.00       318.16         0.00        77.10          0.00     2,883.83       426.09     3,309.92       396.26     2,913.66
5558          1.00         0.00         0.00         0.00         0.00         0.00         0.00         0.00         0.00         0.00         0.00        24.38         21.21     1,036.23       196.43     1,232.66        25.38     1,207.28
7663          1.00         0.00         0.00         0.00         0.00         0.00         0.00         0.00         0.00         0.00         0.00        30.16          2.17     1,190.10       186.76     1,376.86        31.16     1,345.70
8093          1.00         0.00         0.00         0.00         0.00         0.00       120.51         0.00         0.00         0.00         0.00        22.66         54.75       796.38       155.22       951.60       144.17       807.43
7773          1.00         0.00         0.00         0.00         0.00         0.00         0.00         0.00         0.00         0.00         0.00        22.82         11.40     1,087.92       177.08     1,265.00        23.82     1,241.18
1424          1.00         0.00         0.00         0.00         0.00       466.38         0.00         0.00         0.00       309.90         0.00        75.24          0.00     2,845.20       584.81     3,430.01       852.52     2,577.49
5280          1.00         0.00         0.00       362.10         0.00       435.11         0.00         0.00         0.00       165.59         0.00        48.67          0.00     2,024.65       393.83     2,418.48     1,012.47     1,406.01
8020          1.00         0.00         0.00         0.00         0.00         0.00         0.00         0.00         0.00         0.00         0.00        19.82         30.32       938.63       227.79     1,166.42        20.82     1,145.60
8140          1.00         0.00         0.00         0.00         0.00         0.00       482.04         0.00         0.00         0.00         0.00        10.80         35.96       751.15        76.14       827.29       493.84       333.45

















































EJECUTIVOS EN SERVICIOS DE ALIMENTOS, S.A. DE C.V.                                                                      Pagina: 0002
R.F.C.:                                                                                                                    2/NOV/19
REPORTE DE SUELDOS SEMANALES DEDUCCIONES


 
Codigo Desc Vales   Desc Zapatos Otras Deducc Desc Fonacot Pension Alim Desc Infonav Faltas       Inca Enferme Inca Riesgo  ISPT         Ajus ISPT    IMSS          Sub P/Empleo Tot Per Grav Tot Per Exce Total Percep Total Deducc Neto Pagado
..........................................................................................................................................................................................................................................
7994          1.00         0.00         0.00         0.00         0.00         0.00         0.00         0.00         0.00        15.51         0.00        24.24          0.00     1,373.51       236.09     1,609.60        40.75     1,568.85
6461          1.00         0.00       150.00         0.00         0.00         0.00         0.00         0.00         0.00         0.00         0.00        27.33          0.26     1,205.67       236.74     1,442.41       178.33     1,264.08
6765          1.00         0.00         0.00         0.00         0.00       338.39         0.00         0.00         0.00       292.61         0.00        59.19          0.00     2,763.99       526.94     3,290.93       691.19     2,599.74
7909          1.00         0.00         0.00         0.00         0.00         0.00         0.00         0.00         0.00         0.00         0.00        26.34         44.77       871.38       164.99     1,036.37        27.34     1,009.03
5000          1.00         0.00         0.00         0.00         0.00         0.00         0.00         0.00         0.00         0.00         0.00        36.34          2.16     1,188.13       173.06     1,361.19        37.34     1,323.85
8113          1.00         0.00         0.00         0.00         0.00         0.00         0.00         0.00         0.00        14.36         0.00        27.97          0.00     1,275.99       219.47     1,495.46        43.33     1,452.13
5644          1.00         0.00       200.00         0.00         0.00       337.88         0.00         0.00         0.00         0.00         0.00        32.02         28.38     1,332.71       324.64     1,657.35       570.90     1,086.45
6638          1.00         0.00         0.00         0.00         0.00         0.00         0.00         0.00         0.00         0.00         0.00        23.80         32.23       965.65       210.79     1,176.44        24.80     1,151.64
7800          1.00         0.00         0.00         0.00         0.00         0.00         0.00         0.00         0.00         0.00         0.00        23.88         31.32       979.89       203.04     1,182.93        24.88     1,158.05
8111          1.00         0.00         0.00         0.00         0.00         0.00         0.00         0.00         0.00         0.00         0.00        18.65         29.84     1,003.00       175.81     1,178.81        19.65     1,159.16
6690          1.00         0.00         0.00         0.00         0.00         0.00         0.00         0.00         0.00         0.00         0.00        21.90         30.81       987.84       241.55     1,229.39        22.90     1,206.49
7168          1.00         0.00         0.00         0.00         0.00         0.00         0.00         0.00         0.00         0.00         0.00        27.65         35.53       914.15       162.59     1,076.74        28.65     1,048.09
8081          1.00         0.00         0.00         0.00         0.00         0.00         0.00         0.00         0.00         0.00         0.00        28.59         18.00     1,106.54       202.59     1,309.13        29.59     1,279.54
7991          1.00         0.00         0.00         0.00         0.00         0.00         0.00         0.00         0.00        20.33         0.00        29.14          0.00     1,330.86       274.35     1,605.21        50.47     1,554.74
8063          1.00         0.00         0.00         0.00         0.00         0.00         0.00         0.00         0.00         0.00         0.00        19.83         36.84       893.57       189.24     1,082.81        20.83     1,061.98
8115          0.00         0.00         0.00         0.00         0.00         0.00         0.00         0.00         0.00         0.00         0.00         0.00          0.00         0.00         0.00         0.00         0.00         0.00
4314          1.00         0.00         0.00         0.00         0.00         0.00         0.00         0.00         0.00       200.13         0.00        52.10          0.00     2,240.52       393.60     2,634.12       253.23     2,380.89
7848          1.00         0.00         0.00         0.00         0.00         0.00         0.00         0.00         0.00         0.00         0.00        19.82         38.08       874.26       171.17     1,045.43        20.82     1,024.61
7632          1.00         0.00         0.00         0.00         0.00         0.00       120.51         0.00         0.00         0.00         0.00        20.77         29.86     1,049.54       303.41     1,352.95       142.28     1,210.67
7873          1.00         0.00         0.00         0.00         0.00         0.00         0.00         0.00         0.00         0.00         0.00        25.93         20.01     1,055.04       153.10     1,208.14        26.93     1,181.21
8068          1.00         0.00         0.00         0.00         0.00         0.00         0.00         0.00         0.00        22.44         0.00        39.44          0.00     1,647.76       246.04     1,893.80        62.88     1,830.92
8086          1.00         0.00         0.00         0.00         0.00         0.00         0.00         0.00         0.00         0.00         0.00        20.05         38.27       871.38       158.49     1,029.87        21.05     1,008.82
8145          1.00         0.00         0.00         0.00         0.00         0.00         0.00         0.00         0.00         0.00         0.00        18.65         38.26       871.38       209.98     1,081.36        19.65     1,061.71
8106          1.00         0.00         0.00         0.00         0.00         0.00         0.00         0.00         0.00         0.00         0.00        22.04         38.26       871.38       209.98     1,081.36        23.04     1,058.32
8129          1.00         0.00         0.00         0.00         0.00         0.00         0.00         0.00         0.00         0.00         0.00        18.65         36.84       893.57       189.24     1,082.81        19.65     1,063.16
7633          1.00         0.00         0.00         0.00         0.00         0.00         0.00         0.00         0.00         0.00         0.00        26.36         36.17       904.15       163.23     1,067.38        27.36     1,040.02
7984          1.00         0.00         0.00         0.00         0.00         0.00         0.00         0.00         0.00        14.36         0.00        29.16          0.00     1,275.99       219.47     1,495.46        44.52     1,450.94
7914          1.00         0.00         0.00         0.00         0.00         0.00         0.00         0.00         0.00         0.00         0.00        21.83         35.86       908.97       162.09     1,071.06        22.83     1,048.23
8141          1.00         0.00         0.00         0.00         0.00         0.00       144.20         0.00         0.00         0.00         0.00        16.69         42.70       921.92       138.87     1,060.79       161.89       898.90
2897          1.00         0.00         0.00         0.00         0.00         0.00         0.00         0.00         0.00         0.00         0.00        24.21         32.23       965.65       262.29     1,227.94        25.21     1,202.73
5630          1.00         0.00         0.00         0.00         0.00         0.00         0.00         0.00         0.00         0.00         0.00        20.98         31.48       977.26       267.57     1,244.83        21.98     1,222.85
8139          1.00         0.00         0.00         0.00         0.00         0.00         0.00         0.00         0.00         0.00         0.00        18.65         20.83     1,042.16       192.55     1,234.71        19.65     1,215.06
8007          1.00         0.00         0.00         0.00         0.00         0.00         0.00         0.00         0.00         0.00         0.00        28.02          3.22     1,178.33       172.55     1,350.88        29.02     1,321.86
8048          1.00         0.00         0.00         0.00         0.00         0.00         0.00         0.00         0.00        82.30         0.00        47.64          0.00     1,726.43       257.02     1,983.45       130.94     1,852.51
8138          1.00         0.00         0.00         0.00         0.00         0.00         0.00         0.00         0.00         0.00         0.00        18.65         24.37     1,032.16       144.59     1,176.75        19.65     1,157.10
8052          1.00         0.00         0.00         0.00         0.00         0.00         0.00         0.00         0.00        24.33         0.00        38.40          0.00     1,665.08       239.68     1,904.76        63.73     1,841.03
8105          1.00         0.00         0.00         0.00         0.00         0.00         0.00         0.00         0.00         0.00         0.00        23.06         19.41     1,064.35       171.81     1,236.16        24.06     1,212.10
7614          1.00         0.00         0.00         0.00         0.00         0.00         0.00         0.00         0.00        65.59         0.00        37.40          0.00     1,659.91       330.80     1,990.71       103.99     1,886.72
3318          1.00         0.00         0.00         0.00         0.00       510.55         0.00         0.00         0.00       245.69         0.00        62.79          0.00     2,502.20       404.50     2,906.70       820.03     2,086.67
7804          1.00         0.00         0.00         0.00         0.00         0.00         0.00         0.00         0.00        24.93         0.00        37.85          0.00     1,670.69       339.16     2,009.85        63.78     1,946.07
6083          1.00         0.00         0.00         0.00         0.00         0.00         0.00         0.00         0.00         0.00         0.00        23.21         28.30     1,026.94       176.21     1,203.15        24.21     1,178.94
8118          0.00         0.00         0.00         0.00         0.00         0.00       241.02         0.00         0.00         0.00         0.00        14.72         61.38     1,027.35       112.88     1,140.23       255.74       884.49
6766          1.00         0.00         0.00         0.00         0.00         0.00         0.00         0.00         0.00         0.00         0.00        34.08          8.00     1,134.45       171.91     1,306.36        35.08     1,271.28

















































EJECUTIVOS EN SERVICIOS DE ALIMENTOS, S.A. DE C.V.                                                                      Pagina: 0003
R.F.C.:                                                                                                                    2/NOV/19
REPORTE DE SUELDOS SEMANALES DEDUCCIONES


 
Codigo Desc Vales   Desc Zapatos Otras Deducc Desc Fonacot Pension Alim Desc Infonav Faltas       Inca Enferme Inca Riesgo  ISPT         Ajus ISPT    IMSS          Sub P/Empleo Tot Per Grav Tot Per Exce Total Percep Total Deducc Neto Pagado
..........................................................................................................................................................................................................................................
8084          1.00         0.00         0.00         0.00         0.00         0.00         0.00         0.00         0.00         0.00         0.00        23.64         20.83     1,042.16       141.05     1,183.21        24.64     1,158.57
4137          1.00         0.00         0.00         0.00         0.00         0.00         0.00         0.00         0.00       371.81         0.00        90.71          0.00     3,135.04       482.40     3,617.44       463.52     3,153.92
8009          1.00         0.00         0.00         0.00         0.00         0.00         0.00         0.00         0.00         0.00         0.00        24.48         21.47     1,032.16       141.69     1,173.85        25.48     1,148.37
7542          1.00         0.00         0.00         0.00         0.00         0.00         0.00         0.00         0.00         0.00         0.00        28.48         35.53       914.15       162.59     1,076.74        29.48     1,047.26
8150          1.00         0.00         0.00         0.00         0.00         0.00         0.00         0.00         0.00         0.00         0.00        19.98         14.77       746.06       122.94       869.00        20.98       848.02
3780          1.00         0.00         0.00         0.00         0.00         0.00       146.75         0.00         0.00         0.00         0.00        35.80         19.41     1,561.98       344.77     1,906.75       183.55     1,723.20
6205          1.00         0.00         0.00         0.00         0.00         0.00         0.00         0.00         0.00         0.00         0.00        22.62         28.52       964.06       163.56     1,127.62        23.62     1,104.00
5027          1.00         0.00         0.00         0.00         0.00         0.00         0.00         0.00         0.00        17.77         0.00        34.14          0.00     1,307.29       181.66     1,488.95        52.91     1,436.04
7818          1.00         0.00         0.00         0.00         0.00         0.00         0.00         0.00         0.00         0.00         0.00        23.38         36.27     1,004.04       179.31     1,183.35        24.38     1,158.97
7221          1.00        56.00         0.00         0.00         0.00         0.00         0.00         0.00         0.00         0.00         0.00        22.99         37.99       880.69       177.52     1,058.21        79.99       978.22
7815          1.00         0.00         0.00         0.00         0.00         0.00         0.00         0.00         0.00        16.63         0.00        33.30          0.00     1,296.85       120.22     1,417.07        50.93     1,366.14
6839          1.00         0.00         0.00         0.00         0.00         0.00         0.00         0.00         0.00         0.00         0.00        27.57         10.37     1,100.03       201.80     1,301.83        28.57     1,273.26
5646          1.00         0.00         0.00         0.00         0.00         0.00         0.00         0.00         0.00         0.00         0.00        26.52         35.53       914.15       162.59     1,076.74        27.52     1,049.22
8011          1.00         0.00         0.00         0.00         0.00         0.00         0.00         0.00         0.00        11.19         0.00        31.44          0.00     1,246.79       180.28     1,427.07        43.63     1,383.44
7708          1.00         0.00         0.00         0.00         0.00         0.00         0.00         0.00         0.00         0.00         0.00        23.13         35.53       914.15       162.59     1,076.74        24.13     1,052.61
7869          1.00         0.00         0.00         0.00         0.00         0.00       120.51         0.00         0.00         0.00         0.00        20.01         40.23       873.84       153.09     1,026.93       141.52       885.41
7973          1.00         0.00         0.00         0.00         0.00       126.23         0.00         0.00       288.40         0.00         0.00        16.13         57.38       788.53       148.82       937.35       431.76       505.59
8012          1.00         0.00         0.00         0.00         0.00         0.00         0.00         0.00         0.00         2.93         0.00        30.48          0.00     1,170.91       210.34     1,381.25        34.41     1,346.84
7530          1.00         0.00         0.00         0.00         0.00         0.00         0.00         0.00         0.00         0.00         0.00        29.97          0.35     1,222.33       346.28     1,568.61        30.97     1,537.64
8151          1.00         0.00         0.00         0.00         0.00         0.00         0.00         0.00         0.00         0.00         0.00        13.32         22.58       696.52       154.45       850.97        14.32       836.65
8124          1.00         0.00         0.00         0.00         0.00         0.00         0.00         0.00         0.00         0.00         0.00        18.65         15.89     1,119.41       226.23     1,345.64        19.65     1,325.99
8077          1.00         0.00         0.00         0.00         0.00         0.00       120.51         0.00         0.00         0.00         0.00        21.04         32.20     1,009.91       203.48     1,213.39       142.55     1,070.84
8076          1.00         0.00         0.00         0.00         0.00         0.00         0.00         0.00         0.00        14.36         0.00        30.32          0.00     1,275.99       219.47     1,495.46        45.68     1,449.78
8128          1.00         0.00         0.00         0.00         0.00         0.00       120.51         0.00         0.00         0.00         0.00        16.69         48.70       984.16       194.23     1,178.39       138.20     1,040.19
6028          1.00         0.00       100.00         0.00         0.00       407.29         0.00         0.00         0.00        12.55         0.00        33.51          0.00     1,556.91       296.26     1,853.17       554.35     1,298.82
6565          0.00         0.00         0.00         0.00         0.00         0.00         0.00         0.00         0.00         0.00         0.00         0.00          0.00         0.00         0.00         0.00         0.00         0.00
3676          1.00         0.00         0.00         0.00         0.00         0.00         0.00         0.00         0.00        78.06         0.00        38.39          0.00     1,698.41       338.80     2,037.21       117.45     1,919.76
3221          1.00         0.00         0.00         0.00         0.00         0.00         0.00         0.00         0.00        25.00         0.00        32.50          0.00     1,362.76       371.60     1,734.36        58.50     1,675.86
7779          1.00         0.00         0.00         0.00         0.00         0.00         0.00         0.00         0.00       123.32         0.00        25.55          0.00     2,055.97       424.55     2,480.52       149.87     2,330.65
7942          1.00         0.00         0.00         0.00         0.00         0.00         0.00         0.00         0.00         0.00         0.00        23.67         24.31     1,032.16       144.53     1,176.69        24.67     1,152.02
7845          1.00         0.00         0.00         0.00         0.00         0.00         0.00         0.00         0.00        11.98         0.00        37.12          0.00     1,254.04       143.04     1,397.08        50.10     1,346.98
7996          1.00         0.00         0.00         0.00         0.00         0.00       120.51         0.00         0.00         0.00         0.00        20.42         35.69       939.10       187.66     1,126.76       141.93       984.83
2522          1.00         0.00         0.00         0.00         0.00         0.00         0.00         0.00         0.00        15.53         0.00        26.85          0.00     1,286.71       294.43     1,581.14        43.38     1,537.76
8125          1.00         0.00         0.00         0.00         0.00         0.00         0.00         0.00         0.00         0.00         0.00        18.65         36.62       897.13       182.59     1,079.72        19.65     1,060.07
7080          1.00         0.00         0.00         0.00         0.00         0.00       146.75         0.00         0.00        24.60         0.00        31.06          0.00     1,516.88       213.49     1,730.37       203.41     1,526.96
5965          1.00         0.00         0.00         0.00         0.00         0.00         0.00         0.00         0.00       187.69         0.00        28.07          0.00     1,784.92       308.62     2,093.54       216.76     1,876.78
5447          1.00         0.00         0.00         0.00         0.00         0.00         0.00         0.00         0.00         0.00         0.00        26.17         29.78     1,004.04       172.82     1,176.86        27.17     1,149.69
6685          1.00         0.00         0.00         0.00         0.00         0.00         0.00         0.00         0.00         0.00         0.00        29.99         30.16       978.53       221.59     1,200.12        30.99     1,169.13
8056          1.00         0.00         0.00         0.00         0.00         0.00         0.00         0.00         0.00       298.34         0.00        37.22          0.00     2,798.98       321.38     3,120.36       336.56     2,783.80
5549          1.00         0.00         0.00         0.00         0.00         0.00         0.00         0.00         0.00         0.00         0.00        31.56         21.25     1,035.65       199.81     1,235.46        32.56     1,202.90
8117          1.00         0.00         0.00         0.00         0.00         0.00         0.00         0.00         0.00         0.00         0.00        18.65         33.97       938.63       231.44     1,170.07        19.65     1,150.42
0854          1.00         0.00         0.00         0.00         0.00       332.71         0.00         0.00         0.00       136.93         0.00        42.13          0.00     1,778.90       349.49     2,128.39       512.77     1,615.62
7295          1.00         0.00       100.00         0.00         0.00         0.00         0.00         0.00         0.00         0.00         0.00        28.10          7.70     1,145.90       173.38     1,319.28       129.10     1,190.18

















































EJECUTIVOS EN SERVICIOS DE ALIMENTOS, S.A. DE C.V.                                                                      Pagina: 0004
R.F.C.:                                                                                                                    2/NOV/19
REPORTE DE SUELDOS SEMANALES DEDUCCIONES


 
Codigo Desc Vales   Desc Zapatos Otras Deducc Desc Fonacot Pension Alim Desc Infonav Faltas       Inca Enferme Inca Riesgo  ISPT         Ajus ISPT    IMSS          Sub P/Empleo Tot Per Grav Tot Per Exce Total Percep Total Deducc Neto Pagado
..........................................................................................................................................................................................................................................
8133          1.00         0.00         0.00         0.00         0.00         0.00         0.00         0.00         0.00         0.00         0.00        18.65         38.27       871.38       158.49     1,029.87        19.65     1,010.22
4807          1.00         0.00         0.00         0.00         0.00         0.00         0.00         0.00         0.00       510.36         0.00       110.77          0.00     3,783.66       586.18     4,369.84       622.13     3,747.71
8153          1.00         0.00         0.00         0.00         0.00         0.00         0.00         0.00         0.00         0.00         0.00         7.99         19.02       348.25        59.20       407.45         8.99       398.46
3169          1.00         0.00         0.00         0.00         0.00         0.00         0.00         0.00         0.00         0.00         0.00        27.15         15.89     1,119.34       278.13     1,397.47        28.15     1,369.32
4514          1.00         0.00         0.00         0.00         0.00       352.61         0.00         0.00         0.00        23.03         0.00        33.33          0.00     1,355.64       197.70     1,553.34       409.97     1,143.37
7814          1.00         0.00         0.00         0.00         0.00         0.00         0.00         0.00         0.00         0.00         0.00        23.38         29.77     1,004.04       172.81     1,176.85        24.38     1,152.47
7754          1.00         0.00         0.00         0.00         0.00         0.00         0.00         0.00         0.00         0.00         0.00        21.32         35.86       908.97       162.09     1,071.06        22.32     1,048.74
6014          1.00         0.00         0.00         0.00         0.00         0.00         0.00         0.00         0.00        41.02         0.00        32.26          0.00     1,434.03       276.09     1,710.12        74.28     1,635.84
3827          1.00         0.00         0.00         0.00         0.00         0.00         0.00         0.00         0.00         0.00         0.00        29.73          1.28     1,201.15       361.63     1,562.78        30.73     1,532.05
8103          1.00         0.00         0.00         0.00         0.00         0.00         0.00         0.00         0.00         0.00         0.00        20.08         41.11       871.38       161.33     1,032.71        21.08     1,011.63
8054          0.00         0.00         0.00         0.00         0.00         0.00         0.00         0.00         0.00         0.00         0.00         0.00          0.00         0.00         0.00         0.00         0.00         0.00
5412          1.00         0.00         0.00         0.00         0.00         0.00         0.00         0.00         0.00         0.00         0.00        27.95         32.87       955.65       211.43     1,167.08        28.95     1,138.13
7395          1.00         0.00         0.00         0.00         0.00         0.00         0.00         0.00         0.00         0.00         0.00        25.67         18.18     1,083.58       334.09     1,417.67        26.67     1,391.00
0214          1.00         0.00         0.00         0.00         0.00         0.00         0.00         0.00         0.00       510.36         0.00       111.42          0.00     3,783.66       586.18     4,369.84       622.78     3,747.06
7849          1.00         0.00         0.00         0.00         0.00         0.00         0.00         0.00         0.00         0.00         0.00        27.62         21.48     1,032.16       141.70     1,173.86        28.62     1,145.24
5232          1.00         0.00         0.00         0.00         0.00         0.00         0.00         0.00         0.00        47.98         0.00        38.75          0.00     1,498.02       283.19     1,781.21        87.73     1,693.48
8019          1.00         0.00         0.00         0.00         0.00         0.00       144.20         0.00         0.00         0.00         0.00        21.35         45.60       921.92       141.77     1,063.69       166.55       897.14
4958          1.00         0.00         0.00         0.00         0.00         0.00         0.00         0.00         0.00         0.00         0.00        27.54         35.53       914.15       162.59     1,076.74        28.54     1,048.20
3979          1.00         0.00         0.00         0.00         0.00         0.00         0.00         0.00         0.00       420.97         0.00       100.43          0.00     3,365.20       519.23     3,884.43       522.40     3,362.03
0442          1.00         0.00         0.00         0.00         0.00         0.00         0.00         0.00         0.00        45.17         0.00        39.92          0.00     1,472.21       297.62     1,769.83        86.09     1,683.74
8134          1.00         0.00         0.00         0.00         0.00         0.00         0.00         0.00         0.00         0.00         0.00        18.65         44.72       871.38       164.94     1,036.32        19.65     1,016.67
7330          0.00         0.00         0.00         0.00         0.00         0.00         0.00         0.00         0.00         0.00         0.00         0.00          0.00         0.00         0.00         0.00         0.00         0.00
8101          1.00         0.00         0.00         0.00         0.00         0.00         0.00         0.00         0.00         0.00         0.00        20.08         44.72       871.38       164.94     1,036.32        21.08     1,015.24
7846          1.00        56.00         0.00         0.00         0.00         0.00         0.00         0.00         0.00         7.27         0.00        28.90          0.00     1,168.54       181.66     1,350.20        93.17     1,257.03
8091          1.00         0.00         0.00         0.00         0.00         0.00         0.00         0.00         0.00         0.00         0.00        23.55         21.48     1,032.16       141.70     1,173.86        24.55     1,149.31
8130          0.00         0.00         0.00         0.00         0.00         0.00         0.00         0.00         0.00         0.00         0.00         0.00          0.00         0.00         0.00         0.00         0.00         0.00
8131          1.00         0.00         0.00         0.00         0.00         0.00       120.51         0.00         0.00         0.00         0.00        16.69         35.38     1,054.98       225.97     1,280.95       138.20     1,142.75
7298          1.00         0.00         0.00         0.00         0.00         0.00         0.00         0.00         0.00        53.42         0.00        36.02          0.00     1,548.05       287.44     1,835.49        90.44     1,745.05
7963          1.00         0.00         0.00         0.00         0.00         0.00         0.00         0.00         0.00         0.00         0.00        25.35         15.23     1,067.91       161.20     1,229.11        26.35     1,202.76
5396          1.00         0.00         0.00         0.00         0.00         0.00         0.00         0.00         0.00         0.00         0.00        26.89         20.42     1,048.53       160.35     1,208.88        27.89     1,180.99
7989          1.00         0.00         0.00         0.00         0.00         0.00         0.00         0.00         0.00         0.00         0.00        22.48         36.84       893.57       189.24     1,082.81        23.48     1,059.33
7588          0.00         0.00         0.00         0.00         0.00         0.00         0.00         0.00         0.00         0.00         0.00        21.47         27.40     1,041.21        27.40     1,068.61        21.47     1,047.14
6203          1.00         0.00         0.00         0.00         0.00         0.00         0.00         0.00         0.00        46.31         0.00        29.51          0.00     1,482.68       250.91     1,733.59        76.82     1,656.77
7226          1.00         0.00         0.00         0.00         0.00         0.00         0.00         0.00         0.00         0.00         0.00        26.31         28.04     1,014.04       171.08     1,185.12        27.31     1,157.81
7885          1.00         0.00         0.00         0.00         0.00         0.00         0.00         0.00         0.00         0.00         0.00        25.35         20.01     1,055.04       153.10     1,208.14        26.35     1,181.79
3326          1.00         0.00         0.00         0.00         0.00       352.72         0.00         0.00         0.00        47.98         0.00        40.16          0.00     1,498.02       220.48     1,718.50       441.86     1,276.64
0449          1.00         0.00         0.00         0.00         0.00       447.60         0.00         0.00         0.00        32.89         0.00        34.90          0.00     1,446.29       271.79     1,718.08       516.39     1,201.69
6934          1.00         0.00         0.00         0.00         0.00         0.00         0.00         0.00         0.00       342.84         0.00        85.21          0.00     2,999.45       460.71     3,460.16       429.05     3,031.11
7137          1.00         0.00         0.00         0.00         0.00         0.00         0.00         0.00         0.00       197.77         0.00        39.50          0.00     1,877.63       403.00     2,280.63       238.27     2,042.36
6682          1.00         0.00         0.00         0.00         0.00         0.00       144.20         0.00         0.00         0.00         0.00        18.22         50.20       785.30       146.37       931.67       163.42       768.25
1269          1.00         0.00         0.00         0.00         0.00         0.00         0.00         0.00         0.00         0.00         0.00        27.21         36.17       904.15       163.23     1,067.38        28.21     1,039.17
7890          1.00         0.00         0.00         0.00         0.00         0.00         0.00         0.00         0.00         0.00         0.00        26.78         27.60     1,042.16       199.32     1,241.48        27.78     1,213.70
8031          1.00         0.00         0.00         0.00         0.00         0.00       120.51         0.00         0.00         0.00         0.00        20.33         43.22       939.10       143.69     1,082.79       141.84       940.95

















































EJECUTIVOS EN SERVICIOS DE ALIMENTOS, S.A. DE C.V.                                                                      Pagina: 0005
R.F.C.:                                                                                                                    2/NOV/19
REPORTE DE SUELDOS SEMANALES DEDUCCIONES


 
Codigo Desc Vales   Desc Zapatos Otras Deducc Desc Fonacot Pension Alim Desc Infonav Faltas       Inca Enferme Inca Riesgo  ISPT         Ajus ISPT    IMSS          Sub P/Empleo Tot Per Grav Tot Per Exce Total Percep Total Deducc Neto Pagado
..........................................................................................................................................................................................................................................
1419          1.00         0.00         0.00         0.00         0.00       399.23         0.00         0.00         0.00        74.08         0.00        37.79          0.00     1,661.84       322.44     1,984.28       512.10     1,472.18
8067          1.00         0.00         0.00         0.00         0.00         0.00         0.00         0.00         0.00         0.00         0.00        20.08         38.27       871.38       158.49     1,029.87        21.08     1,008.79
3525          1.00         0.00         0.00         0.00         0.00         0.00         0.00         0.00         0.00         3.38         0.00        29.95          0.00     1,175.06       194.51     1,369.57        34.33     1,335.24
8036          1.00         0.00         0.00         0.00         0.00         0.00         0.00         0.00         0.00         0.00         0.00        22.32         38.27       871.38       158.49     1,029.87        23.32     1,006.55
6885          1.00         0.00         0.00         0.00         0.00         0.00         0.00         0.00         0.00         0.00         0.00        25.15         35.53       914.15       162.59     1,076.74        26.15     1,050.59
7907          1.00         0.00         0.00         0.00         0.00         0.00         0.00         0.00         0.00       136.76         0.00        41.75          0.00     1,777.48       308.07     2,085.55       179.51     1,906.04
8146          1.00         0.00         0.00         0.00         0.00         0.00         0.00         0.00         0.00         0.00         0.00        18.65         26.51     1,055.04       159.60     1,214.64        19.65     1,194.99
4775          1.00         0.00         0.00         0.00         0.00         0.00         0.00         0.00         0.00         0.00         0.00        29.20         21.89     1,025.65       148.95     1,174.60        30.20     1,144.40
8069          1.00         0.00         0.00         0.00         0.00         0.00         0.00         0.00         0.00       148.95         0.00        46.31          0.00     1,897.40       423.54     2,320.94       196.26     2,124.68
4832          1.00         0.00         0.00         0.00         0.00         0.00         0.00         0.00         0.00         0.00         0.00        33.04         23.99     1,094.40       254.05     1,348.45        34.04     1,314.41
3321          1.00         0.00         0.00         0.00         0.00         0.00         0.00         0.00         0.00       209.23         0.00        58.16          0.00     2,297.40       312.06     2,609.46       268.39     2,341.07
0624          1.00         0.00         0.00         0.00         0.00         0.00         0.00         0.00         0.00       157.46         0.00        49.49          0.00     1,973.89       342.49     2,316.38       207.95     2,108.43
4385          1.00         0.00         0.00         0.00         0.00         0.00         0.00         0.00         0.00        48.74         0.00        35.82          0.00     1,504.95       199.19     1,704.14        85.56     1,618.58
8135          1.00         0.00         0.00         0.00         0.00       273.33         0.00         0.00         0.00         0.00         0.00        18.65         21.48     1,032.16       141.70     1,173.86       292.98       880.88
8099          0.00         0.00         0.00         0.00         0.00         0.00       432.60         0.00         0.00         0.00         0.00        15.96         70.54       869.54        70.54       940.08       448.56       491.52
0366          1.00         0.00         0.00         0.00         0.00         0.00         0.00         0.00         0.00       381.63         0.00        88.96          0.00     3,180.99       642.89     3,823.88       471.59     3,352.29
6206          1.00         0.00         0.00         0.00         0.00         0.00         0.00         0.00         0.00       103.09         0.00        42.51          0.00     1,550.76       293.32     1,844.08       146.60     1,697.48
7618          1.00         0.00         0.00         0.00         0.00         0.00       120.51         0.00         0.00         0.00         0.00        24.78         39.84       998.04       210.39     1,208.43       146.29     1,062.14
8147          0.00         0.00         0.00         0.00         0.00         0.00         0.00         0.00         0.00         0.00         0.00         0.00          0.00         0.00         0.00         0.00         0.00         0.00
 
*** GLO     180.00       168.00       550.00       362.10         0.00     5,361.65     3,666.21         0.00     1,168.90     7,192.72         0.00     5,492.08      3,780.13   230,786.01                271,906.20    24,141.66   247,764.54
  






































































