EJECUTIVOS EN SERVICIOS DE ALIMENTOS, S.A. DE C.V.                                                                      Pagina: 0001
R.F.C.:                                                                                                                    5/NOV/19
REPORTE DE SUELDOS SEMANALES PERCEPCIONES


 
Codigo Dias de Pago Dias Laborad Sueldo       Compensacion Premio Asist Ayuda Transp Vales Despen T.E. Doble   T.E. Triple  Descanso lab Festivo labo Prim Dominic Perc Gravada Prem x Obj   Aguinaldo    Vacaciones   Prima Vacaci Grat Especia Utilidades
..........................................................................................................................................................................................................................................
7840          4.00         3.00       573.39       232.11        30.00        30.00       128.88       367.56       183.78         0.00         0.00         0.00         0.00         0.00         0.00         0.00         0.00         0.00         0.00
7505          7.00         5.00       623.00       271.04        60.00        60.00       143.04         0.00         0.00         0.00         0.00         0.00         0.00         0.00         0.00         0.00         0.00         0.00         0.00
6600          7.00         5.00       623.00       128.38        60.00        50.00       120.22         0.00         0.00         0.00         0.00         0.00         0.00         0.00         0.00         0.00         0.00         0.00         0.00
7685          7.00         5.00       623.00       128.38        60.00        60.00       120.22         0.00         0.00         0.00         0.00         0.00         0.00         0.00         0.00         0.00         0.00         0.00         0.00
7331          7.00         5.00       623.00       128.38        60.00        60.00       120.22        66.75         0.00         0.00         0.00         0.00         0.00         0.00         0.00         0.00         0.00         0.00         0.00
5933          7.00         5.00       623.00       128.38        60.00        60.00       120.22         0.00         0.00         0.00         0.00         0.00         0.00         0.00         0.00         0.00         0.00         0.00         0.00
7170          7.00         5.00       623.00       128.38        60.00        60.00       120.22         0.00         0.00         0.00         0.00         0.00         0.00         0.00         0.00         0.00         0.00         0.00         0.00
7774          7.00         5.00       623.00       128.38        60.00        50.00       120.22         0.00         0.00         0.00         0.00         0.00         0.00         0.00         0.00         0.00         0.00         0.00         0.00
5618          0.00         0.00         0.00         0.00         0.00         0.00         0.00         0.00         0.00         0.00         0.00         0.00         0.00         0.00         0.00         0.00         0.00         0.00         0.00
5201          7.00         5.00       878.01       429.45        60.00        60.00       209.19        94.07       188.14         0.00         0.00         0.00         0.00         0.00         0.00         0.00         0.00         0.00         0.00
3890          7.00         5.00     1,258.95       735.56        60.00        50.00       319.12         0.00         0.00         0.00         0.00         0.00         0.00         0.00         0.00         0.00       498.62         0.00         0.00
7834          7.00         5.00       623.00       271.04        60.00        60.00       143.04         0.00         0.00         0.00         0.00         0.00         0.00         0.00         0.00         0.00         0.00         0.00         0.00
6654          0.00         0.00         0.00         0.00         0.00         0.00         0.00         0.00         0.00         0.00         0.00         0.00         0.00         0.00         0.00         0.00         0.00         0.00         0.00
3652          7.00         5.00     1,077.37       738.57        60.00        60.00       290.55         0.00         0.00         0.00         0.00         0.00         0.00         0.00         0.00         0.00         0.00         0.00         0.00
1123          7.00         5.00       878.01       293.86        60.00        60.00       187.49         0.00         0.00         0.00         0.00         0.00         0.00         0.00         0.00         0.00        41.85         0.00         0.00
4044          7.00         4.00       878.01       257.10         0.00        50.00       158.53         0.00         0.00         0.00         0.00        62.71         0.00         0.00         0.00         0.00         0.00         0.00         0.00
7593          7.00         5.00       623.00       128.38        60.00        60.00       120.22        66.75         0.00         0.00         0.00         0.00         0.00         0.00         0.00         0.00         0.00         0.00         0.00
7259          7.00         5.00       623.00       128.38        60.00        50.00       120.22         0.00         0.00         0.00         0.00         0.00         0.00         0.00         0.00         0.00         0.00         0.00         0.00
7312          7.00         4.00       623.00       184.74         0.00        50.00       112.86       178.00         0.00         0.00         0.00         0.00         0.00         0.00         0.00         0.00         0.00         0.00         0.00
7338          7.00         5.00       623.00       271.04        60.00        60.00       143.04         0.00         0.00         0.00         0.00         0.00         0.00         0.00         0.00         0.00         0.00         0.00         0.00
5677          7.00         5.00       816.13       201.11        60.00        50.00       162.75       262.32       218.60         0.00         0.00         0.00         0.00         0.00         0.00         0.00         0.00         0.00         0.00
7737          7.00         3.00       623.00        77.02         0.00        30.00        72.13        66.75         0.00         0.00         0.00         0.00         0.00         0.00         0.00         0.00         0.00         0.00         0.00
6210          7.00         5.00       623.00       128.38        60.00        60.00       120.22       111.25         0.00         0.00         0.00         0.00        50.00         0.00         0.00         0.00         0.00         0.00         0.00
6213          7.00         5.00       623.00       271.04        60.00        50.00       143.04       200.25       166.87         0.00       178.00         0.00         0.00         0.00         0.00         0.00         0.00         0.00         0.00
7812          7.00         5.00       623.00       128.38        60.00        50.00       120.22         0.00         0.00        89.00         0.00         0.00         0.00         0.00         0.00         0.00         0.00         0.00         0.00
0849          7.00         5.00       816.13        77.91        60.00        50.00       143.04         0.00         0.00         0.00       233.18         0.00        85.00         0.00         0.00         0.00         0.00         0.00         0.00
7536          7.00         4.00       623.00       102.70         0.00        40.00        96.17        44.50         0.00         0.00         0.00         0.00         0.00         0.00         0.00         0.00         0.00         0.00         0.00
7430          7.00         5.00     1,260.00       460.11        60.00        60.00       275.21         0.00         0.00       360.00       360.00        90.00       218.05         0.00         0.00         0.00         0.00         0.00         0.00
5181          7.00         5.00       623.00       128.38        60.00        60.00       120.22         0.00         0.00         0.00         0.00         0.00         0.00         0.00         0.00         0.00         0.00         0.00         0.00
7827          0.00         0.00         0.00         0.00         0.00         0.00         0.00         0.00         0.00         0.00         0.00         0.00         0.00         0.00         0.00         0.00         0.00         0.00         0.00
7655          7.00         5.00       623.00       128.38        60.00        50.00       120.22         0.00         0.00         0.00         0.00         0.00         0.00         0.00         0.00         0.00         0.00         0.00         0.00
7057          7.00         5.00       623.00       128.38        60.00        50.00       120.22         0.00         0.00         0.00       178.00         0.00         0.00         0.00         0.00         0.00         0.00         0.00         0.00
5558          7.00         5.00       623.00       271.04        60.00        60.00       143.04        66.75       133.50         0.00         0.00         0.00         0.00         0.00         0.00         0.00         0.00         0.00         0.00
4746          7.00         5.00       878.01       248.78        60.00        50.00       180.28        62.71         0.00       439.00         0.00        62.71       145.00         0.00         0.00         0.00         0.00         0.00         0.00
7663          7.00         5.00       623.00       128.38        60.00        50.00       120.22        33.37         0.00        77.87         0.00         0.00       420.09         0.00         0.00         0.00         0.00         0.00         0.00
7407          7.00         5.00       623.00       128.38        60.00        60.00       120.22       178.00       267.00         0.00         0.00         0.00         0.00         0.00         0.00         0.00         0.00         0.00         0.00
7828          7.00         5.00       623.00       221.06        60.00        50.00       135.04         0.00         0.00         0.00         0.00         0.00         0.00         0.00         0.00         0.00         0.00         0.00         0.00
7837          0.00         0.00         0.00         0.00         0.00         0.00         0.00         0.00         0.00         0.00         0.00         0.00         0.00         0.00         0.00         0.00         0.00         0.00         0.00
7773          7.00         5.00       623.00       128.38        60.00        50.00       120.22         0.00         0.00        89.00         0.00         0.00         0.00         0.00         0.00         0.00         0.00         0.00         0.00
7839          7.00         5.00     1,258.95       735.56        60.00        60.00       319.12         0.00         0.00         0.00         0.00         0.00         0.00         0.00         0.00         0.00         0.00         0.00         0.00
1424          7.00         5.00     1,962.52       597.45        60.00        60.00       409.59       280.36         0.00         0.00         0.00         0.00         0.00         0.00         0.00         0.00         0.00         0.00         0.00
5280          7.00         5.00     1,166.69       643.79        60.00        50.00       289.67         0.00         0.00         0.00         0.00         0.00         0.00         0.00         0.00         0.00         0.00         0.00         0.00
7742          7.00         5.00       623.00       128.38        60.00        50.00       120.22         0.00         0.00         0.00         0.00         0.00         0.00         0.00         0.00         0.00         0.00         0.00         0.00

















































EJECUTIVOS EN SERVICIOS DE ALIMENTOS, S.A. DE C.V.                                                                      Pagina: 0002
R.F.C.:                                                                                                                    5/NOV/19
REPORTE DE SUELDOS SEMANALES PERCEPCIONES


 
Codigo Dias de Pago Dias Laborad Sueldo       Compensacion Premio Asist Ayuda Transp Vales Despen T.E. Doble   T.E. Triple  Descanso lab Festivo labo Prim Dominic Perc Gravada Prem x Obj   Aguinaldo    Vacaciones   Prima Vacaci Grat Especia Utilidades
..........................................................................................................................................................................................................................................
7740          0.00         0.00         0.00         0.00         0.00         0.00         0.00         0.00         0.00         0.00         0.00         0.00         0.00         0.00         0.00         0.00         0.00         0.00         0.00
6461          7.00         5.00       797.16       213.78        60.00        60.00       161.75       185.05         0.00       170.82         0.00        56.94         0.00         0.00         0.00         0.00         0.00         0.00         0.00
6765          7.00         4.00       878.01       235.08         0.00        40.00       149.99       188.14       188.14         0.00         0.00         0.00         0.00         0.00         0.00         0.00         0.00         0.00         0.00
7694          7.00         5.00       623.00       128.38        60.00        60.00       120.22         0.00         0.00         0.00       178.00        44.50         0.00         0.00         0.00         0.00         0.00         0.00         0.00
7752          7.00         5.00       623.00       128.38        60.00        60.00       120.22         0.00         0.00         0.00         0.00        44.50         0.00         0.00         0.00         0.00         0.00         0.00         0.00
6657          0.00         0.00         0.00         0.00         0.00         0.00         0.00         0.00         0.00         0.00         0.00         0.00         0.00         0.00         0.00         0.00         0.00         0.00         0.00
5000          7.00         5.00       816.13       193.48        60.00        60.00       161.53         0.00         0.00         0.00         0.00         0.00         0.00         0.00         0.00         0.00         0.00         0.00         0.00
5644          7.00         5.00       797.16       213.78        60.00        60.00       161.75         0.00         0.00         0.00         0.00         0.00         0.00         0.00         0.00         0.00         0.00         0.00         0.00
6638          7.00         5.00       623.00       128.38        60.00        60.00       120.22         0.00         0.00         0.00         0.00         0.00         0.00         0.00         0.00         0.00         0.00         0.00         0.00
7800          7.00         5.00       623.00       128.38        60.00        50.00       120.22         0.00         0.00         0.00         0.00         0.00         0.00         0.00         0.00         0.00         0.00         0.00         0.00
6690          7.00         5.00       623.00       128.38        60.00        50.00       120.22         0.00         0.00         0.00         0.00         0.00         0.00         0.00         0.00         0.00         0.00         0.00         0.00
7168          7.00         5.00       623.00       128.38        60.00        60.00       120.22         0.00         0.00         0.00         0.00         0.00         0.00         0.00         0.00         0.00       134.17         0.00         0.00
7786          7.00         5.00       623.00       128.38        60.00        50.00       120.22         0.00         0.00         0.00         0.00         0.00         0.00         0.00         0.00         0.00         0.00         0.00         0.00
4314          7.00         5.00       856.31       742.98        60.00        60.00       255.88        61.16         0.00         0.00         0.00         0.00       245.79         0.00         0.00         0.00         0.00         0.00         0.00
3160          7.00         4.00       623.00       102.70         0.00        40.00        96.17         0.00         0.00         0.00         0.00         0.00         0.00         0.00         0.00         0.00         0.00         0.00         0.00
7632          7.00         5.00       623.00       128.38        60.00        60.00       120.22         0.00         0.00         0.00         0.00         0.00         0.00         0.00         0.00         0.00         0.00         0.00         0.00
6504          7.00         5.00       623.00       128.38        60.00        60.00       120.22         0.00         0.00         0.00         0.00         0.00         0.00         0.00         0.00         0.00       161.01         0.00         0.00
7801          7.00         5.00       623.00       128.38        60.00        60.00       120.22         0.00         0.00         0.00         0.00         0.00         0.00         0.00         0.00         0.00         0.00         0.00         0.00
7604          7.00         5.00       623.00       128.38        60.00        60.00       120.22         0.00         0.00         0.00         0.00         0.00         0.00         0.00         0.00         0.00         0.00         0.00         0.00
7061          7.00         5.00       623.00       128.38        60.00        60.00       120.22         0.00         0.00         0.00         0.00         0.00       254.48         0.00         0.00         0.00         0.00         0.00         0.00
7805          7.00         5.00       816.13       242.20        60.00        60.00       169.33         0.00         0.00         0.00       233.18        58.29         0.00         0.00         0.00         0.00         0.00         0.00         0.00
7633          7.00         5.00       623.00       128.38        60.00        50.00       120.22         0.00         0.00         0.00         0.00         0.00         0.00         0.00         0.00         0.00         0.00         0.00         0.00
7428          7.00         5.00       623.00       128.38        60.00        60.00       120.22        44.50         0.00         0.00         0.00         0.00         0.00         0.00         0.00         0.00         0.00         0.00         0.00
7835          7.00         4.00       623.00       176.84         0.00        40.00       108.03         0.00         0.00         0.00         0.00         0.00         0.00         0.00         0.00         0.00         0.00         0.00         0.00
2897          7.00         5.00       623.00       128.38        60.00        50.00       120.22         0.00         0.00         0.00         0.00         0.00         0.00         0.00         0.00         0.00         0.00         0.00         0.00
7811          7.00         4.00       623.00       102.70         0.00        40.00        96.17         0.00         0.00         0.00         0.00         0.00         0.00         0.00         0.00         0.00         0.00         0.00         0.00
7558          7.00         5.00       623.00       128.38        60.00        60.00       120.22        11.12         0.00         0.00         0.00         0.00         0.00         0.00         0.00         0.00         0.00         0.00         0.00
6360          7.00         5.00       623.00       128.38        60.00        60.00       120.22         0.00         0.00         0.00         0.00         0.00         0.00         0.00         0.00         0.00         0.00         0.00         0.00
7614          7.00         5.00       816.13       154.63        60.00        50.00       155.32         0.00         0.00         0.00         0.00         0.00       180.99         0.00         0.00         0.00         0.00         0.00         0.00
3318          7.00         5.00     1,020.18       938.70        60.00        50.00       313.42         0.00         0.00         0.00         0.00         0.00       115.00         0.00         0.00         0.00         0.00         0.00         0.00
7706          7.00         5.00       623.00       128.38        60.00        50.00       120.22         0.00         0.00       178.00         0.00         0.00         0.00         0.00         0.00         0.00         0.00         0.00         0.00
7804          7.00         5.00       994.07       460.11        60.00        50.00       232.66        35.50         0.00       497.03         0.00        71.00         0.00         0.00         0.00         0.00         0.00         0.00         0.00
5139          7.00         5.00     1,400.00       436.80        60.00        60.00       293.88       100.00         0.00         0.00         0.00         0.00       681.29         0.00         0.00         0.00        65.60         0.00         0.00
6083          7.00         5.00       623.00       191.17        60.00        60.00       130.26       111.25         0.00         0.00         0.00        44.50         0.00         0.00         0.00         0.00         0.00         0.00         0.00
6766          7.00         5.00       816.13       193.48        60.00        50.00       161.53         0.00         0.00         0.00         0.00         0.00         0.00         0.00         0.00         0.00        36.05         0.00         0.00
4137          7.00         5.00     1,964.97     1,050.07        60.00        60.00       482.40         0.00         0.00         0.00         0.00         0.00       561.42         0.00         0.00         0.00         0.00         0.00         0.00
7819          0.00         0.00         0.00         0.00         0.00         0.00         0.00         0.00         0.00         0.00         0.00         0.00         0.00         0.00         0.00         0.00         0.00         0.00         0.00
7542          7.00         5.00       623.00       128.38        60.00        60.00       120.22         0.00         0.00         0.00         0.00         0.00         0.00         0.00         0.00         0.00         0.00         0.00         0.00
7756          7.00         5.00       623.00       128.38        60.00        50.00       120.22         0.00         0.00        44.50       178.00         0.00         0.00         0.00         0.00         0.00         0.00         0.00         0.00
7759          0.00         0.00         0.00         0.00         0.00         0.00         0.00         0.00         0.00         0.00         0.00         0.00         0.00         0.00         0.00         0.00         0.00         0.00         0.00
3780          7.00         5.00       878.01       429.45        60.00        60.00       209.19        78.39         0.00         0.00         0.00         0.00        90.00         0.00         0.00         0.00         0.00         0.00         0.00
6205          7.00         5.00       623.00       221.06        60.00        60.00       135.04         0.00         0.00         0.00         0.00         0.00         0.00         0.00         0.00         0.00       150.72         0.00         0.00
5027          7.00         5.00       623.00       271.04        60.00        60.00       143.04         0.00         0.00         0.00         0.00         0.00       216.00         0.00         0.00         0.00         0.00         0.00         0.00

















































EJECUTIVOS EN SERVICIOS DE ALIMENTOS, S.A. DE C.V.                                                                      Pagina: 0003
R.F.C.:                                                                                                                    5/NOV/19
REPORTE DE SUELDOS SEMANALES PERCEPCIONES


 
Codigo Dias de Pago Dias Laborad Sueldo       Compensacion Premio Asist Ayuda Transp Vales Despen T.E. Doble   T.E. Triple  Descanso lab Festivo labo Prim Dominic Perc Gravada Prem x Obj   Aguinaldo    Vacaciones   Prima Vacaci Grat Especia Utilidades
..........................................................................................................................................................................................................................................
7791          7.00         5.00       623.00       128.38        60.00        60.00       120.22        66.75         0.00         0.00         0.00        44.50         0.00         0.00         0.00         0.00         0.00         0.00         0.00
7818          7.00         5.00       623.00       271.04        60.00        50.00       143.04         0.00         0.00         0.00       178.00         0.00         0.00         0.00         0.00         0.00         0.00         0.00         0.00
7815          7.00         5.00       623.00       128.38        60.00        50.00       120.22         0.00         0.00         0.00         0.00         0.00         0.00         0.00         0.00         0.00         0.00         0.00         0.00
7838          7.00         5.00       623.00       271.04        60.00        60.00       143.04         0.00         0.00         0.00         0.00         0.00         0.00         0.00         0.00         0.00         0.00         0.00         0.00
7798          7.00         4.00       878.01       358.89         0.00        50.00       174.82         0.00         0.00         0.00         0.00        62.71         0.00         0.00         0.00         0.00         0.00         0.00         0.00
6839          7.00         5.00       623.00       128.38        60.00        60.00       120.22         0.00         0.00         0.00         0.00         0.00         0.00         0.00         0.00         0.00        26.83         0.00         0.00
5646          7.00         5.00       623.00       128.38        60.00        60.00       120.22         0.00         0.00         0.00         0.00         0.00         0.00         0.00         0.00         0.00         0.00         0.00         0.00
7750          7.00         4.00       623.00       107.28         0.00        50.00       100.47         0.00         0.00         0.00         0.00        44.50         0.00         0.00         0.00         0.00         0.00         0.00         0.00
7708          7.00         5.00       623.00       128.38        60.00        60.00       120.22         0.00         0.00         0.00         0.00         0.00         0.00         0.00         0.00         0.00         0.00         0.00         0.00
7833          7.00         5.00       623.00       128.38        60.00        50.00       120.22        44.50         0.00         0.00         0.00         0.00         0.00         0.00         0.00         0.00         0.00         0.00         0.00
6978          7.00         5.00       623.00       128.38        60.00        60.00       120.22         0.00         0.00         0.00         0.00         0.00         0.00         0.00         0.00         0.00        26.83         0.00         0.00
5679          7.00         5.00       816.13       284.55        60.00        60.00       176.10         0.00         0.00         0.00         0.00         0.00         0.00         0.00         0.00         0.00       196.55         0.00         0.00
7530          7.00         4.00       623.00       107.28         0.00        50.00       100.47         0.00         0.00         0.00         0.00         0.00         0.00         0.00         0.00         0.00         0.00         0.00         0.00
6028          7.00         5.00       797.16       213.78        60.00        60.00       161.75       256.23        42.70         0.00         0.00         0.00         0.00         0.00         0.00         0.00         0.00         0.00         0.00
6565          7.00         5.00       623.00       128.38        60.00        60.00       120.22         0.00         0.00         0.00         0.00         0.00         0.00         0.00         0.00         0.00         0.00         0.00         0.00
7731          7.00         5.00       623.00       128.38        60.00        50.00       120.22        44.50         0.00       311.50         0.00        44.50         0.00         0.00         0.00         0.00         0.00         0.00         0.00
7753          7.00         5.00       623.00       271.04        60.00        50.00       143.04         0.00         0.00         0.00       178.00         0.00         0.00         0.00         0.00         0.00         0.00         0.00         0.00
3676          7.00         5.00       878.01       293.86        60.00        50.00       187.49       282.21         0.00       219.50         0.00         0.00         0.00         0.00         0.00         0.00         0.00         0.00         0.00
7822          0.00         0.00         0.00         0.00         0.00         0.00         0.00         0.00         0.00         0.00         0.00         0.00         0.00         0.00         0.00         0.00         0.00         0.00         0.00
3221          7.00         5.00       822.78       285.46        60.00        60.00       177.31       264.46        22.03         0.00         0.00         0.00         0.00         0.00         0.00         0.00         0.00         0.00         0.00
7741          7.00         5.00       623.00       128.38        60.00        50.00       120.22         0.00         0.00         0.00         0.00         0.00         0.00         0.00         0.00         0.00         0.00         0.00         0.00
7779          7.00         5.00       816.13       154.63        60.00        60.00       155.32         0.00         0.00         0.00         0.00         0.00         0.00         0.00         0.00         0.00         0.00         0.00         0.00
7269          7.00         5.00       623.00       128.38        60.00        60.00       120.22         0.00         0.00         0.00         0.00         0.00         0.00         0.00         0.00         0.00        26.83         0.00         0.00
2522          7.00         5.00       623.00       128.38        60.00        60.00       120.22        44.50         0.00         0.00         0.00         0.00         0.00         0.00         0.00         0.00         0.00         0.00         0.00
0236          7.00         5.00     1,074.01       813.26        60.00        60.00       301.96         0.00         0.00         0.00         0.00        76.71         0.00         0.00         0.00         0.00         0.00         0.00         0.00
7080          7.00         5.00       878.01       307.65        60.00        60.00       189.70       282.21       282.21         0.00       250.86         0.00         0.00         0.00         0.00         0.00         0.00         0.00         0.00
5965          7.00         5.00       816.13       193.48        60.00        60.00       161.53        58.29         0.00         0.00         0.00         0.00         0.00         0.00         0.00         0.00         0.00         0.00         0.00
5447          7.00         5.00       623.00       271.04        60.00        50.00       143.04         0.00         0.00         0.00       178.00         0.00         0.00         0.00         0.00         0.00        31.93         0.00         0.00
7723          7.00         5.00       623.00       128.38        60.00        60.00       120.22         0.00         0.00         0.00         0.00        44.50         0.00         0.00         0.00         0.00         0.00         0.00         0.00
6685          7.00         5.00       623.00       128.38        60.00        60.00       120.22        44.50         0.00         0.00         0.00         0.00         0.00         0.00         0.00         0.00         0.00         0.00         0.00
5549          7.00         5.00       623.00       128.38        60.00        60.00       120.22         0.00         0.00         0.00         0.00        44.50         0.00         0.00         0.00         0.00        26.83         0.00         0.00
0854          7.00         5.00     1,010.03       367.57        60.00        60.00       220.41        90.18         0.00         0.00         0.00         0.00        90.00         0.00         0.00         0.00         0.00         0.00         0.00
7295          7.00         5.00       623.00       128.38        60.00        60.00       120.22         0.00         0.00         0.00         0.00         0.00         0.00         0.00         0.00         0.00         0.00         0.00         0.00
6832          7.00         5.00       623.00       128.38        60.00        60.00       120.22         0.00         0.00         0.00         0.00         0.00         0.00         0.00         0.00         0.00         0.00         0.00         0.00
4807          7.00         5.00     3,663.66         0.00        60.00        60.00       564.20         0.00         0.00         0.00         0.00         0.00         0.00         0.00         0.00         0.00       785.07         0.00         0.00
6821          7.00         5.00       816.13       193.48        60.00        50.00       161.53         0.00         0.00         0.00         0.00         0.00         0.00         0.00         0.00         0.00         0.00         0.00         0.00
3169          7.00         5.00       623.00       128.38        60.00        60.00       120.22         0.00         0.00         0.00         0.00         0.00         0.00         0.00         0.00         0.00       134.17         0.00         0.00
4514          7.00         5.00       878.01       293.86        60.00        60.00       187.49         0.00         0.00         0.00         0.00         0.00         0.00         0.00         0.00         0.00         0.00         0.00         0.00
7814          7.00         4.00       623.00       216.83         0.00        40.00       114.43         0.00         0.00         0.00         0.00         0.00         0.00         0.00         0.00         0.00         0.00         0.00         0.00
7104          7.00         5.00       623.00       271.04        60.00        50.00       143.04         0.00         0.00         0.00       178.00         0.00         0.00         0.00         0.00         0.00         0.00         0.00         0.00
7754          7.00         5.00       623.00       128.38        60.00        60.00       120.22         0.00         0.00         0.00         0.00         0.00         0.00         0.00         0.00         0.00         0.00         0.00         0.00
7717          7.00         5.00       878.01       307.65        60.00        60.00       189.70       125.43        47.03         0.00         0.00         0.00         0.00         0.00         0.00         0.00         0.00         0.00         0.00
6014          7.00         5.00       816.13       193.48        60.00        60.00       161.53         0.00         0.00         0.00         0.00         0.00         0.00         0.00         0.00         0.00        36.05         0.00         0.00

















































EJECUTIVOS EN SERVICIOS DE ALIMENTOS, S.A. DE C.V.                                                                      Pagina: 0004
R.F.C.:                                                                                                                    5/NOV/19
REPORTE DE SUELDOS SEMANALES PERCEPCIONES


 
Codigo Dias de Pago Dias Laborad Sueldo       Compensacion Premio Asist Ayuda Transp Vales Despen T.E. Doble   T.E. Triple  Descanso lab Festivo labo Prim Dominic Perc Gravada Prem x Obj   Aguinaldo    Vacaciones   Prima Vacaci Grat Especia Utilidades
..........................................................................................................................................................................................................................................
7775          7.00         5.00       623.00       128.38        60.00        50.00       120.22        44.50         0.00       311.50         0.00        44.50         0.00         0.00         0.00         0.00         0.00         0.00         0.00
7783          7.00         5.00       816.13       201.11        60.00        60.00       162.75         0.00         0.00         0.00         0.00         0.00         0.00         0.00         0.00         0.00         0.00         0.00         0.00
7551          7.00         5.00       623.00       128.38        60.00        60.00       120.22         0.00         0.00         0.00         0.00         0.00       254.48         0.00         0.00         0.00         0.00         0.00         0.00
7715          7.00         5.00       623.00       128.38        60.00        60.00       120.22         0.00         0.00         0.00         0.00        44.50         0.00         0.00         0.00         0.00         0.00         0.00         0.00
3827          7.00         5.00       623.00       191.17        60.00        60.00       130.26        44.50         0.00         0.00         0.00         0.00         0.00         0.00         0.00         0.00         0.00         0.00         0.00
5412          7.00         4.00       623.00       102.70         0.00        40.00        96.17         0.00         0.00         0.00         0.00         0.00         0.00         0.00         0.00         0.00        26.83         0.00         0.00
4504          7.00         5.00     1,484.91       504.98        60.00        50.00       318.38         0.00         0.00         0.00         0.00         0.00       100.00         0.00         0.00         0.00         0.00         0.00         0.00
7395          7.00         5.00       623.00       221.06        60.00        60.00       135.04         0.00         0.00         0.00         0.00         0.00         0.00         0.00         0.00         0.00       150.72         0.00         0.00
0214          7.00         5.00     2,439.50     1,224.16        60.00        60.00       564.20         0.00         0.00         0.00         0.00         0.00         0.00         0.00         0.00         0.00         0.00         0.00         0.00
6321          7.00         5.00       623.00       191.17        60.00        60.00       130.26         0.00         0.00         0.00         0.00         0.00         0.00         0.00         0.00         0.00         0.00         0.00         0.00
5232          7.00         5.00       670.25       223.79        60.00        50.00       143.04        95.75         0.00         0.00       191.50         0.00       100.00         0.00         0.00         0.00         0.00         0.00         0.00
4958          7.00         5.00       623.00       128.38        60.00        60.00       120.22         0.00         0.00         0.00         0.00         0.00         0.00         0.00         0.00         0.00         0.00         0.00         0.00
3979          7.00         5.00     2,177.98     1,067.22        60.00        60.00       519.23         0.00         0.00         0.00         0.00         0.00         0.00         0.00         0.00         0.00     1,622.60         0.00         0.00
0442          7.00         5.00       774.06       481.39        60.00        60.00       200.87        41.46         0.00         0.00         0.00         0.00         0.00         0.00         0.00         0.00         0.00         0.00         0.00
7699          7.00         5.00       623.00       128.38        60.00        60.00       120.22         0.00         0.00         0.00         0.00        44.50         0.00         0.00         0.00         0.00         0.00         0.00         0.00
7330          0.00         0.00         0.00         0.00         0.00         0.00         0.00         0.00         0.00         0.00         0.00         0.00         0.00         0.00         0.00         0.00         0.00         0.00         0.00
7719          7.00         5.00       623.00       128.38        60.00        60.00       120.22         0.00         0.00         0.00         0.00         0.00         0.00         0.00         0.00         0.00         0.00         0.00         0.00
7421          7.00         5.00       623.00       128.38        60.00        60.00       120.22       133.50         0.00         0.00         0.00         0.00         0.00         0.00         0.00         0.00         0.00         0.00         0.00
7776          7.00         5.00       623.00       128.38        60.00        50.00       120.22         0.00         0.00         0.00         0.00         0.00         0.00         0.00         0.00         0.00         0.00         0.00         0.00
7823          7.00         5.00       623.00       128.38        60.00        60.00       120.22         0.00         0.00         0.00         0.00         0.00         0.00         0.00         0.00         0.00         0.00         0.00         0.00
7298          7.00         5.00       955.99       413.77        60.00        50.00       219.16         0.00         0.00         0.00         0.00         0.00         0.00         0.00         0.00         0.00        48.92         0.00         0.00
7758          7.00         5.00       623.00       128.38        60.00        60.00       120.22         0.00         0.00         0.00         0.00         0.00         0.00         0.00         0.00         0.00         0.00         0.00         0.00
5396          7.00         5.00       623.00       128.38        60.00        60.00       120.22         0.00         0.00         0.00         0.00         0.00         0.00         0.00         0.00         0.00        80.50         0.00         0.00
5704          7.00         5.00       878.01       355.11        60.00        50.00       197.29        62.71         0.00       250.86         0.00         0.00         0.00         0.00         0.00         0.00         0.00         0.00         0.00
7503          7.00         5.00       623.00       221.06        60.00        60.00       135.04         0.00         0.00         0.00         0.00        44.50         0.00         0.00         0.00         0.00       120.58         0.00         0.00
7588          7.00         5.00       623.00       128.38        60.00        60.00       120.22         0.00         0.00         0.00         0.00         0.00         0.00         0.00         0.00         0.00         0.00         0.00         0.00
7821          7.00         5.00       623.00       271.04        60.00        60.00       143.04         0.00         0.00         0.00         0.00         0.00         0.00         0.00         0.00         0.00         0.00         0.00         0.00
5588          7.00         5.00       623.00       128.38        60.00        60.00       120.22         0.00         0.00         0.00         0.00         0.00         0.00         0.00         0.00         0.00         0.00         0.00         0.00
6203          7.00         5.00       623.00       221.06        60.00        60.00       135.04        44.50         0.00         0.00         0.00        44.50         0.00         0.00         0.00         0.00         0.00         0.00         0.00
6582          7.00         5.00       623.00       128.38        60.00        50.00       120.22        22.25         0.00       178.00         0.00         0.00         0.00         0.00         0.00         0.00         0.00         0.00         0.00
7392          7.00         5.00       623.00       128.38        60.00        60.00       120.22         0.00         0.00         0.00         0.00         0.00         0.00         0.00         0.00         0.00         0.00         0.00         0.00
7226          7.00         5.00       623.00       271.04        60.00        60.00       143.04         0.00         0.00         0.00         0.00         0.00         0.00         0.00         0.00         0.00         0.00         0.00         0.00
7664          7.00         5.00       623.00       128.38        60.00        60.00       120.22         0.00         0.00         0.00         0.00         0.00         0.00         0.00         0.00         0.00         0.00         0.00         0.00
7766          7.00         5.00       623.00       128.38        60.00        50.00       120.22         0.00         0.00         0.00         0.00         0.00       178.00         0.00         0.00         0.00         0.00         0.00         0.00
3326          7.00         5.00       878.01       429.45        60.00        60.00       209.19         0.00         0.00         0.00         0.00         0.00         0.00         0.00         0.00         0.00         0.00         0.00         0.00
0449          7.00         5.00       714.35       124.04        60.00        50.00       134.14         0.00         0.00         0.00         0.00         0.00         0.00         0.00         0.00         0.00       179.65         0.00         0.00
6934          7.00         5.00     2,057.51       821.94        60.00        60.00       460.71         0.00         0.00         0.00         0.00         0.00         0.00         0.00         0.00         0.00         0.00         0.00         0.00
7770          7.00         4.00       623.00       107.28         0.00        50.00       100.47         0.00         0.00         0.00         0.00         0.00         0.00         0.00         0.00         0.00         0.00         0.00         0.00
7137          7.00         5.00       816.13       403.34        60.00        50.00       195.11         0.00         0.00         0.00         0.00         0.00       183.43         0.00         0.00         0.00         0.00         0.00         0.00
6682          7.00         4.00       623.00       102.70         0.00        40.00        96.17         0.00         0.00         0.00         0.00         0.00         0.00         0.00         0.00         0.00         0.00         0.00         0.00
1269          7.00         5.00       623.00       128.38        60.00        50.00       120.22         0.00         0.00         0.00         0.00         0.00         0.00         0.00         0.00         0.00       134.17         0.00         0.00
6006          7.00         5.00       623.00       128.38        60.00        50.00       120.22         0.00         0.00         0.00         0.00         0.00         0.00         0.00         0.00         0.00         0.00         0.00         0.00
1419          7.00         5.00     1,010.03       367.57        60.00        60.00       220.41         0.00         0.00         0.00         0.00         0.00         0.00         0.00         0.00         0.00         0.00         0.00         0.00

















































EJECUTIVOS EN SERVICIOS DE ALIMENTOS, S.A. DE C.V.                                                                      Pagina: 0005
R.F.C.:                                                                                                                    5/NOV/19
REPORTE DE SUELDOS SEMANALES PERCEPCIONES


 
Codigo Dias de Pago Dias Laborad Sueldo       Compensacion Premio Asist Ayuda Transp Vales Despen T.E. Doble   T.E. Triple  Descanso lab Festivo labo Prim Dominic Perc Gravada Prem x Obj   Aguinaldo    Vacaciones   Prima Vacaci Grat Especia Utilidades
..........................................................................................................................................................................................................................................
7545          7.00         4.00       878.01       257.10         0.00        50.00       158.53         0.00         0.00         0.00         0.00         0.00         0.00         0.00         0.00         0.00       169.38         0.00         0.00
3525          7.00         5.00       816.13       154.63        60.00        60.00       155.32       145.73       174.88         0.00         0.00         0.00         0.00         0.00         0.00         0.00         0.00         0.00         0.00
7813          0.00         0.00         0.00         0.00         0.00         0.00         0.00         0.00         0.00         0.00         0.00         0.00         0.00         0.00         0.00         0.00         0.00         0.00         0.00
6885          7.00         5.00       623.00       128.38        60.00        60.00       120.22         0.00         0.00         0.00         0.00         0.00         0.00         0.00         0.00         0.00         0.00         0.00         0.00
4775          7.00         5.00       623.00       128.38        60.00        50.00       120.22         0.00         0.00         0.00         0.00         0.00         0.00         0.00         0.00         0.00         0.00         0.00         0.00
7528          7.00         5.00       623.00       221.06        60.00        60.00       135.04        66.75         0.00       178.00         0.00        44.50         0.00         0.00         0.00         0.00       120.58         0.00         0.00
4832          7.00         5.00       623.00       128.38        60.00        60.00       120.22         0.00         0.00         0.00         0.00         0.00         0.00         0.00         0.00         0.00         0.00         0.00         0.00
7836          7.00         5.00       623.00       128.38        60.00        60.00       120.22         0.00         0.00         0.00         0.00         0.00         0.00         0.00         0.00         0.00         0.00         0.00         0.00
7824          7.00         5.00       623.00       128.38        60.00        60.00       120.22         0.00         0.00         0.00         0.00         0.00         0.00         0.00         0.00         0.00         0.00         0.00         0.00
3321          7.00         5.00     1,077.37       632.59        60.00        50.00       273.59       346.29       663.73         0.00       307.82         0.00       438.96         0.00         0.00         0.00         0.00         0.00         0.00
2112          7.00         5.00       623.00       128.38        60.00        60.00       120.22        44.50         0.00         0.00         0.00         0.00         0.00         0.00         0.00         0.00         0.00         0.00         0.00
0624          7.00         5.00       983.99       827.19        60.00        50.00       289.78       316.28         0.00         0.00       281.14         0.00         0.00         0.00         0.00         0.00         0.00         0.00         0.00
6877          7.00         5.00       816.13       154.63        60.00        50.00       155.32         0.00         0.00         0.00       233.18         0.00         0.00         0.00         0.00         0.00         0.00         0.00         0.00
4385          7.00         5.00       816.13       242.20        60.00        50.00       169.33         0.00         0.00         0.00         0.00         0.00       120.00         0.00         0.00         0.00        37.79         0.00         0.00
7378          7.00         5.00       623.00       128.38        60.00        60.00       120.22         0.00         0.00         0.00         0.00        44.50         0.00         0.00         0.00         0.00         0.00         0.00         0.00
0366          7.00         5.00     2,020.55       870.03        60.00        50.00       462.49         0.00         0.00         0.00         0.00         0.00         0.00         0.00         0.00         0.00       103.23         0.00         0.00
7755          7.00         5.00       623.00       128.38        60.00        50.00       120.22         0.00         0.00       178.00       178.00         0.00         0.00         0.00         0.00         0.00         0.00         0.00         0.00
6206          7.00         5.00       816.13       193.48        60.00        60.00       161.53       174.88         0.00         0.00         0.00         0.00         0.00         0.00         0.00         0.00         0.00         0.00         0.00
4366          7.00         5.00       623.00       271.04        60.00        60.00       143.04         0.00         0.00         0.00         0.00         0.00         0.00         0.00         0.00         0.00         0.00         0.00         0.00
7618          7.00         5.00       623.00       128.38        60.00        50.00       120.22        11.12         0.00         0.00         0.00         0.00         0.00         0.00         0.00         0.00         0.00         0.00         0.00
 
*** GLOBAL               886.00   140,425.20    43,336.34     9,870.00    10,000.00    29,015.03     6,092.98     2,578.61     3,572.58     3,692.86     1,208.57     4,727.98         0.00         0.00         0.00     5,174.06         0.00         0.00
  





































































