EJECUTIVOS EN SERVICIOS DE ALIMENTOS, S.A. DE C.V.                                                                      Pagina: 0001
R.F.C.:                                                                                                                    2/NOV/19
REPORTE DE SUELDOS SEMANALES DEDUCCIONES


 
Codigo Desc Vales   Desc Zapatos Otras Deducc Desc Fonacot Pension Alim Desc Infonav Faltas       Inca Enferme Inca Riesgo  ISPT         Ajus ISPT    IMSS          Sub P/Empleo Tot Per Grav Tot Per Exce Total Percep Total Deducc Neto Pagado
..........................................................................................................................................................................................................................................
8071          1.00         0.00         0.00         0.00         0.00         0.00         0.00         0.00         0.00         0.00         0.00        20.72         38.91       861.38       159.13     1,020.51        21.72       998.79
6600          1.00         0.00         0.00         0.00         0.00       246.12         0.00         0.00         0.00         0.00         0.00        21.66         36.16       904.15       163.22     1,067.37       268.78       798.59
7685          1.00         0.00         0.00         0.00         0.00         0.00         0.00         0.00         0.00         0.00         0.00        32.12         31.40       978.53       222.83     1,201.36        33.12     1,168.24
5933          1.00         0.00         0.00         0.00         0.00         0.00         0.00         0.00         0.00         0.00         0.00        26.88         42.02       914.15       169.08     1,083.23        27.88     1,055.35
7170          1.00         0.00         0.00         0.00         0.00         0.00         0.00         0.00         0.00         0.00         0.00        28.51          2.55     1,184.52       206.86     1,391.38        29.51     1,361.87
5201          1.00         0.00         0.00         0.00         0.00       335.50         0.00         0.00         0.00        58.21         0.00        36.05          0.00     1,592.09       314.55     1,906.64       430.76     1,475.88
3890          1.00         0.00         0.00         0.00         0.00         0.00         0.00         0.00         0.00       178.37         0.00        54.49          0.00     2,104.51       319.12     2,423.63       233.86     2,189.77
7834          0.00        56.00         0.00         0.00         0.00         0.00         0.00         0.00         0.00         0.00         0.00        28.98         29.14     1,014.04        29.14     1,043.18        84.98       958.20
8083          1.00         0.00         0.00         0.00         0.00         0.00         0.00         0.00         0.00         1.73         0.00        32.32          0.00     1,246.79       180.28     1,427.07        35.05     1,392.02
1123          1.00         0.00         0.00         0.00         0.00         0.00         0.00         0.00         0.00        86.48         0.00        35.40          0.00     1,449.71       291.77     1,741.48       122.88     1,618.60
8049          1.00         0.00         0.00         0.00         0.00         0.00         0.00         0.00         0.00         0.00         0.00        24.43         38.27       871.38       158.49     1,029.87        25.43     1,004.44
8100          1.00         0.00         0.00         0.00         0.00         0.00         0.00         0.00         0.00         0.00         0.00        19.65         38.91       861.38       159.13     1,020.51        20.65       999.86
8085          1.00         0.00         0.00         0.00         0.00         0.00       120.51         0.00         0.00         0.00         0.00        17.96         48.29       796.38       148.76       945.14       139.47       805.67
8066          1.00         0.00         0.00         0.00         0.00         0.00         0.00         0.00         0.00         0.00         0.00        20.08         38.27       871.38       158.49     1,029.87        21.08     1,008.79
7977          1.00         0.00         0.00         0.00         0.00         0.00         0.00         0.00         0.00         0.00         0.00        23.90         15.77     1,057.91       161.74     1,219.65        24.90     1,194.75
8027          1.00         0.00         0.00         0.00         0.00         0.00         0.00         0.00         0.00         0.00         0.00        25.31         27.83     1,042.16       199.55     1,241.71        26.31     1,215.40
8088          1.00         0.00         0.00         0.00         0.00         0.00         0.00         0.00         0.00         0.00         0.00        20.06         44.72       871.38       164.94     1,036.32        21.06     1,015.26
8112          1.00         0.00         0.00         0.00         0.00         0.00         0.00         0.00         0.00        11.19         0.00        27.97          0.00     1,246.79       242.99     1,489.78        40.16     1,449.62
7259          1.00         0.00         0.00         0.00         0.00         0.00         0.00         0.00         0.00         0.00         0.00        20.94         36.17       904.15       163.23     1,067.38        21.94     1,045.44
8073          0.00         0.00         0.00         0.00         0.00         0.00         0.00         0.00         0.00         0.00         0.00         0.00          0.00         0.00         0.00         0.00         0.00         0.00
7312          1.00         0.00         0.00         0.00         0.00         0.00         0.00         0.00         0.00         0.00         0.00        24.08         32.33       964.06       167.37     1,131.43        25.08     1,106.35
7338          1.00         0.00         0.00         0.00         0.00         0.00         0.00         0.00         0.00         0.00         0.00        23.98         28.05     1,014.04       171.09     1,185.13        24.98     1,160.15
5677          1.00         0.00         0.00         0.00         0.00         0.00         0.00         0.00         0.00        29.85         0.00        33.25          0.00     1,418.36       260.41     1,678.77        64.10     1,614.67
8078          1.00         0.00         0.00         0.00         0.00         0.00       144.20         0.00         0.00         0.00         0.00        21.95         45.24       928.02       141.41     1,069.43       167.15       902.28
8023          1.00         0.00         0.00         0.00         0.00         0.00         0.00         0.00         0.00         0.00         0.00        25.28         25.85     1,042.16       197.57     1,239.73        26.28     1,213.45
8042          1.00         0.00         0.00         0.00         0.00         0.00         0.00         0.00         0.00        17.72         0.00        28.20          0.00     1,306.85       120.22     1,427.07        46.92     1,380.15
7943          1.00         0.00         0.00         0.00         0.00         0.00         0.00         0.00         0.00         0.00         0.00        25.35         38.27       871.38       158.49     1,029.87        26.35     1,003.52
0849          1.00         0.00         0.00         0.00         0.00         0.00         0.00         0.00         0.00         0.00         0.00        28.02         11.07     1,089.04       154.11     1,243.15        29.02     1,214.13
7536          1.00         0.00         0.00         0.00         0.00         0.00       120.51         0.00         0.00         0.00         0.00        25.35         27.54     1,126.80       172.34     1,299.14       146.86     1,152.28
5181          1.00         0.00         0.00         0.00         0.00         0.00         0.00         0.00         0.00         0.00         0.00        21.24         35.53       914.15       162.59     1,076.74        22.24     1,054.50
5429          1.00         0.00         0.00         0.00         0.00         0.00         0.00         0.00         0.00       342.16         0.00        77.10          0.00     2,996.23       471.05     3,467.28       420.26     3,047.02
7655          1.00         0.00         0.00         0.00         0.00         0.00         0.00         0.00         0.00         0.00         0.00        29.12         28.65     1,025.65       155.71     1,181.36        30.12     1,151.24
5558          1.00         0.00         0.00         0.00         0.00         0.00         0.00         0.00         0.00         0.00         0.00        24.38         13.08     1,087.72       201.18     1,288.90        25.38     1,263.52
7663          1.00         0.00         0.00         0.00         0.00         0.00         0.00         0.00         0.00         0.00         0.00        30.16          1.94     1,190.10       186.53     1,376.63        31.16     1,345.47
8093          1.00         0.00         0.00         0.00         0.00         0.00       120.51         0.00         0.00         0.00         0.00        22.66         24.04     1,151.54       291.88     1,443.42       144.17     1,299.25
7773          1.00         0.00         0.00         0.00         0.00         0.00       120.51         0.00         0.00         0.00         0.00        20.42         39.88       880.51       146.06     1,026.57       141.93       884.64
1424          1.00         0.00       300.00         0.00         0.00       466.38         0.00         0.00         0.00       275.76         0.00        75.24          0.00     2,669.97       409.59     3,079.56     1,118.38     1,961.18
5280          1.00         0.00         0.00       362.10         0.00       435.11         0.00         0.00         0.00       162.05         0.00        48.67          0.00     2,003.82       373.00     2,376.82     1,008.93     1,367.89
8020          1.00         0.00         0.00         0.00         0.00         0.00         0.00         0.00         0.00         0.00         0.00        19.82         45.36       861.38       165.58     1,026.96        20.82     1,006.14
7994          1.00         0.00         0.00         0.00         0.00         0.00         0.00         0.00         0.00         0.00         0.00        24.24         26.77     1,025.88       185.61     1,211.49        25.24     1,186.25
6461          1.00         0.00       200.00         0.00         0.00         0.00         0.00         0.00         0.00         1.37         0.00        27.33          0.00     1,220.62       311.20     1,531.82       229.70     1,302.12
6765          1.00         0.00         0.00         0.00         0.00         0.00         0.00         0.00         0.00       261.69         0.00        59.19          0.00     2,591.52       338.80     2,930.32       321.88     2,608.44
8017          1.00         0.00         0.00         0.00         0.00       229.93         0.00         0.00         0.00         0.00         0.00        22.51         76.02       350.55       124.10       474.65       253.44       221.21

















































EJECUTIVOS EN SERVICIOS DE ALIMENTOS, S.A. DE C.V.                                                                      Pagina: 0002
R.F.C.:                                                                                                                    2/NOV/19
REPORTE DE SUELDOS SEMANALES DEDUCCIONES


 
Codigo Desc Vales   Desc Zapatos Otras Deducc Desc Fonacot Pension Alim Desc Infonav Faltas       Inca Enferme Inca Riesgo  ISPT         Ajus ISPT    IMSS          Sub P/Empleo Tot Per Grav Tot Per Exce Total Percep Total Deducc Neto Pagado
..........................................................................................................................................................................................................................................
8121          0.00         0.00         0.00         0.00         0.00         0.00       482.04         0.00         0.00         0.00         0.00         8.13         24.55       666.25        24.55       690.80       490.17       200.63
7909          1.00         0.00         0.00         0.00         0.00         0.00         0.00         0.00         0.00         0.00         0.00        26.34         38.27       871.38       158.49     1,029.87        27.34     1,002.53
5000          1.00         0.00         0.00         0.00         0.00         0.00         0.00         0.00         0.00         0.00         0.00        36.34          2.16     1,188.13       173.06     1,361.19        37.34     1,323.85
8113          1.00         0.00         0.00         0.00         0.00         0.00         0.00         0.00         0.00         4.13         0.00        27.97          0.00     1,236.79       180.28     1,417.07        33.10     1,383.97
5644          1.00         0.00       200.00         0.00         0.00       337.88         0.00         0.00         0.00        42.49         0.00        32.02          0.00     1,534.49       296.26     1,830.75       613.39     1,217.36
6638          1.00         0.00         0.00         0.00         0.00         0.00         0.00         0.00         0.00         0.00         0.00        23.80         35.53       914.15       162.59     1,076.74        24.80     1,051.94
8119          0.00         0.00         0.00         0.00         0.00         0.00         0.00         0.00         0.00         0.00         0.00        15.99         26.75       841.26        39.62       880.88        15.99       864.89
7800          1.00         0.00         0.00         0.00         0.00         0.00         0.00         0.00         0.00         0.00         0.00        23.88         31.32       979.89       151.54     1,131.43        24.88     1,106.55
8111          1.00         0.00         0.00         0.00         0.00         0.00         0.00         0.00         0.00         0.00         0.00        18.65         35.09       871.38       155.31     1,026.69        19.65     1,007.04
6690          1.00         0.00         0.00         0.00         0.00         0.00         0.00         0.00         0.00         0.00         0.00        21.90         35.75       910.59       169.24     1,079.83        22.90     1,056.93
7168          1.00         0.00         0.00         0.00         0.00         0.00         0.00         0.00         0.00         0.00         0.00        27.65         42.02       914.15       169.08     1,083.23        28.65     1,054.58
8120          0.00         0.00         0.00         0.00         0.00         0.00       288.40         0.00         0.00         0.00         0.00        12.06         41.21       657.03        41.21       698.24       300.46       397.78
8081          1.00         0.00         0.00         0.00         0.00         0.00         0.00         0.00         0.00         0.00         0.00        28.59          8.19     1,196.66       244.28     1,440.94        29.59     1,411.35
7991          1.00         0.00         0.00         0.00         0.00         0.00         0.00         0.00       175.60         4.82         0.00        24.98          0.00     1,117.03       144.22     1,261.25       206.40     1,054.85
8063          1.00         0.00         0.00         0.00         0.00         0.00         0.00         0.00         0.00         0.00         0.00        19.83         38.90       861.38       159.12     1,020.50        20.83       999.67
8115          1.00         0.00         0.00         0.00         0.00         0.00         0.00         0.00         0.00        25.65         0.00        18.65          0.00     1,379.76       236.09     1,615.85        45.30     1,570.55
4314          1.00         0.00         0.00         0.00         0.00         0.00         0.00         0.00         0.00       176.87         0.00        52.10          0.00     2,095.15       385.95     2,481.10       229.97     2,251.13
7848          1.00         0.00         0.00         0.00         0.00         0.00         0.00         0.00         0.00         0.00         0.00        19.82         38.90       861.38       159.12     1,020.50        20.82       999.68
7632          1.00         0.00         0.00         0.00         0.00         0.00         0.00         0.00         0.00         0.00         0.00        23.22         29.76     1,004.28       246.94     1,251.22        24.22     1,227.00
7873          1.00         0.00         0.00         0.00         0.00         0.00         0.00         0.00         0.00         0.00         0.00        25.93         44.72       871.38       164.94     1,036.32        26.93     1,009.39
8068          1.00         0.00         0.00         0.00         0.00         0.00         0.00         0.00         0.00       128.45         0.00        39.44          0.00     1,701.01       299.29     2,000.30       168.89     1,831.41
8086          1.00         0.00         0.00         0.00         0.00         0.00         0.00         0.00         0.00         0.00         0.00        20.05          9.61     1,116.00       181.33     1,297.33        21.05     1,276.28
8106          1.00         0.00         0.00         0.00         0.00         0.00         0.00         0.00         0.00         0.00         0.00        22.04         38.27       871.38       209.99     1,081.37        23.04     1,058.33
7847          1.00         0.00         0.00         0.00         0.00         0.00         0.00         0.00         0.00         0.00         0.00        19.82         45.48       861.38       165.70     1,027.08        20.82     1,006.26
8082          1.00         0.00         0.00         0.00         0.00         0.00       120.51         0.00         0.00         0.00         0.00        19.21         48.29       796.38       200.26       996.64       140.72       855.92
7633          1.00         0.00         0.00         0.00         0.00         0.00         0.00         0.00         0.00         0.00         0.00        26.36         36.17       904.15       163.23     1,067.38        27.36     1,040.02
8122          0.00         0.00         0.00         0.00         0.00         0.00       120.51         0.00         0.00         0.00         0.00         6.03         21.84       276.18        21.84       298.02       126.54       171.48
8095          0.00         0.00         0.00         0.00         0.00         0.00         0.00         0.00         0.00         0.00         0.00        20.57         26.05     1,062.41        96.86     1,159.27        20.57     1,138.70
7984          1.00         0.00         0.00         0.00         0.00         0.00         0.00         0.00         0.00        10.10         0.00        29.16          0.00     1,236.79       180.28     1,417.07        40.26     1,376.81
7914          1.00         0.00         0.00         0.00         0.00         0.00         0.00         0.00         0.00         0.00         0.00        20.89         38.27       871.38       158.49     1,029.87        21.89     1,007.98
2897          1.00         0.00         0.00         0.00         0.00         0.00         0.00         0.00         0.00         0.00         0.00        24.21         35.53       914.15       162.59     1,076.74        25.21     1,051.53
5630          1.00         0.00         0.00         0.00         0.00         0.00         0.00         0.00         0.00         0.00         0.00        20.98         33.96       938.63       231.43     1,170.06        21.98     1,148.08
8007          1.00         0.00         0.00         0.00         0.00         0.00         0.00         0.00         0.00         0.00         0.00        28.02          3.22     1,178.33       172.55     1,350.88        29.02     1,321.86
8048          1.00         0.00         0.00         0.00         0.00         0.00         0.00         0.00         0.00       280.29         0.00        47.64          0.00     2,706.59       440.80     3,147.39       328.93     2,818.46
8052          1.00         0.00         0.00         0.00         0.00         0.00         0.00         0.00         0.00        59.95         0.00        38.40          0.00     1,608.00       239.68     1,847.68        99.35     1,748.33
8105          1.00         0.00         0.00         0.00         0.00         0.00         0.00         0.00         0.00         0.00         0.00        23.06         21.47     1,032.16       141.69     1,173.85        24.06     1,149.79
7614          1.00         0.00         0.00         0.00         0.00         0.00         0.00         0.00         0.00       197.54         0.00        37.40          0.00     2,224.34       330.80     2,555.14       235.94     2,319.20
3318          1.00         0.00       500.00         0.00         0.00       510.55         0.00         0.00         0.00       229.37         0.00        62.79          0.00     2,411.11       313.42     2,724.53     1,303.71     1,420.82
7804          1.00         0.00         0.00         0.00         0.00         0.00         0.00         0.00         0.00        55.18         0.00        37.85          0.00     1,564.18       232.66     1,796.84        94.03     1,702.81
6083          1.00         0.00         0.00         0.00         0.00         0.00         0.00         0.00         0.00         0.00         0.00        23.21         32.33       964.06       218.87     1,182.93        24.21     1,158.72
8118          1.00         0.00         0.00         0.00         0.00         0.00         0.00         0.00         0.00        28.14         0.00        18.65          0.00     1,402.66       210.34     1,613.00        47.79     1,565.21
6766          1.00         0.00         0.00         0.00         0.00         0.00         0.00         0.00         0.00        65.59         0.00        34.08          0.00     1,266.87       286.33     1,553.20       100.67     1,452.53
8084          1.00         0.00         0.00         0.00         0.00         0.00         0.00         0.00         0.00         0.00         0.00        23.64          2.67     1,119.41       200.14     1,319.55        24.64     1,294.91

















































EJECUTIVOS EN SERVICIOS DE ALIMENTOS, S.A. DE C.V.                                                                      Pagina: 0003
R.F.C.:                                                                                                                    2/NOV/19
REPORTE DE SUELDOS SEMANALES DEDUCCIONES


 
Codigo Desc Vales   Desc Zapatos Otras Deducc Desc Fonacot Pension Alim Desc Infonav Faltas       Inca Enferme Inca Riesgo  ISPT         Ajus ISPT    IMSS          Sub P/Empleo Tot Per Grav Tot Per Exce Total Percep Total Deducc Neto Pagado
..........................................................................................................................................................................................................................................
5746          1.00         0.00         0.00         0.00         0.00         0.00         0.00         0.00         0.00         0.00         0.00        15.99         24.87       870.65       125.34       995.99        16.99       979.00
4137          1.00         0.00         0.00         0.00         0.00         0.00         0.00         0.00         0.00       431.77         0.00        90.71          0.00     3,415.75       763.11     4,178.86       523.48     3,655.38
8009          0.00         0.00         0.00         0.00         0.00         0.00         0.00         0.00         0.00         0.00         0.00         0.00          0.00         0.00         0.00         0.00         0.00         0.00
7542          1.00         0.00         0.00         0.00         0.00         0.00         0.00         0.00         0.00         0.00         0.00        28.48         35.64       927.03       175.57     1,102.60        29.48     1,073.12
3780          1.00         0.00         0.00         0.00         0.00         0.00         0.00         0.00         0.00        26.17         0.00        40.02          0.00     1,682.09       314.55     1,996.64        67.19     1,929.45
6205          1.00         0.00         0.00         0.00         0.00         0.00         0.00         0.00         0.00         0.00         0.00        22.62         32.33       964.06       167.37     1,131.43        23.62     1,107.81
5027          1.00         0.00         0.00         0.00         0.00         0.00         0.00         0.00         0.00         9.37         0.00        34.14          0.00     1,230.04       143.04     1,373.08        44.51     1,328.57
7818          1.00         0.00         0.00         0.00         0.00         0.00         0.00         0.00         0.00         0.00         0.00        23.38         16.94     1,016.92       172.85     1,189.77        24.38     1,165.39
7221          1.00         0.00         0.00         0.00         0.00         0.00         0.00         0.00         0.00         0.00         0.00        22.99         57.03       867.82       183.68     1,051.50        23.99     1,027.51
7815          1.00         0.00         0.00         0.00         0.00         0.00         0.00         0.00         0.00        16.63         0.00        33.30          0.00     1,296.85       120.22     1,417.07        50.93     1,366.14
6839          1.00         0.00         0.00         0.00         0.00         0.00         0.00         0.00         0.00         5.66         0.00        27.57          0.00     1,267.40       242.93     1,510.33        34.23     1,476.10
5646          1.00         0.00         0.00         0.00         0.00         0.00         0.00         0.00         0.00         0.00         0.00        26.52         35.53       914.15       162.59     1,076.74        27.52     1,049.22
8011          1.00         0.00         0.00         0.00         0.00         0.00         0.00         0.00         0.00       150.67         0.00        31.44          0.00     1,905.29       321.38     2,226.67       183.11     2,043.56
7708          1.00         0.00         0.00         0.00         0.00         0.00         0.00         0.00         0.00         0.00         0.00        23.13         35.53       914.15       162.59     1,076.74        24.13     1,052.61
7869          1.00         0.00         0.00         0.00         0.00         0.00         0.00         0.00         0.00         0.00         0.00        22.37         32.33       964.06       218.87     1,182.93        23.37     1,159.56
7973          1.00         0.00         0.00         0.00         0.00       151.47       144.20         0.00         0.00         0.00         0.00        20.21         56.77       785.30       152.94       938.24       316.88       621.36
8043          1.00         0.00         0.00         0.00         0.00         0.00         0.00         0.00         0.00         0.00         0.00        24.33         20.83     1,042.16       141.05     1,183.21        25.33     1,157.88
8012          1.00         0.00         0.00         0.00         0.00         0.00         0.00         0.00         0.00        47.00         0.00        30.48          0.00     1,512.10       390.59     1,902.69        78.48     1,824.21
7530          1.00         0.00         0.00         0.00         0.00         0.00         0.00         0.00         0.00         0.00         0.00        29.94         31.00       984.96       228.87     1,213.83        30.94     1,182.89
8077          1.00         0.00         0.00         0.00         0.00         0.00       120.51         0.00         0.00         0.00         0.00        21.04         30.94     1,028.13       247.28     1,275.41       142.55     1,132.86
8076          1.00         0.00         0.00         0.00         0.00         0.00         0.00         0.00         0.00        10.10         0.00        30.32          0.00     1,236.79       180.28     1,417.07        41.42     1,375.65
6028          1.00         0.00         0.00         0.00         0.00       407.29         0.00         0.00         0.00        46.12         0.00        33.51          0.00     1,556.91       332.36     1,889.27       487.92     1,401.35
6565          0.00         0.00         0.00         0.00         0.00         0.00         0.00         0.00         0.00         0.00         0.00         0.00          0.00         0.00         0.00         0.00         0.00         0.00
3676          1.00         0.00         0.00         0.00         0.00         0.00         0.00         0.00         0.00       125.60         0.00        38.39          0.00     1,674.89       338.80     2,013.69       164.99     1,848.70
3221          1.00         0.00         0.00         0.00         0.00         0.00         0.00         0.00         0.00        57.66         0.00        32.50          0.00     1,586.95       311.82     1,898.77        91.16     1,807.61
7779          0.00         0.00         0.00         0.00         0.00         0.00         0.00         0.00         0.00         0.00         0.00         0.00          0.00         0.00         0.00         0.00         0.00         0.00
7942          1.00         0.00         0.00         0.00         0.00         0.00         0.00         0.00         0.00         0.00         0.00        23.67         21.47     1,032.16       141.69     1,173.85        24.67     1,149.18
7845          1.00         0.00         0.00         0.00         0.00         0.00         0.00         0.00         0.00        11.98         0.00        37.12          0.00     1,254.04       143.04     1,397.08        50.10     1,346.98
4773          1.00         0.00         0.00         0.00         0.00         0.00         0.00         0.00         0.00         0.00         0.00        18.65         26.32     1,042.16       198.04     1,240.20        19.65     1,220.55
7996          1.00         0.00         0.00         0.00         0.00         0.00         0.00         0.00         0.00         0.00         0.00        22.82         20.83     1,042.16       192.55     1,234.71        23.82     1,210.89
2522          1.00         0.00         0.00         0.00         0.00         0.00         0.00         0.00         0.00         0.83         0.00        26.85          0.00     1,151.53       242.93     1,394.46        28.68     1,365.78
7080          1.00         0.00         0.00         0.00         0.00         0.00         0.00         0.00         0.00        24.04         0.00        34.72          0.00     1,364.95       199.19     1,564.14        59.76     1,504.38
5965          1.00         0.00         0.00         0.00         0.00         0.00         0.00         0.00         0.00         0.00         0.00        28.07          9.60     1,218.74       211.10     1,429.84        29.07     1,400.77
5447          1.00         0.00         0.00         0.00         0.00         0.00         0.00         0.00         0.00         0.00         0.00        26.17         17.51     1,016.92       173.42     1,190.34        27.17     1,163.17
6685          1.00         0.00         0.00         0.00         0.00         0.00         0.00         0.00         0.00       110.14         0.00        29.99          0.00     1,918.40       242.93     2,161.33       141.13     2,020.20
8056          1.00         0.00         0.00         0.00         0.00         0.00         0.00         0.00         0.00       358.23         0.00        37.22          0.00     3,081.20       321.38     3,402.58       396.45     3,006.13
5549          1.00         0.00         0.00         0.00         0.00         0.00         0.00         0.00         0.00         0.00         0.00        31.56         21.25     1,035.65       176.67     1,212.32        32.56     1,179.76
8117          1.00         0.00         0.00         0.00         0.00         0.00         0.00         0.00         0.00         0.00         0.00        18.65         38.90       861.38       159.12     1,020.50        19.65     1,000.85
0854          1.00         0.00         0.00         0.00         0.00       332.71         0.00         0.00         0.00       135.94         0.00        42.13          0.00     1,769.88       340.47     2,110.35       511.78     1,598.57
7295          1.00         0.00       100.00         0.00         0.00         0.00         0.00         0.00         0.00         0.00         0.00        28.10         30.58       991.40       234.89     1,226.29       129.10     1,097.19
4807          1.00         0.00         0.00         0.00         0.00         0.00         0.00         0.00         0.00       510.36         0.00       110.77          0.00     3,783.66       586.18     4,369.84       622.13     3,747.71
8018          1.00         0.00         0.00         0.00         0.00         0.00         0.00         0.00         0.00        29.23         0.00        28.90          0.00     1,412.68       361.68     1,774.36        59.13     1,715.23
3169          1.00         0.00         0.00         0.00         0.00         0.00         0.00         0.00         0.00         0.00         0.00        27.15         35.53       914.15       162.59     1,076.74        28.15     1,048.59

















































EJECUTIVOS EN SERVICIOS DE ALIMENTOS, S.A. DE C.V.                                                                      Pagina: 0004
R.F.C.:                                                                                                                    2/NOV/19
REPORTE DE SUELDOS SEMANALES DEDUCCIONES


 
Codigo Desc Vales   Desc Zapatos Otras Deducc Desc Fonacot Pension Alim Desc Infonav Faltas       Inca Enferme Inca Riesgo  ISPT         Ajus ISPT    IMSS          Sub P/Empleo Tot Per Grav Tot Per Exce Total Percep Total Deducc Neto Pagado
..........................................................................................................................................................................................................................................
4514          1.00         0.00         0.00         0.00         0.00       352.61         0.00         0.00         0.00         0.00         0.00        33.33         29.80       998.01       227.50     1,225.51       386.94       838.57
7814          1.00         0.00         0.00         0.00         0.00         0.00       144.20         0.00         0.00         0.00         0.00        20.92         40.31       899.43       154.74     1,054.17       166.12       888.05
7754          1.00         0.00         0.00         0.00         0.00         0.00         0.00         0.00         0.00         0.00         0.00        20.39         38.27       871.38       158.49     1,029.87        21.39     1,008.48
6014          1.00         0.00         0.00         0.00         0.00         0.00         0.00         0.00         0.00        63.20         0.00        32.26          0.00     1,637.85       338.80     1,976.65        96.46     1,880.19
7775          1.00         0.00         0.00         0.00         0.00         0.00         0.00         0.00         0.00         0.00         0.00        19.82         38.91       861.38       159.13     1,020.51        20.82       999.69
8110          0.00         0.00         0.00         0.00         0.00         0.00         0.00         0.00         0.00         0.00         0.00         0.00          0.00         0.00         0.00         0.00         0.00         0.00
3827          1.00         0.00         0.00         0.00         0.00         0.00         0.00         0.00         0.00         0.00         0.00        29.73         19.66     1,060.62       251.26     1,311.88        30.73     1,281.15
8103          1.00         0.00         0.00         0.00         0.00         0.00         0.00         0.00         0.00         0.00         0.00        20.08         38.27       871.38       158.49     1,029.87        21.08     1,008.79
8054          1.00         0.00         0.00         0.00         0.00         0.00       144.20         0.00       144.20         0.00         0.00        14.02         52.16       769.22       124.29       893.51       303.42       590.09
5412          1.00         0.00         0.00         0.00         0.00         0.00         0.00         0.00         0.00        28.53         0.00        27.95          0.00     1,406.28       242.93     1,649.21        57.48     1,591.73
7395          1.00         0.00         0.00         0.00         0.00         0.00         0.00         0.00         0.00         0.00         0.00        25.67         18.18     1,083.58       153.22     1,236.80        26.67     1,210.13
0214          1.00         0.00         0.00         0.00         0.00         0.00         0.00         0.00         0.00       510.36         0.00       111.42          0.00     3,783.66       586.18     4,369.84       622.78     3,747.06
7849          1.00         0.00         0.00         0.00         0.00         0.00         0.00         0.00         0.00         0.00         0.00        27.62         24.35     1,032.16       144.57     1,176.73        28.62     1,148.11
5232          1.00         0.00         0.00         0.00         0.00         0.00         0.00         0.00         0.00        49.69         0.00        38.75          0.00     1,513.70       298.86     1,812.56        89.44     1,723.12
8019          1.00         0.00         0.00         0.00         0.00         0.00         0.00         0.00         0.00         0.00         0.00        23.86         17.23     1,032.16       137.45     1,169.61        24.86     1,144.75
4958          1.00         0.00         0.00         0.00         0.00         0.00         0.00         0.00         0.00         0.00         0.00        27.54         34.71       927.03       174.64     1,101.67        28.54     1,073.13
3979          1.00         0.00         0.00         0.00         0.00         0.00         0.00         0.00         0.00       420.97         0.00       100.43          0.00     3,365.20       519.23     3,884.43       522.40     3,362.03
0442          1.00         0.00         0.00         0.00         0.00         0.00         0.00         0.00         0.00        43.67         0.00        39.92          0.00     1,458.39       283.80     1,742.19        84.59     1,657.60
7330          0.00         0.00         0.00         0.00         0.00         0.00         0.00         0.00         0.00         0.00         0.00         0.00          0.00         0.00         0.00         0.00         0.00         0.00
8101          1.00         0.00         0.00         0.00         0.00         0.00         0.00         0.00         0.00         0.00         0.00        20.08         38.27       871.38       158.49     1,029.87        21.08     1,008.79
7846          0.00        56.00         0.00         0.00         0.00         0.00         0.00         0.00         0.00         0.00         0.00        28.90         28.05     1,014.04        28.05     1,042.09        84.90       957.19
8091          1.00         0.00         0.00         0.00         0.00         0.00         0.00         0.00         0.00         0.00         0.00        23.55         28.23     1,032.16       148.45     1,180.61        24.55     1,156.06
7298          1.00         0.00         0.00         0.00         0.00         0.00       191.19         0.00         0.00         0.00         0.00        32.23         10.35     1,327.00       185.67     1,512.67       224.42     1,288.25
8108          0.00         0.00         0.00         0.00         0.00         0.00       482.04         0.00         0.00         0.00         0.00        10.80         36.80       791.33        36.80       828.13       492.84       335.29
7963          1.00         0.00         0.00         0.00         0.00         0.00       241.02         0.00         0.00         0.00         0.00        20.02         60.87       781.31       141.24       922.55       262.04       660.51
5396          1.00         0.00       200.00         0.00         0.00         0.00         0.00         0.00         0.00         0.00         0.00        26.89         35.53       914.15       162.59     1,076.74       227.89       848.85
7989          1.00         0.00         0.00         0.00         0.00         0.00         0.00         0.00         0.00         0.00         0.00        22.48         38.91       861.38       159.13     1,020.51        23.48       997.03
7588          1.00         0.00         0.00         0.00         0.00         0.00         0.00         0.00         0.00         0.00         0.00        21.47         35.53       914.15       162.59     1,076.74        22.47     1,054.27
6203          1.00         0.00         0.00         0.00         0.00         0.00         0.00         0.00         0.00        35.45         0.00        29.51          0.00     1,469.80       238.04     1,707.84        65.96     1,641.88
8060          0.00         0.00         0.00         0.00         0.00         0.00         0.00         0.00         0.00         0.00         0.00        19.77         31.21       981.60        31.21     1,012.81        19.77       993.04
7226          0.00         0.00         0.00         0.00         0.00         0.00         0.00         0.00         0.00         0.00         0.00        26.31         29.14     1,014.04        29.14     1,043.18        26.31     1,016.87
7885          1.00         0.00         0.00         0.00         0.00         0.00         0.00         0.00         0.00         0.00         0.00        25.35         38.27       871.38       158.49     1,029.87        26.35     1,003.52
3326          1.00         0.00         0.00         0.00         0.00       352.72         0.00         0.00         0.00        58.21         0.00        40.16          0.00     1,592.09       314.55     1,906.64       452.09     1,454.55
0449          1.00         0.00         0.00         0.00         0.00       447.60         0.00         0.00         0.00        55.95         0.00        34.90          0.00     1,484.29       323.29     1,807.58       539.45     1,268.13
6934          1.00         0.00         0.00         0.00         0.00         0.00         0.00         0.00         0.00       342.85         0.00        85.21          0.00     2,999.45       460.71     3,460.16       429.06     3,031.10
7137          1.00         0.00         0.00         0.00         0.00         0.00         0.00         0.00         0.00       149.45         0.00        39.50          0.00     1,908.99       528.43     2,437.42       189.95     2,247.47
6682          1.00         0.00         0.00         0.00         0.00         0.00       144.20         0.00         0.00         0.00         0.00        18.22         50.97       785.30       147.14       932.44       163.42       769.02
1269          1.00         0.00         0.00         0.00         0.00         0.00         0.00         0.00         0.00         0.00         0.00        27.21         10.77     1,097.28       253.70     1,350.98        28.21     1,322.77
7890          1.00         0.00         0.00         0.00         0.00         0.00         0.00         0.00         0.00         0.00         0.00        26.78         24.98     1,042.16       196.70     1,238.86        27.78     1,211.08
8031          1.00         0.00         0.00         0.00         0.00         0.00         0.00         0.00         0.00         0.00         0.00        22.72         44.72       871.38       164.94     1,036.32        23.72     1,012.60
1419          1.00         0.00         0.00         0.00         0.00       399.23         0.00         0.00         0.00        47.72         0.00        37.79          0.00     1,571.66       232.26     1,803.92       485.74     1,318.18
8067          1.00         0.00         0.00         0.00         0.00         0.00         0.00         0.00         0.00         0.00         0.00        20.08         38.91       861.38       159.13     1,020.51        21.08       999.43
3525          1.00         0.00         0.00         0.00         0.00         0.00         0.00         0.00         0.00         0.00         0.00        29.95          6.91     1,144.45       170.82     1,315.27        30.95     1,284.32

















































EJECUTIVOS EN SERVICIOS DE ALIMENTOS, S.A. DE C.V.                                                                      Pagina: 0005
R.F.C.:                                                                                                                    2/NOV/19
REPORTE DE SUELDOS SEMANALES DEDUCCIONES


 
Codigo Desc Vales   Desc Zapatos Otras Deducc Desc Fonacot Pension Alim Desc Infonav Faltas       Inca Enferme Inca Riesgo  ISPT         Ajus ISPT    IMSS          Sub P/Empleo Tot Per Grav Tot Per Exce Total Percep Total Deducc Neto Pagado
..........................................................................................................................................................................................................................................
8036          1.00         0.00         0.00         0.00         0.00         0.00         0.00         0.00         0.00         0.00         0.00        22.32         23.43     1,103.13       182.27     1,285.40        23.32     1,262.08
6885          1.00         0.00         0.00         0.00         0.00         0.00         0.00         0.00         0.00         0.00         0.00        25.15          5.23     1,184.52       209.54     1,394.06        26.15     1,367.91
7907          1.00         0.00         0.00         0.00         0.00         0.00         0.00         0.00         0.00       131.21         0.00        41.75          0.00     1,726.43       257.02     1,983.45       173.96     1,809.49
8107          1.00         0.00         0.00         0.00         0.00         0.00       120.51         0.00         0.00         0.00         0.00        16.69         52.80       796.38       153.27       949.65       138.20       811.45
4775          1.00         0.00         0.00         0.00         0.00         0.00         0.00         0.00         0.00         1.51         0.00        29.20          0.00     1,180.15       242.93     1,423.08        31.71     1,391.37
8069          1.00         0.00         0.00         0.00         0.00         0.00         0.00         0.00         0.00       175.49         0.00        46.31          0.00     2,110.41       530.05     2,640.46       222.80     2,417.66
4832          1.00         0.00         0.00         0.00         0.00         0.00         0.00         0.00         0.00         7.55         0.00        33.04          0.00     1,300.40       242.93     1,543.33        41.59     1,501.74
3321          1.00         0.00         0.00         0.00         0.00         0.00         0.00         0.00         0.00       233.85         0.00        58.16          0.00     2,451.31       542.92     2,994.23       293.01     2,701.22
0624          1.00         0.00         0.00         0.00         0.00         0.00         0.00         0.00         0.00       168.71         0.00        49.49          0.00     2,044.18       412.77     2,456.95       219.20     2,237.75
4385          1.00         0.00         0.00         0.00         0.00         0.00         0.00         0.00         0.00        48.74         0.00        35.82          0.00     1,504.95       199.19     1,704.14        85.56     1,618.58
8099          1.00         0.00         0.00         0.00         0.00         0.00         0.00         0.00         0.00         0.00         0.00        23.32         21.47     1,032.16       141.69     1,173.85        24.32     1,149.53
8116          0.00         0.00         0.00         0.00         0.00         0.00         0.00         0.00         0.00         0.00         0.00        18.65         73.49       408.60       112.11       520.71        18.65       502.06
0366          1.00         0.00         0.00         0.00         0.00         0.00         0.00         0.00         0.00       343.09         0.00        88.96          0.00     3,000.58       462.49     3,463.07       433.05     3,030.02
6206          1.00         0.00         0.00         0.00         0.00         0.00         0.00         0.00         0.00       232.79         0.00        42.51          0.00     2,484.21       308.62     2,792.83       276.30     2,516.53
7618          1.00         0.00         0.00         0.00         0.00         0.00         0.00         0.00         0.00         0.00         0.00        27.69         30.17       997.84       240.91     1,238.75        28.69     1,210.06
 
*** GLO     170.00       112.00     1,500.00       362.10         0.00     5,005.10     3,369.77         0.00       319.80     7,991.64         0.00     5,524.89      3,612.90   230,137.53                269,766.98    24,355.30   245,411.68
  










































































