EJECUTIVOS EN SERVICIOS DE ALIMENTOS, S.A. DE C.V.                                                                      Pagina: 0001
R.F.C.:                                                                                                                    2/NOV/19
REPORTE DE SUELDOS SEMANALES PERCEPCIONES


 
Codigo Dias de Pago Dias Laborad Sueldo       Compensacion Premio Asist Ayuda Transp Vales Despen T.E. Doble   T.E. Triple  Descanso lab Festivo labo Prim Dominic Perc Gravada Prem x Obj   Aguinaldo    Vacaciones   Prima Vacaci Grat Especia Utilidades
..........................................................................................................................................................................................................................................
8071          7.00         6.00       721.00        30.38        60.00        50.00       120.22         0.00         0.00         0.00         0.00         0.00         0.00         0.00         0.00         0.00         0.00         0.00         0.00
6600          7.00         5.00       721.00        58.52         0.00        40.00       101.65        12.87         0.00         0.00         0.00         0.00         0.00         0.00         0.00         0.00         0.00         0.00         0.00
7685          7.00         6.00       721.00        73.15        60.00        60.00         0.00       218.87         0.00         0.00         0.00        51.50       248.56         0.00         0.00         0.00         0.00         0.00         0.00
7331          7.00         6.00       361.53        15.23        30.00        30.00        60.28         0.00         0.00         0.00         0.00         0.00        85.63         0.00         0.00         0.00         0.00         0.00         0.00
5933          7.00         6.00       721.00        73.15        60.00        60.00       127.06        51.50         0.00         0.00         0.00         0.00         0.00         0.00         0.00         0.00         0.00         0.00         0.00
7170          7.00         6.00       721.00        73.15        60.00        60.00       127.06        77.25         0.00         0.00         0.00         0.00         0.00         0.00         0.00         0.00         0.00         0.00         0.00
5201          7.00         6.00       878.01       500.01        60.00        60.00       220.48       156.78         0.00         0.00         0.00         0.00         0.00         0.00         0.00         0.00         0.00         0.00         0.00
3890          7.00         6.00     1,258.95       735.56        60.00        50.00       319.12         0.00         0.00         0.00         0.00         0.00         0.00         0.00         0.00         0.00         0.00         0.00         0.00
7834          7.00         6.00       721.00       173.04        60.00        60.00       143.04         0.00         0.00         0.00         0.00         0.00         0.00         0.00         0.00         0.00         0.00         0.00         0.00
8083          4.00         3.00       351.20        99.51        30.00        20.00        72.11         0.00         0.00         0.00         0.00         0.00       186.72         0.00         0.00         0.00         0.00         0.00         0.00
1123          7.00         6.00       878.01       357.63        60.00        60.00       197.70       282.21        94.07         0.00         0.00         0.00         0.00         0.00         0.00         0.00         0.00         0.00         0.00
8049          7.00         6.00       721.00        30.38        60.00        60.00       120.22        77.25       154.50         0.00         0.00         0.00         0.00         0.00         0.00         0.00         0.00         0.00         0.00
7959          7.00         6.00       721.00        30.38        60.00        50.00         0.00         0.00         0.00         0.00         0.00         0.00       291.00         0.00         0.00         0.00         0.00         0.00         0.00
8066          7.00         6.00       721.00        30.38        60.00        60.00       120.22         0.00         0.00         0.00         0.00         0.00         0.00         0.00         0.00         0.00         0.00         0.00         0.00
7977          7.00         6.00       721.00        30.38        60.00        50.00       120.22         0.00         0.00         0.00         0.00         0.00       170.78         0.00         0.00         0.00         0.00         0.00         0.00
8027          7.00         6.00       721.00        30.38        60.00        60.00       120.22         0.00         0.00         0.00         0.00        51.50       170.78         0.00         0.00         0.00         0.00         0.00         0.00
7986          7.00         3.00       721.00        15.23         0.00        30.00        60.28         0.00         0.00         0.00         0.00         0.00        85.63         0.00         0.00         0.00         0.00         0.00         0.00
8074          0.00         0.00         0.00         0.00         0.00         0.00         0.00         0.00         0.00         0.00         0.00         0.00         0.00         0.00         0.00         0.00         0.00         0.00         0.00
7259          7.00         6.00       721.00        73.15        60.00        50.00       127.06         0.00         0.00         0.00         0.00         0.00         0.00         0.00         0.00         0.00         0.00         0.00         0.00
8073          7.00         6.00       721.00        30.38        60.00        60.00       120.22         0.00         0.00         0.00         0.00         0.00         0.00         0.00         0.00         0.00         0.00         0.00         0.00
7312          7.00         6.00       721.00       123.06        60.00        60.00       135.04         0.00         0.00         0.00         0.00         0.00         0.00         0.00         0.00         0.00       180.87         0.00         0.00
7338          7.00         6.00       721.00       173.04        60.00        60.00       143.04         0.00         0.00         0.00         0.00         0.00         0.00         0.00         0.00         0.00         0.00         0.00         0.00
5677          7.00         6.00       878.01       357.63        60.00        60.00       197.70         0.00         0.00         0.00         0.00         0.00         0.00         0.00         0.00         0.00         0.00         0.00         0.00
8078          6.00         5.00       576.80        24.30        50.00        40.00        96.17         0.00         0.00         0.00         0.00         0.00       136.62         0.00         0.00         0.00         0.00         0.00         0.00
8023          7.00         5.00       721.00        25.38         0.00        50.00       100.47         0.00         0.00         0.00         0.00         0.00       142.72         0.00         0.00         0.00         0.00         0.00         0.00
8042          7.00         6.00       721.00        30.38        60.00        60.00       120.22         0.00         0.00         0.00         0.00         0.00       435.47         0.00         0.00         0.00         0.00         0.00         0.00
7943          7.00         6.00       721.00        30.38        60.00        60.00       120.22         0.00         0.00         0.00         0.00         0.00         0.00         0.00         0.00         0.00         0.00         0.00         0.00
0849          7.00         6.00       856.94        37.10        60.00        50.00       143.04         0.00         0.00         0.00         0.00         0.00        85.00         0.00         0.00         0.00         0.00         0.00         0.00
7536          7.00         6.00       721.00        73.15        60.00        60.00       127.06       128.75         0.00         0.00         0.00         0.00         0.00         0.00         0.00         0.00         0.00         0.00         0.00
8065          7.00         6.00       721.00        30.38        60.00        50.00       120.22         0.00         0.00         0.00         0.00         0.00         0.00         0.00         0.00         0.00         0.00         0.00         0.00
5181          7.00         6.00       721.00        73.15        60.00        60.00       127.06         0.00         0.00         0.00         0.00         0.00         0.00         0.00         0.00         0.00         0.00         0.00         0.00
5429          7.00         6.00     1,258.95       735.56        60.00        50.00       319.12         0.00         0.00         0.00         0.00         0.00       741.41         0.00         0.00         0.00         0.00         0.00         0.00
7655          7.00         6.00       721.00        73.15        60.00        50.00       127.06       128.75         0.00         0.00         0.00         0.00       121.50         0.00         0.00         0.00         0.00         0.00         0.00
5558          7.00         6.00       721.00       173.04        60.00        50.00       143.04        12.87         0.00       103.00         0.00        51.50         0.00         0.00         0.00         0.00         0.00         0.00         0.00
7663          7.00         6.00       721.00        30.38        60.00        50.00       120.22        64.37         0.00         0.00         0.00         0.00       264.34         0.00         0.00         0.00         0.00         0.00         0.00
7773          7.00         6.00       721.00        73.15        60.00        60.00       127.06         0.00         0.00         0.00         0.00         0.00        57.89         0.00         0.00         0.00         0.00         0.00         0.00
8075          7.00         6.00       721.00        30.38        60.00        60.00       120.22        51.50         0.00         0.00         0.00         0.00         0.00         0.00         0.00         0.00         0.00         0.00         0.00
1424          7.00         6.00     1,962.52       597.45        60.00        50.00       409.59         0.00         0.00         0.00         0.00         0.00         0.00         0.00         0.00         0.00         0.00         0.00         0.00
5280          7.00         6.00     1,166.69       643.79        60.00        50.00       289.67         0.00         0.00         0.00         0.00         0.00         0.00         0.00         0.00         0.00         0.00         0.00         0.00
8020          7.00         6.00       721.00        30.38        60.00        50.00       120.22         0.00         0.00         0.00         0.00         0.00         0.00         0.00         0.00         0.00         0.00         0.00         0.00
8061          7.00         6.00       721.00        30.38        60.00        60.00       120.22       231.75       115.87         0.00         0.00         0.00         0.00         0.00         0.00         0.00         0.00         0.00         0.00
7994          7.00         6.00       721.00        30.38        60.00        60.00       120.22         0.00         0.00         0.00         0.00         0.00         0.00         0.00         0.00         0.00         0.00         0.00         0.00
6461          7.00         6.00       836.99       173.95        60.00        60.00       161.75        89.67         0.00         0.00         0.00         0.00         0.00         0.00         0.00         0.00         0.00         0.00         0.00

















































EJECUTIVOS EN SERVICIOS DE ALIMENTOS, S.A. DE C.V.                                                                      Pagina: 0002
R.F.C.:                                                                                                                    2/NOV/19
REPORTE DE SUELDOS SEMANALES PERCEPCIONES


 
Codigo Dias de Pago Dias Laborad Sueldo       Compensacion Premio Asist Ayuda Transp Vales Despen T.E. Doble   T.E. Triple  Descanso lab Festivo labo Prim Dominic Perc Gravada Prem x Obj   Aguinaldo    Vacaciones   Prima Vacaci Grat Especia Utilidades
..........................................................................................................................................................................................................................................
6765          7.00         5.00       878.01       298.87         0.00        50.00       165.22       282.21       282.21         0.00         0.00         0.00       364.59         0.00         0.00         0.00         0.00         0.00         0.00
8017          7.00         6.00       721.00        30.38        60.00        50.00       120.22         0.00         0.00         0.00         0.00         0.00         0.00         0.00         0.00         0.00         0.00         0.00         0.00
7909          7.00         6.00       721.00        30.38        60.00        60.00       120.22         0.00         0.00         0.00         0.00         0.00         0.00         0.00         0.00         0.00         0.00         0.00         0.00
5000          7.00         6.00       856.94       211.19        60.00        60.00       170.90         0.00         0.00         0.00         0.00         0.00         0.00         0.00         0.00         0.00         0.00         0.00         0.00
5644          7.00         6.00       836.99       173.95        60.00        60.00       161.75       269.03        89.67         0.00         0.00         0.00         0.00         0.00         0.00         0.00         0.00         0.00         0.00
6638          7.00         6.00       721.00        73.15        60.00        60.00       127.06         0.00         0.00         0.00         0.00         0.00         0.00         0.00         0.00         0.00         0.00         0.00         0.00
7800          7.00         6.00       721.00        30.38        60.00        60.00       120.22         0.00         0.00       206.00         0.00        51.50       108.51         0.00         0.00         0.00         0.00         0.00         0.00
6690          7.00         6.00       721.00        73.15        60.00        50.00       127.06        12.87         0.00         0.00         0.00         0.00         0.00         0.00         0.00         0.00         0.00         0.00         0.00
7168          7.00         6.00       721.00        73.15        60.00        60.00       127.06         0.00         0.00         0.00         0.00         0.00         0.00         0.00         0.00         0.00        85.08         0.00         0.00
8081          5.00         4.00       482.04        20.31        40.00        40.00        80.37       180.25        77.25         0.00         0.00         0.00       114.17         0.00         0.00         0.00         0.00         0.00         0.00
7991          7.00         6.00       878.01       248.78        60.00        50.00       180.28         0.00         0.00         0.00         0.00         0.00         0.00         0.00         0.00         0.00         0.00         0.00         0.00
8063          7.00         5.00       721.00        24.30         0.00        40.00        96.17         0.00         0.00         0.00         0.00         0.00         0.00         0.00         0.00         0.00         0.00         0.00         0.00
4314          7.00         6.00       856.94       742.35        60.00        60.00       255.88       275.44       137.72         0.00         0.00         0.00       245.79         0.00         0.00         0.00         0.00         0.00         0.00
7848          7.00         6.00       721.00        30.38        60.00        50.00       120.22         0.00         0.00         0.00         0.00         0.00         0.00         0.00         0.00         0.00         0.00         0.00         0.00
7632          7.00         6.00       721.00        73.15        60.00        60.00       127.06       206.00         0.00         0.00         0.00         0.00         0.00         0.00         0.00         0.00         0.00         0.00         0.00
7873          7.00         6.00       721.00        30.38        60.00        60.00       120.22        25.75         0.00         0.00         0.00         0.00         0.00         0.00         0.00         0.00         0.00         0.00         0.00
8068          7.00         6.00       994.07       543.69        60.00        50.00       246.04         0.00         0.00         0.00         0.00         0.00         0.00         0.00         0.00         0.00         0.00         0.00         0.00
7061          7.00         6.00       856.94       167.51        60.00        60.00       163.91        91.81       137.72         0.00         0.00         0.00         0.00         0.00         0.00         0.00         0.00         0.00         0.00
7847          7.00         6.00       721.00        30.38        60.00        50.00       120.22         0.00         0.00         0.00         0.00         0.00         0.00         0.00         0.00         0.00         0.00         0.00         0.00
8082          6.00         4.00       602.55        20.31         0.00        40.00        80.37         0.00         0.00         0.00         0.00        51.50         0.00         0.00         0.00         0.00         0.00         0.00         0.00
7633          7.00         6.00       721.00        73.15        60.00        50.00       127.06         0.00         0.00         0.00         0.00         0.00         0.00         0.00         0.00         0.00         0.00         0.00         0.00
7984          7.00         6.00       878.01       248.78        60.00        50.00       180.28         0.00         0.00         0.00         0.00         0.00         0.00         0.00         0.00         0.00         0.00         0.00         0.00
7914          7.00         6.00       721.00        30.38        60.00        60.00       120.22         0.00         0.00         0.00         0.00         0.00         0.00         0.00         0.00         0.00         0.00         0.00         0.00
2897          7.00         6.00       721.00        73.15        60.00        60.00       127.06         0.00         0.00         0.00         0.00         0.00         0.00         0.00         0.00         0.00         0.00         0.00         0.00
5630          7.00         6.00       721.00        30.38        60.00        50.00       120.22        90.12         0.00         0.00         0.00         0.00         0.00         0.00         0.00         0.00         0.00         0.00         0.00
8007          7.00         6.00       856.94       201.39        60.00        60.00       169.33         0.00         0.00         0.00         0.00         0.00         0.00         0.00         0.00         0.00         0.00         0.00         0.00
8048          7.00         6.00     1,143.52       462.91        60.00        60.00       257.02         0.00         0.00         0.00         0.00         0.00         0.00         0.00         0.00         0.00         0.00         0.00         0.00
8052          7.00         6.00     1,050.00       448.00        60.00        50.00       239.68         0.00         0.00         0.00         0.00         0.00         0.00         0.00         0.00         0.00         0.00         0.00         0.00
7614          7.00         6.00       878.01       307.65        60.00        50.00       189.70         0.00         0.00         0.00         0.00         0.00       223.14         0.00         0.00         0.00       127.03         0.00         0.00
3318          7.00         6.00     1,020.18       938.70        60.00        50.00       313.42         0.00         0.00         0.00         0.00         0.00       342.23         0.00         0.00         0.00         0.00         0.00         0.00
7804          7.00         6.00       994.07       460.11        60.00        50.00       232.66         0.00         0.00       142.01         0.00        71.00         0.00         0.00         0.00         0.00         0.00         0.00         0.00
6083          7.00         6.00       721.00       123.06        60.00        60.00       135.04       128.75         0.00         0.00         0.00        51.50         0.00         0.00         0.00         0.00         0.00         0.00         0.00
6766          7.00         6.00       856.94       167.51        60.00        60.00       163.91        91.81       137.72         0.00         0.00         0.00         0.00         0.00         0.00         0.00         0.00         0.00         0.00
7982          7.00         6.00       878.01       248.78        60.00        50.00       180.28         0.00         0.00         0.00         0.00         0.00         0.00         0.00         0.00         0.00         0.00         0.00         0.00
8084          4.00         3.00       288.40        12.15        30.00        20.00        48.08         0.00         0.00         0.00         0.00         0.00        68.31         0.00         0.00         0.00         0.00         0.00         0.00
4137          7.00         6.00     1,964.97     1,050.07        60.00        60.00       482.40         0.00         0.00       421.06         0.00       140.35         0.00         0.00         0.00         0.00         0.00         0.00         0.00
8009          7.00         6.00       721.00        30.38        60.00        50.00       120.22         0.00         0.00         0.00         0.00         0.00       170.78         0.00         0.00         0.00         0.00         0.00         0.00
7542          7.00         6.00       721.00        73.15        60.00        60.00       127.06        25.75         0.00         0.00         0.00         0.00         0.00         0.00         0.00         0.00         0.00         0.00         0.00
8033          7.00         6.00       721.00        30.38        60.00        50.00       120.22         0.00         0.00         0.00         0.00         0.00       250.00         0.00         0.00         0.00         0.00         0.00         0.00
3780          7.00         6.00       878.01       500.01        60.00        60.00       220.48       125.43         0.00         0.00         0.00         0.00        30.00         0.00         0.00         0.00       196.86         0.00         0.00
8080          6.00         4.00       602.55        20.31         0.00        40.00        80.37         0.00         0.00         0.00         0.00         0.00       114.17         0.00         0.00         0.00         0.00         0.00         0.00
6205          7.00         6.00       721.00       123.06        60.00        60.00       135.04         0.00         0.00         0.00         0.00        51.50         0.00         0.00         0.00         0.00         0.00         0.00         0.00
5027          7.00         6.00       721.00       173.04        60.00        60.00       143.04         0.00         0.00         0.00         0.00         0.00       216.00         0.00         0.00         0.00         0.00         0.00         0.00

















































EJECUTIVOS EN SERVICIOS DE ALIMENTOS, S.A. DE C.V.                                                                      Pagina: 0003
R.F.C.:                                                                                                                    2/NOV/19
REPORTE DE SUELDOS SEMANALES PERCEPCIONES


 
Codigo Dias de Pago Dias Laborad Sueldo       Compensacion Premio Asist Ayuda Transp Vales Despen T.E. Doble   T.E. Triple  Descanso lab Festivo labo Prim Dominic Perc Gravada Prem x Obj   Aguinaldo    Vacaciones   Prima Vacaci Grat Especia Utilidades
..........................................................................................................................................................................................................................................
7993          7.00         6.00       721.00        30.38        60.00        60.00       120.22       231.75       270.37         0.00         0.00         0.00         0.00         0.00         0.00         0.00         0.00         0.00         0.00
7818          7.00         6.00       721.00       173.04        60.00        50.00       143.04         0.00         0.00         0.00         0.00         0.00         0.00         0.00         0.00         0.00         0.00         0.00         0.00
7221          7.00         6.00       721.00        30.38        60.00        50.00       120.22        12.87         0.00         0.00         0.00         0.00         0.00         0.00         0.00         0.00         0.00         0.00         0.00
7815          7.00         6.00       721.00        30.38        60.00        50.00       120.22         0.00         0.00         0.00         0.00         0.00       435.47         0.00         0.00         0.00         0.00         0.00         0.00
6839          7.00         6.00       721.00        73.15        60.00        60.00       127.06       103.00         0.00         0.00         0.00         0.00         0.00         0.00         0.00         0.00         0.00         0.00         0.00
5646          7.00         6.00       721.00        73.15        60.00        60.00       127.06         0.00         0.00         0.00         0.00         0.00         0.00         0.00         0.00         0.00        85.08         0.00         0.00
8011          7.00         6.00       878.01       248.78        60.00        60.00       180.28         0.00         0.00         0.00         0.00         0.00         0.00         0.00         0.00         0.00         0.00         0.00         0.00
7708          7.00         6.00       721.00        73.15        60.00        60.00       127.06         0.00         0.00         0.00         0.00         0.00         0.00         0.00         0.00         0.00         0.00         0.00         0.00
7869          7.00         6.00       721.00       123.06        60.00        60.00       135.04         0.00         0.00         0.00         0.00         0.00         0.00         0.00         0.00         0.00         0.00         0.00         0.00
7973          7.00         6.00       721.00        30.38        60.00        50.00       120.22         0.00         0.00         0.00         0.00         0.00         0.00         0.00         0.00         0.00         0.00         0.00         0.00
8043          7.00         6.00       721.00        30.38        60.00        60.00       120.22         0.00         0.00         0.00         0.00         0.00       170.78         0.00         0.00         0.00         0.00         0.00         0.00
8012          7.00         6.00       721.00        30.38        60.00        60.00       120.22       231.75       135.18         0.00         0.00         0.00       170.78         0.00         0.00         0.00         0.00         0.00         0.00
5679          7.00         6.00       878.01       357.63        60.00        60.00       197.70         0.00         0.00         0.00         0.00         0.00         0.00         0.00         0.00         0.00         0.00         0.00         0.00
7530          7.00         6.00       721.00        73.15        60.00        60.00       127.06       231.75        38.62       103.00         0.00        51.50         0.00         0.00         0.00         0.00         0.00         0.00         0.00
8077          7.00         6.00       721.00        30.38        60.00        50.00       120.22        25.75         0.00         0.00         0.00         0.00       170.78         0.00         0.00         0.00         0.00         0.00         0.00
8076          5.00         4.00       526.80       149.26        40.00        30.00       108.17         0.00         0.00         0.00         0.00         0.00       186.75         0.00         0.00         0.00         0.00         0.00         0.00
6028          7.00         6.00       836.99       173.95        60.00        60.00       161.75       269.03       425.96         0.00         0.00         0.00         0.00         0.00         0.00         0.00         0.00         0.00         0.00
6565          0.00         0.00         0.00         0.00         0.00         0.00         0.00         0.00         0.00         0.00         0.00         0.00         0.00         0.00         0.00         0.00         0.00         0.00         0.00
3676          7.00         6.00       878.01       357.63        60.00        50.00       197.70       282.21       141.10         0.00         0.00         0.00         0.00         0.00         0.00         0.00         0.00         0.00         0.00
3221          7.00         6.00       836.99       271.25        60.00        60.00       177.31       239.14         0.00         0.00         0.00        59.78         0.00         0.00         0.00         0.00         0.00         0.00         0.00
7779          7.00         6.00       856.94       113.82        60.00        60.00       155.32         0.00         0.00         0.00         0.00         0.00         0.00         0.00         0.00         0.00         0.00         0.00         0.00
7942          7.00         6.00       721.00        30.38        60.00        50.00       120.22         0.00         0.00         0.00         0.00         0.00       170.78         0.00         0.00         0.00         0.00         0.00         0.00
8035          7.00         6.00       721.00        30.38        60.00        50.00       120.22         0.00         0.00         0.00         0.00         0.00       170.78         0.00         0.00         0.00         0.00         0.00         0.00
7845          7.00         6.00       721.00       173.04        60.00        50.00       143.04         0.00         0.00         0.00         0.00         0.00       250.00         0.00         0.00         0.00         0.00         0.00         0.00
7920          7.00         6.00       721.00        30.38        60.00        50.00       120.22         0.00         0.00         0.00         0.00         0.00         0.00         0.00         0.00         0.00         0.00         0.00         0.00
7996          7.00         3.00       721.00        12.15         0.00        20.00        48.08         0.00         0.00         0.00         0.00         0.00         0.00         0.00         0.00         0.00         0.00         0.00         0.00
2522          7.00         6.00       721.00        73.15        60.00        60.00       127.06       206.00         0.00         0.00         0.00         0.00         0.00         0.00         0.00         0.00         0.00         0.00         0.00
7080          7.00         6.00       878.01       366.94        60.00        60.00       199.19        94.07        47.03         0.00         0.00         0.00         0.00         0.00         0.00         0.00         0.00         0.00         0.00
5965          7.00         6.00       856.94       211.19        60.00        60.00       170.90         0.00         0.00         0.00         0.00         0.00         0.00         0.00         0.00         0.00         0.00         0.00         0.00
5447          7.00         6.00       721.00       173.04        60.00        50.00       143.04         0.00         0.00         0.00         0.00         0.00         0.00         0.00         0.00         0.00         0.00         0.00         0.00
7932          7.00         6.00       721.00        30.38        60.00        60.00       120.22        77.25        77.25         0.00         0.00         0.00         0.00         0.00         0.00         0.00         0.00         0.00         0.00
6685          7.00         6.00       721.00        73.15        60.00        60.00       127.06        77.25         0.00         0.00         0.00         0.00         0.00         0.00         0.00         0.00         0.00         0.00         0.00
8056          7.00         6.00       878.01       248.78        60.00        60.00       180.28        94.07       141.10         0.00         0.00         0.00         0.00         0.00         0.00         0.00         0.00         0.00         0.00
5549          7.00         6.00       721.00        73.15        60.00        60.00       127.06         0.00         0.00         0.00         0.00        51.50       121.50         0.00         0.00         0.00         0.00         0.00         0.00
0854          7.00         6.00     1,010.03       441.63        60.00        60.00       232.26       324.65         0.00         0.00         0.00         0.00        90.00         0.00         0.00         0.00         0.00         0.00         0.00
7295          7.00         6.00       721.00        73.15        60.00        60.00       127.06        25.75         0.00         0.00         0.00         0.00         0.00         0.00         0.00         0.00         0.00         0.00         0.00
8059          7.00         6.00       721.00        30.38        60.00        60.00       120.22         0.00         0.00         0.00         0.00         0.00         0.00         0.00         0.00         0.00         0.00         0.00         0.00
4807          7.00         6.00     3,663.66         0.00        60.00        60.00       586.18       523.38         0.00         0.00         0.00         0.00         0.00         0.00         0.00         0.00         0.00         0.00         0.00
8018          7.00         6.00       856.94       160.30        60.00        60.00       162.75       275.44       229.53         0.00         0.00        61.21         0.00         0.00         0.00         0.00         0.00         0.00         0.00
3169          7.00         6.00       721.00        73.15        60.00        60.00       127.06         0.00         0.00         0.00         0.00         0.00         0.00         0.00         0.00         0.00         0.00         0.00         0.00
4514          7.00         6.00       878.01       357.63        60.00        60.00       197.70         0.00         0.00         0.00         0.00         0.00         0.00         0.00         0.00         0.00         0.00         0.00         0.00
7814          7.00         6.00       721.00       173.04        60.00        50.00       143.04         0.00         0.00         0.00         0.00         0.00         0.00         0.00         0.00         0.00         0.00         0.00         0.00
7754          7.00         5.00       721.00        25.38         0.00        50.00       100.47         0.00         0.00         0.00         0.00         0.00         0.00         0.00         0.00         0.00         0.00         0.00         0.00

















































EJECUTIVOS EN SERVICIOS DE ALIMENTOS, S.A. DE C.V.                                                                      Pagina: 0004
R.F.C.:                                                                                                                    2/NOV/19
REPORTE DE SUELDOS SEMANALES PERCEPCIONES


 
Codigo Dias de Pago Dias Laborad Sueldo       Compensacion Premio Asist Ayuda Transp Vales Despen T.E. Doble   T.E. Triple  Descanso lab Festivo labo Prim Dominic Perc Gravada Prem x Obj   Aguinaldo    Vacaciones   Prima Vacaci Grat Especia Utilidades
..........................................................................................................................................................................................................................................
7717          7.00         6.00       878.01       307.65        60.00        60.00       189.70       188.14         0.00         0.00         0.00         0.00         0.00         0.00         0.00         0.00         0.00         0.00         0.00
6014          7.00         6.00       878.01       357.63        60.00        60.00       197.70        94.07         0.00         0.00         0.00         0.00         0.00         0.00         0.00         0.00        44.13         0.00         0.00
7775          7.00         6.00       721.00        30.38        60.00        50.00       120.22         0.00         0.00         0.00         0.00         0.00         0.00         0.00         0.00         0.00         0.00         0.00         0.00
3827          7.00         6.00       721.00       123.06        60.00        60.00       135.04       218.87         0.00       128.75         0.00        51.50         0.00         0.00         0.00         0.00         0.00         0.00         0.00
8054          7.00         5.00       721.00        24.30         0.00        40.00        96.17         0.00         0.00         0.00         0.00         0.00         0.00         0.00         0.00         0.00         0.00         0.00         0.00
5412          7.00         6.00       721.00        73.15        60.00        50.00       127.06         0.00         0.00         0.00         0.00         0.00         0.00         0.00         0.00         0.00         0.00         0.00         0.00
7995          7.00         6.00       721.00        30.38        60.00        60.00       120.22         0.00         0.00         0.00         0.00         0.00       170.78         0.00         0.00         0.00         0.00         0.00         0.00
7395          7.00         6.00       721.00       123.06        60.00        60.00       135.04         0.00         0.00         0.00         0.00         0.00       119.52         0.00         0.00         0.00         0.00         0.00         0.00
0214          7.00         6.00     2,439.50     1,224.16        60.00        60.00       586.18         0.00         0.00         0.00         0.00         0.00         0.00         0.00         0.00         0.00         0.00         0.00         0.00
7849          7.00         6.00       721.00        30.38        60.00        50.00       120.22        51.50         0.00         0.00         0.00         0.00       170.78         0.00         0.00         0.00         0.00         0.00         0.00
5232          7.00         6.00       878.01       500.01        60.00        60.00       220.48        94.07         0.00         0.00         0.00        62.71         0.00         0.00         0.00         0.00         0.00         0.00         0.00
8019          7.00         6.00       721.00        30.38        60.00        50.00       120.22         0.00         0.00         0.00         0.00         0.00       170.78         0.00         0.00         0.00         0.00         0.00         0.00
4958          7.00         6.00       721.00        73.15        60.00        60.00       127.06         0.00         0.00         0.00         0.00         0.00         0.00         0.00         0.00         0.00         0.00         0.00         0.00
3979          7.00         6.00     2,177.98     1,067.22        60.00        60.00       519.23         0.00         0.00         0.00         0.00         0.00         0.00         0.00         0.00         0.00         0.00         0.00         0.00
0442          7.00         6.00       774.06       481.39        60.00        60.00       200.87       221.16         0.00         0.00         0.00         0.00         0.00         0.00         0.00         0.00         0.00         0.00         0.00
7330          0.00         0.00         0.00         0.00         0.00         0.00         0.00         0.00         0.00         0.00         0.00         0.00         0.00         0.00         0.00         0.00         0.00         0.00         0.00
8079          6.00         5.00       602.55        25.38        50.00        50.00       100.47         0.00         0.00         0.00         0.00         0.00         0.00         0.00         0.00         0.00         0.00         0.00         0.00
7846          7.00         6.00       721.00       173.04        60.00        60.00       143.04         0.00         0.00         0.00         0.00         0.00         0.00         0.00         0.00         0.00         0.00         0.00         0.00
8062          7.00         5.00       721.00        25.38         0.00        50.00         0.00         0.00         0.00         0.00         0.00         0.00       100.47         0.00         0.00         0.00         0.00         0.00         0.00
7823          7.00         6.00       721.00        30.38        60.00        60.00       120.22       103.00         0.00         0.00         0.00         0.00         0.00         0.00         0.00         0.00         0.00         0.00         0.00
7298          7.00         6.00       955.99       413.77        60.00        50.00       219.16       102.42         0.00         0.00         0.00         0.00         0.00         0.00         0.00         0.00         0.00         0.00         0.00
7963          7.00         6.00       721.00        30.38        60.00        60.00       120.22        25.75         0.00         0.00         0.00         0.00         0.00         0.00         0.00         0.00         0.00         0.00         0.00
5396          7.00         6.00       721.00        73.15        60.00        60.00       127.06         0.00         0.00         0.00         0.00         0.00         0.00         0.00         0.00         0.00         0.00         0.00         0.00
7989          7.00         6.00       721.00        30.38        60.00        50.00       120.22         0.00         0.00         0.00         0.00         0.00         0.00         0.00         0.00         0.00         0.00         0.00         0.00
7588          7.00         6.00       721.00        73.15        60.00        60.00       127.06         0.00         0.00         0.00         0.00         0.00         0.00         0.00         0.00         0.00         0.00         0.00         0.00
7821          7.00         3.00       721.00        86.76         0.00        30.00        71.72         0.00         0.00         0.00         0.00         0.00         0.00         0.00         0.00         0.00         0.00         0.00         0.00
6203          7.00         6.00       721.00       123.06        60.00        60.00       135.04         0.00         0.00         0.00         0.00         0.00       297.67         0.00         0.00         0.00         0.00         0.00         0.00
6582          7.00         4.00       721.00        48.90         0.00        40.00        84.95        51.50         0.00         0.00         0.00         0.00         0.00         0.00         0.00         0.00         0.00         0.00         0.00
8060          7.00         6.00       721.00        30.38        60.00        50.00       120.22         0.00         0.00         0.00         0.00         0.00         0.00         0.00         0.00         0.00         0.00         0.00         0.00
7226          7.00         6.00       721.00       173.04        60.00        60.00       143.04         0.00         0.00         0.00         0.00         0.00         0.00         0.00         0.00         0.00         0.00         0.00         0.00
7885          7.00         6.00       721.00        30.38        60.00        60.00       120.22        25.75         0.00         0.00         0.00         0.00         0.00         0.00         0.00         0.00         0.00         0.00         0.00
3326          7.00         6.00       878.01       500.01        60.00        60.00       220.48         0.00         0.00         0.00         0.00         0.00         0.00         0.00         0.00         0.00         0.00         0.00         0.00
0449          7.00         6.00       721.00       173.04        60.00        50.00       143.04         0.00         0.00         0.00         0.00         0.00       250.00         0.00         0.00         0.00         0.00         0.00         0.00
6934          7.00         6.00     2,057.51       821.94        60.00        60.00       460.71         0.00         0.00         0.00         0.00         0.00         0.00         0.00         0.00         0.00         0.00         0.00         0.00
7137          7.00         6.00       878.01       366.94        60.00        60.00       199.19         0.00         0.00         0.00         0.00        62.71       183.43         0.00         0.00         0.00         0.00         0.00         0.00
6682          7.00         5.00       721.00        24.30         0.00        40.00        96.17         0.00         0.00         0.00         0.00         0.00         0.00         0.00         0.00         0.00         0.00         0.00         0.00
1269          7.00         6.00       721.00        73.15        60.00        50.00       127.06         0.00         0.00         0.00         0.00         0.00         0.00         0.00         0.00         0.00         0.00         0.00         0.00
7890          7.00         6.00       721.00        30.38        60.00        60.00       120.22        77.25        77.25         0.00         0.00        51.50       170.78         0.00         0.00         0.00         0.00         0.00         0.00
8031          7.00         6.00       721.00        30.38        60.00        60.00       120.22        25.75         0.00         0.00         0.00         0.00         0.00         0.00         0.00         0.00         0.00         0.00         0.00
1419          7.00         6.00     1,010.03       441.63        60.00        60.00       232.26         0.00         0.00         0.00         0.00         0.00         0.00         0.00         0.00         0.00         0.00         0.00         0.00
8067          7.00         6.00       721.00        30.38        60.00        60.00       120.22         0.00         0.00         0.00         0.00         0.00         0.00         0.00         0.00         0.00         0.00         0.00         0.00
8039          7.00         5.00       721.00        25.38         0.00        50.00         0.00         0.00         0.00         0.00         0.00         0.00       100.47         0.00         0.00         0.00         0.00         0.00         0.00
3525          7.00         6.00       856.94       167.51        60.00        60.00       163.91        91.81        45.90         0.00         0.00         0.00         0.00         0.00         0.00         0.00         0.00         0.00         0.00

















































EJECUTIVOS EN SERVICIOS DE ALIMENTOS, S.A. DE C.V.                                                                      Pagina: 0005
R.F.C.:                                                                                                                    2/NOV/19
REPORTE DE SUELDOS SEMANALES PERCEPCIONES


 
Codigo Dias de Pago Dias Laborad Sueldo       Compensacion Premio Asist Ayuda Transp Vales Despen T.E. Doble   T.E. Triple  Descanso lab Festivo labo Prim Dominic Perc Gravada Prem x Obj   Aguinaldo    Vacaciones   Prima Vacaci Grat Especia Utilidades
..........................................................................................................................................................................................................................................
8036          7.00         6.00       721.00        30.38        60.00        60.00       120.22         0.00         0.00         0.00         0.00        51.50         0.00         0.00         0.00         0.00         0.00         0.00         0.00
6885          7.00         6.00       721.00        73.15        60.00        60.00       127.06         0.00         0.00         0.00         0.00         0.00         0.00         0.00         0.00         0.00         0.00         0.00         0.00
7907          7.00         6.00     1,143.52       462.91        60.00        60.00       257.02        40.84         0.00         0.00         0.00         0.00         0.00         0.00         0.00         0.00         0.00         0.00         0.00
4775          7.00         6.00       721.00        73.15        60.00        50.00       127.06       103.00         0.00         0.00         0.00         0.00       121.50         0.00         0.00         0.00         0.00         0.00         0.00
8069          7.00         6.00       994.07       543.69        60.00        60.00       246.04       319.52       106.50       124.25         0.00        71.00         0.00         0.00         0.00         0.00         0.00         0.00         0.00
4832          7.00         6.00       721.00        73.15        60.00        60.00       127.06         0.00         0.00         0.00         0.00         0.00         0.00         0.00         0.00         0.00        28.36         0.00         0.00
3321          7.00         6.00     1,077.37       632.59        60.00        50.00       273.59       153.91        57.71         0.00         0.00         0.00       438.96         0.00         0.00         0.00         0.00         0.00         0.00
0624          7.00         6.00       983.99       827.19        60.00        50.00       289.78       281.14        52.71         0.00         0.00         0.00         0.00         0.00         0.00         0.00         0.00         0.00         0.00
6877          7.00         6.00       856.94       167.51        60.00        50.00       163.91         0.00         0.00         0.00         0.00         0.00       118.71         0.00         0.00         0.00         0.00         0.00         0.00
4385          7.00         6.00       878.01       366.94        60.00        50.00       199.19         0.00         0.00         0.00         0.00         0.00       150.00         0.00         0.00         0.00         0.00         0.00         0.00
8030          7.00         5.00       721.00        25.38         0.00        50.00       100.47         0.00         0.00         0.00         0.00         0.00       142.72         0.00         0.00         0.00         0.00         0.00         0.00
0366          7.00         6.00     2,020.55       870.03        60.00        50.00       462.49       324.73         0.00       577.30         0.00         0.00         0.00         0.00         0.00         0.00         0.00         0.00         0.00
8072          7.00         4.00       721.00        20.31         0.00        40.00        80.37         0.00         0.00         0.00         0.00         0.00       114.17         0.00         0.00         0.00         0.00         0.00         0.00
6206          7.00         6.00       856.94       211.19        60.00        60.00       170.90       275.44       275.44         0.00         0.00         0.00       194.31         0.00         0.00         0.00         0.00         0.00         0.00
8034          7.00         5.00       721.00        25.38         0.00        50.00       100.47         0.00         0.00         0.00         0.00         0.00       142.72         0.00         0.00         0.00         0.00         0.00         0.00
7618          7.00         6.00       721.00        73.15        60.00        60.00       127.06       193.12         0.00         0.00         0.00         0.00         0.00         0.00         0.00         0.00         0.00         0.00         0.00
 
*** GLOBAL             1,070.00   153,222.05    33,151.99     9,870.00    10,010.00    28,842.67     9,777.46     3,348.38     1,805.37         0.00     1,146.76    10,567.13         0.00         0.00         0.00       747.41         0.00         0.00
  









































































