EJECUTIVOS EN SERVICIOS DE ALIMENTOS, S.A. DE C.V.                                                                      Pagina: 0001
R.F.C.:                                                                                                                    2/NOV/19
REPORTE DE SUELDOS SEMANALES PERCEPCIONES


 
Codigo Dias de Pago Dias Laborad Sueldo       Compensacion Premio Asist Ayuda Transp Vales Despen T.E. Doble   T.E. Triple  Descanso lab Festivo labo Prim Dominic Perc Gravada Prem x Obj   Aguinaldo    Vacaciones   Prima Vacaci Grat Especia Utilidades
..........................................................................................................................................................................................................................................
7879          7.00         5.00       721.00        30.38        60.00        60.00       120.22       231.75       347.62         0.00       206.00         0.00         0.00         0.00         0.00         0.00         0.00         0.00         0.00
6600          7.00         2.00       721.00        29.26         0.00        20.00        50.82         0.00         0.00         0.00         0.00         0.00         0.00         0.00         0.00         0.00         0.00         0.00         0.00
7685          7.00         4.00       721.00        61.13         0.00        50.00       106.18         0.00         0.00         0.00         0.00         0.00         0.00         0.00         0.00         0.00         0.00         0.00         0.00
7331          7.00         5.00       721.00        30.38        60.00        60.00       120.22       167.37         0.00         0.00         0.00         0.00       170.98         0.00         0.00         0.00         0.00         0.00         0.00
5933          7.00         5.00       721.00        73.15        60.00        60.00       127.06        51.50         0.00         0.00       206.00         0.00         0.00         0.00         0.00         0.00         0.00         0.00         0.00
7170          7.00         5.00       721.00        73.15        60.00        60.00       127.06         0.00         0.00         0.00       206.00         0.00         0.00         0.00         0.00         0.00         0.00         0.00         0.00
5201          7.00         5.00       878.01       500.01        60.00        60.00       220.48       282.21        47.03         0.00         0.00         0.00         0.00         0.00         0.00         0.00         0.00         0.00         0.00
3890          7.00         5.00     1,258.95       735.56        60.00        50.00       319.12         0.00         0.00         0.00         0.00         0.00         0.00         0.00         0.00         0.00         0.00         0.00         0.00
7834          7.00         5.00       721.00       173.04        60.00        60.00       143.04         0.00         0.00         0.00       206.00         0.00         0.00         0.00         0.00         0.00         0.00         0.00         0.00
3652          7.00         5.00     1,077.37       738.57        60.00        50.00       290.55       115.43        86.57         0.00       307.82         0.00         0.00         0.00         0.00         0.00         0.00         0.00         0.00
1123          7.00         5.00       878.01       357.63        60.00        60.00       197.70         0.00         0.00         0.00       250.86         0.00         0.00         0.00         0.00         0.00         0.00         0.00         0.00
7959          7.00         5.00       721.00        30.38        60.00        50.00       120.22         0.00         0.00         0.00         0.00         0.00         0.00         0.00         0.00         0.00         0.00         0.00         0.00
7259          7.00         5.00       721.00        73.15        60.00        50.00       127.06        51.50         0.00         0.00       206.00         0.00         0.00         0.00         0.00         0.00         0.00         0.00         0.00
7312          7.00         5.00       721.00       123.06        60.00        60.00       135.04       231.75         0.00         0.00       206.00         0.00         0.00         0.00         0.00         0.00         0.00         0.00         0.00
7975          3.00         2.00       144.20         6.07        20.00        10.00        24.04         0.00         0.00         0.00         0.00         0.00         0.00         0.00         0.00         0.00         0.00         0.00         0.00
7338          7.00         5.00       721.00       173.04        60.00        60.00       143.04         0.00         0.00         0.00         0.00         0.00         0.00         0.00         0.00         0.00         0.00         0.00         0.00
5677          7.00         5.00       878.01       357.63        60.00        60.00       197.70       188.14         0.00       250.86       250.86        62.71         0.00         0.00         0.00         0.00         0.00         0.00         0.00
6210          7.00         5.00       721.00        73.15        60.00        50.00       127.06        25.75         0.00       128.75         0.00         0.00       200.00         0.00         0.00         0.00         0.00         0.00         0.00
7896          7.00         5.00       721.00        30.38        60.00        60.00       120.22         0.00         0.00         0.00       206.00         0.00         0.00         0.00         0.00         0.00         0.00         0.00         0.00
7943          7.00         5.00       721.00        30.38        60.00        60.00       120.22        77.25        38.62         0.00       206.00         0.00         0.00         0.00         0.00         0.00         0.00         0.00         0.00
7812          7.00         5.00       721.00        30.38        60.00        60.00       120.22         0.00         0.00         0.00         0.00         0.00         0.00         0.00         0.00         0.00         0.00         0.00         0.00
0849          7.00         5.00       856.94        37.10        60.00        50.00       143.04         0.00         0.00         0.00       244.84         0.00        85.00         0.00         0.00         0.00         0.00         0.00         0.00
7536          7.00         5.00       721.00        73.15        60.00        60.00       127.06       167.37         0.00         0.00         0.00         0.00         0.00         0.00         0.00         0.00         0.00         0.00         0.00
7430          7.00         5.00     1,260.00       460.11        60.00        60.00       275.21       405.00       135.00       360.00       360.00        90.00       218.05         0.00         0.00         0.00         0.00         0.00         0.00
5181          7.00         5.00       721.00        73.15        60.00        60.00       127.06        77.25       173.81         0.00       206.00         0.00         0.00         0.00         0.00         0.00         0.00         0.00         0.00
5429          7.00         5.00     1,258.95       735.56        60.00        60.00       319.12       314.73         0.00         0.00       359.70         0.00       741.41         0.00         0.00         0.00         0.00         0.00         0.00
7655          7.00         5.00       721.00        73.15        60.00        50.00       127.06       180.25         0.00         0.00         0.00         0.00         0.00         0.00         0.00         0.00         0.00         0.00         0.00
7057          7.00         4.00       721.00        61.13         0.00        50.00       106.18         0.00         0.00         0.00       206.00         0.00        96.81         0.00         0.00         0.00         0.00         0.00         0.00
5558          7.00         5.00       721.00       173.04        60.00        50.00       143.04        77.25         0.00         0.00         0.00         0.00         0.00         0.00         0.00         0.00        95.79         0.00         0.00
4746          7.00         5.00       878.01       248.78        60.00        50.00       180.28       219.50        94.07         0.00         0.00         0.00       145.00         0.00         0.00         0.00         0.00         0.00         0.00
7663          7.00         5.00       721.00        30.38        60.00        50.00       120.22       128.75         0.00         0.00         0.00         0.00       264.34         0.00         0.00         0.00         0.00         0.00         0.00
7964          0.00         0.00         0.00         0.00         0.00         0.00         0.00         0.00         0.00         0.00         0.00         0.00         0.00         0.00         0.00         0.00         0.00         0.00         0.00
7773          7.00         5.00       721.00        73.15        60.00        60.00       127.06       180.25        38.62         0.00       206.00        51.50        57.89         0.00         0.00         0.00         0.00         0.00         0.00
1424          7.00         5.00     1,962.52       597.45        60.00        50.00       409.59       280.36         0.00         0.00       560.72         0.00         0.00         0.00         0.00         0.00         0.00         0.00         0.00
5280          7.00         5.00     1,166.69       643.79        60.00        50.00       289.67         0.00         0.00         0.00         0.00         0.00         0.00         0.00         0.00         0.00         0.00         0.00         0.00
7742          7.00         5.00       721.00        73.15        60.00        50.00       127.06         0.00         0.00         0.00         0.00         0.00         0.00         0.00         0.00         0.00         0.00         0.00         0.00
7883          7.00         5.00       721.00       123.06        60.00        60.00       135.04       154.50        38.62         0.00       206.00        51.50         0.00         0.00         0.00         0.00         0.00         0.00         0.00
7968          0.00         0.00         0.00         0.00         0.00         0.00         0.00         0.00         0.00         0.00         0.00         0.00         0.00         0.00         0.00         0.00         0.00         0.00         0.00
6461          7.00         5.00       836.99       173.95        60.00        60.00       161.75       254.08        89.67         0.00         0.00         0.00         0.00         0.00         0.00         0.00        36.10         0.00         0.00
6765          7.00         5.00       878.01       357.63        60.00        60.00       197.70       282.21       282.21         0.00       250.86         0.00       250.58         0.00         0.00         0.00         0.00         0.00         0.00
7909          7.00         5.00       721.00        30.38        60.00        60.00       120.22       231.75       135.18         0.00       206.00         0.00         0.00         0.00         0.00         0.00         0.00         0.00         0.00
5000          7.00         5.00       856.94       211.19        60.00        60.00       170.90         0.00         0.00         0.00       244.84         0.00         0.00         0.00         0.00         0.00         0.00         0.00         0.00
7915          7.00         5.00       721.00        30.38        60.00        60.00       120.22       103.00         0.00         0.00       206.00         0.00       108.51         0.00         0.00         0.00         0.00         0.00         0.00

















































EJECUTIVOS EN SERVICIOS DE ALIMENTOS, S.A. DE C.V.                                                                      Pagina: 0002
R.F.C.:                                                                                                                    2/NOV/19
REPORTE DE SUELDOS SEMANALES PERCEPCIONES


 
Codigo Dias de Pago Dias Laborad Sueldo       Compensacion Premio Asist Ayuda Transp Vales Despen T.E. Doble   T.E. Triple  Descanso lab Festivo labo Prim Dominic Perc Gravada Prem x Obj   Aguinaldo    Vacaciones   Prima Vacaci Grat Especia Utilidades
..........................................................................................................................................................................................................................................
7925          7.00         5.00       878.01       248.78        60.00        60.00       180.28         0.00         0.00         0.00       250.86         0.00         0.00         0.00         0.00         0.00         0.00         0.00         0.00
5644          7.00         5.00       836.99       173.95        60.00        60.00       161.75        89.67         0.00         0.00         0.00        59.78         0.00         0.00         0.00         0.00         0.00         0.00         0.00
6638          7.00         5.00       721.00        73.15        60.00        60.00       127.06        77.25        38.62         0.00       206.00         0.00         0.00         0.00         0.00         0.00         0.00         0.00         0.00
7800          7.00         5.00       721.00        30.38        60.00        60.00       120.22         0.00         0.00         0.00         0.00         0.00         0.00         0.00         0.00         0.00         0.00         0.00         0.00
7960          7.00         4.00       721.00        25.38         0.00        50.00       100.47         0.00         0.00         0.00       206.00         0.00         0.00         0.00         0.00         0.00         0.00         0.00         0.00
6690          7.00         5.00       721.00        73.15        60.00        50.00       127.06       218.87         0.00       128.75         0.00         0.00         0.00         0.00         0.00         0.00         0.00         0.00         0.00
7168          7.00         5.00       721.00        73.15        60.00        60.00       127.06         0.00         0.00         0.00         0.00        51.50         0.00         0.00         0.00         0.00         0.00         0.00         0.00
7786          4.00         3.00       288.40        12.15        30.00        20.00        48.08         0.00         0.00         0.00         0.00         0.00         0.00         0.00         0.00         0.00         0.00         0.00         0.00
7971          7.00         3.00       721.00        20.31         0.00        40.00        80.37         0.00         0.00         0.00         0.00         0.00         0.00         0.00         0.00         0.00         0.00         0.00         0.00
4314          7.00         5.00       856.94       742.35        60.00        60.00       255.88         0.00         0.00         0.00         0.00         0.00       245.79         0.00         0.00         0.00       285.58         0.00         0.00
7935          7.00         4.00       721.00        24.30         0.00        40.00        96.17       128.75         0.00         0.00         0.00         0.00         0.00         0.00         0.00         0.00         0.00         0.00         0.00
7972          6.00         2.00       432.60         6.07         0.00        10.00         0.00         0.00         0.00         0.00         0.00         0.00        24.04         0.00         0.00         0.00         0.00         0.00         0.00
7848          7.00         5.00       721.00        30.38        60.00        50.00       120.22        12.87         0.00         0.00         0.00         0.00         0.00         0.00         0.00         0.00         0.00         0.00         0.00
7632          7.00         5.00       721.00        73.15        60.00        60.00       127.06       128.75         0.00         0.00         0.00         0.00         0.00         0.00         0.00         0.00         0.00         0.00         0.00
7873          7.00         5.00       721.00        30.38        60.00        60.00       120.22        77.25        38.62         0.00         0.00         0.00         0.00         0.00         0.00         0.00         0.00         0.00         0.00
6504          0.00         0.00         0.00         0.00         0.00         0.00         0.00         0.00         0.00         0.00         0.00         0.00         0.00         0.00         0.00         0.00         0.00         0.00         0.00
7905          0.00         0.00         0.00         0.00         0.00         0.00         0.00         0.00         0.00         0.00         0.00         0.00         0.00         0.00         0.00         0.00         0.00         0.00         0.00
7801          7.00         5.00       721.00        30.38        60.00        60.00       120.22         0.00         0.00         0.00       206.00         0.00         0.00         0.00         0.00         0.00         0.00         0.00         0.00
7918          7.00         5.00       721.00        30.38        60.00        60.00       120.22       206.00        77.25       206.00       206.00        51.50       108.51         0.00         0.00         0.00         0.00         0.00         0.00
7061          7.00         5.00       856.94       167.51        60.00        60.00       163.91         0.00         0.00         0.00       244.84         0.00         0.00         0.00         0.00         0.00         0.00         0.00         0.00
7847          7.00         5.00       721.00        30.38        60.00        50.00       120.22        51.50         0.00         0.00         0.00         0.00         0.00         0.00         0.00         0.00         0.00         0.00         0.00
7633          7.00         5.00       721.00        73.15        60.00        50.00       127.06         0.00         0.00         0.00         0.00         0.00         0.00         0.00         0.00         0.00         0.00         0.00         0.00
7906          7.00         5.00     1,143.52       462.91        60.00        60.00       257.02       306.30         0.00         0.00         0.00        81.68         0.00         0.00         0.00         0.00         0.00         0.00         0.00
7914          7.00         5.00       721.00        30.38        60.00        60.00       120.22         0.00         0.00         0.00       206.00         0.00         0.00         0.00         0.00         0.00         0.00         0.00         0.00
2897          7.00         5.00       721.00        73.15        60.00        50.00       127.06         0.00         0.00         0.00         0.00         0.00         0.00         0.00         0.00         0.00         0.00         0.00         0.00
7614          7.00         5.00       878.01       307.65        60.00        50.00       189.70        62.71         0.00        94.07         0.00         0.00         0.00         0.00         0.00         0.00         0.00         0.00         0.00
3318          7.00         5.00     1,020.18       938.70        60.00        50.00       313.42         0.00         0.00         0.00       291.48         0.00     1,251.15         0.00         0.00         0.00         0.00         0.00         0.00
7804          7.00         5.00       994.07       460.11        60.00        50.00       232.66       248.51       106.50         0.00         0.00         0.00         0.00         0.00         0.00         0.00         0.00         0.00         0.00
7921          0.00         0.00         0.00         0.00         0.00         0.00         0.00         0.00         0.00         0.00         0.00         0.00         0.00         0.00         0.00         0.00         0.00         0.00         0.00
6083          7.00         4.00       721.00       102.84         0.00        50.00       112.86        77.25         0.00         0.00       206.00        51.50         0.00         0.00         0.00         0.00         0.00         0.00         0.00
6766          7.00         5.00       856.94       167.51        60.00        50.00       163.91        61.21         0.00         0.00       244.84         0.00         0.00         0.00         0.00         0.00         0.00         0.00         0.00
4137          7.00         5.00     1,964.97     1,050.07        60.00        60.00       482.40       280.71         0.00         0.00         0.00         0.00         0.00         0.00         0.00         0.00         0.00         0.00         0.00
7913          7.00         5.00       721.00        30.38        60.00        60.00       120.22         0.00         0.00         0.00       206.00         0.00         0.00         0.00         0.00         0.00         0.00         0.00         0.00
7542          7.00         5.00       721.00        73.15        60.00        60.00       127.06         0.00         0.00         0.00       206.00         0.00         0.00         0.00         0.00         0.00         0.00         0.00         0.00
3780          7.00         5.00       878.01       500.01        60.00        60.00       220.48       188.14         0.00         0.00         0.00         0.00        90.00         0.00         0.00         0.00         0.00         0.00         0.00
7969          7.00         5.00       721.00        30.38        60.00        60.00       120.22         0.00         0.00         0.00       206.00         0.00       108.51         0.00         0.00         0.00         0.00         0.00         0.00
6205          7.00         5.00       721.00       123.06        60.00        60.00       135.04       128.75        38.62         0.00       206.00         0.00         0.00         0.00         0.00         0.00         0.00         0.00         0.00
5027          7.00         5.00       721.00       173.04        60.00        60.00       143.04        77.25        38.62         0.00         0.00         0.00       216.00         0.00         0.00         0.00         0.00         0.00         0.00
7949          7.00         5.00       721.00        30.38        60.00        60.00       120.22         0.00         0.00         0.00       206.00         0.00         0.00         0.00         0.00         0.00         0.00         0.00         0.00
7818          7.00         5.00       721.00       173.04        60.00        50.00       143.04         0.00         0.00         0.00         0.00         0.00         0.00         0.00         0.00         0.00         0.00         0.00         0.00
7958          7.00         5.00       721.00        30.38        60.00        60.00         0.00         0.00         0.00         0.00       206.00        51.50       291.20         0.00         0.00         0.00         0.00         0.00         0.00
7815          7.00         5.00       721.00        30.38        60.00        50.00       120.22        77.25         0.00       206.00       206.00         0.00         0.00         0.00         0.00         0.00         0.00         0.00         0.00
6839          7.00         5.00       721.00        73.15        60.00        60.00       127.06       180.25         0.00         0.00         0.00         0.00         0.00         0.00         0.00         0.00         0.00         0.00         0.00

















































EJECUTIVOS EN SERVICIOS DE ALIMENTOS, S.A. DE C.V.                                                                      Pagina: 0003
R.F.C.:                                                                                                                    2/NOV/19
REPORTE DE SUELDOS SEMANALES PERCEPCIONES


 
Codigo Dias de Pago Dias Laborad Sueldo       Compensacion Premio Asist Ayuda Transp Vales Despen T.E. Doble   T.E. Triple  Descanso lab Festivo labo Prim Dominic Perc Gravada Prem x Obj   Aguinaldo    Vacaciones   Prima Vacaci Grat Especia Utilidades
..........................................................................................................................................................................................................................................
5646          7.00         5.00       721.00        73.15        60.00        60.00       127.06         0.00         0.00         0.00       206.00         0.00         0.00         0.00         0.00         0.00         0.00         0.00         0.00
7708          7.00         5.00       721.00        73.15        60.00        60.00       127.06         0.00         0.00         0.00       206.00         0.00         0.00         0.00         0.00         0.00         0.00         0.00         0.00
7962          0.00         0.00         0.00         0.00         0.00         0.00         0.00         0.00         0.00         0.00         0.00         0.00         0.00         0.00         0.00         0.00         0.00         0.00         0.00
7869          7.00         4.00       721.00       102.84         0.00        50.00       112.86         0.00         0.00         0.00       206.00         0.00         0.00         0.00         0.00         0.00         0.00         0.00         0.00
7882          7.00         5.00       721.00        30.38        60.00        50.00       120.22         0.00         0.00         0.00         0.00         0.00         0.00         0.00         0.00         0.00         0.00         0.00         0.00
7973          6.00         4.00       576.80        24.30        50.00        40.00        96.17         0.00         0.00         0.00         0.00         0.00         0.00         0.00         0.00         0.00         0.00         0.00         0.00
5679          7.00         5.00       878.01       357.63        60.00        60.00       197.70       282.21       564.43         0.00       250.86         0.00         0.00         0.00         0.00         0.00         0.00         0.00         0.00
7892          7.00         4.00       721.00       144.61         0.00        50.00       119.54         0.00         0.00         0.00         0.00         0.00         0.00         0.00         0.00         0.00         0.00         0.00         0.00
7530          7.00         5.00       721.00        73.15        60.00        60.00       127.06       128.75         0.00         0.00         0.00         0.00         0.00         0.00         0.00         0.00         0.00         0.00         0.00
6028          7.00         5.00       836.99       173.95        60.00        60.00       161.75       269.03       381.12         0.00         0.00         0.00         0.00         0.00         0.00         0.00         0.00         0.00         0.00
6565          0.00         0.00         0.00         0.00         0.00         0.00         0.00         0.00         0.00         0.00         0.00         0.00         0.00         0.00         0.00         0.00         0.00         0.00         0.00
3676          7.00         5.00       878.01       357.63        60.00        50.00       197.70       282.21       141.10       156.78         0.00         0.00         0.00         0.00         0.00         0.00         0.00         0.00         0.00
3221          7.00         5.00       836.99       271.25        60.00        60.00       177.31       269.03       493.22         0.00         0.00         0.00         0.00         0.00         0.00         0.00         0.00         0.00         0.00
7741          7.00         5.00       721.00        73.15        60.00        50.00       127.06         0.00         0.00         0.00         0.00         0.00         0.00         0.00         0.00         0.00         0.00         0.00         0.00
7779          7.00         5.00       856.94       113.82        60.00        60.00       155.32       183.63       275.44         0.00       244.84         0.00         0.00         0.00         0.00         0.00         0.00         0.00         0.00
7942          7.00         5.00       721.00        30.38        60.00        50.00       120.22        25.75         0.00         0.00         0.00         0.00         0.00         0.00         0.00         0.00         0.00         0.00         0.00
7845          7.00         5.00       721.00       173.04        60.00        50.00       143.04         0.00         0.00         0.00       206.00         0.00       250.00         0.00         0.00         0.00         0.00         0.00         0.00
7920          7.00         5.00       721.00        30.38        60.00        50.00       120.22       180.25        77.25         0.00         0.00         0.00         0.00         0.00         0.00         0.00         0.00         0.00         0.00
2522          7.00         5.00       721.00        73.15        60.00        60.00       127.06       206.00         0.00         0.00         0.00         0.00         0.00         0.00         0.00         0.00         0.00         0.00         0.00
7938          7.00         4.00       721.00        25.38         0.00        50.00       100.47         0.00         0.00         0.00         0.00         0.00         0.00         0.00         0.00         0.00         0.00         0.00         0.00
0236          7.00         5.00     1,074.01       813.26        60.00        60.00       301.96       345.21       143.84         0.00         0.00         0.00         0.00         0.00         0.00         0.00         0.00         0.00         0.00
7080          7.00         5.00       878.01       366.94        60.00        60.00       199.19       282.21       564.43       250.86       250.86        62.71         0.00         0.00         0.00         0.00         0.00         0.00         0.00
5965          7.00         5.00       856.94       211.19        60.00        60.00       170.90       275.44       688.61         0.00       244.84         0.00         0.00         0.00         0.00         0.00         0.00         0.00         0.00
5447          7.00         5.00       721.00       173.04        60.00        50.00       143.04         0.00         0.00         0.00       206.00         0.00         0.00         0.00         0.00         0.00         0.00         0.00         0.00
7932          7.00         5.00       721.00        30.38        60.00        60.00       120.22         0.00         0.00         0.00       206.00         0.00         0.00         0.00         0.00         0.00         0.00         0.00         0.00
7937          0.00         0.00         0.00         0.00         0.00         0.00         0.00         0.00         0.00         0.00         0.00         0.00         0.00         0.00         0.00         0.00         0.00         0.00         0.00
6685          7.00         5.00       721.00        73.15        60.00        60.00       127.06       231.75       849.75         0.00       206.00         0.00         0.00         0.00         0.00         0.00         0.00         0.00         0.00
5549          7.00         5.00       721.00        73.15        60.00        60.00       127.06       180.25         0.00         0.00         0.00        51.50       170.98         0.00         0.00         0.00         0.00         0.00         0.00
0854          7.00         5.00     1,010.03       441.63        60.00        60.00       232.26       216.43         0.00         0.00         0.00         0.00        90.00         0.00         0.00         0.00         0.00         0.00         0.00
7295          7.00         5.00       721.00        73.15        60.00        60.00       127.06         0.00         0.00         0.00       206.00         0.00         0.00         0.00         0.00         0.00         0.00         0.00         0.00
6832          7.00         5.00       721.00        73.15        60.00        60.00       127.06         0.00         0.00         0.00         0.00         0.00         0.00         0.00         0.00         0.00         0.00         0.00         0.00
4807          7.00         5.00     3,663.66         0.00        60.00        60.00       586.18         0.00         0.00         0.00         0.00         0.00         0.00         0.00         0.00         0.00         0.00         0.00         0.00
7952          0.00         0.00         0.00         0.00         0.00         0.00         0.00         0.00         0.00         0.00         0.00         0.00         0.00         0.00         0.00         0.00         0.00         0.00         0.00
6821          7.00         5.00       856.94       211.19        60.00        50.00       170.90         0.00         0.00         0.00         0.00         0.00         0.00         0.00         0.00         0.00         0.00         0.00         0.00
3169          7.00         5.00       721.00        73.15        60.00        60.00       127.06         0.00         0.00         0.00         0.00         0.00         0.00         0.00         0.00         0.00         0.00         0.00         0.00
7947          7.00         5.00       721.00        30.38        60.00        60.00       120.22        77.25         0.00         0.00       206.00        51.50       170.98         0.00         0.00         0.00         0.00         0.00         0.00
4514          7.00         5.00       878.01       357.63        60.00        60.00       197.70         0.00         0.00         0.00       250.86         0.00         0.00         0.00         0.00         0.00         0.00         0.00         0.00
6379          7.00         5.00       721.00        30.38        60.00        60.00       120.22        77.25       193.12       206.00       206.00        51.50         0.00         0.00         0.00         0.00         0.00         0.00         0.00
7814          7.00         5.00       721.00       173.04        60.00        50.00       143.04         0.00         0.00         0.00         0.00         0.00         0.00         0.00         0.00         0.00         0.00         0.00         0.00
7754          7.00         5.00       721.00        30.38        60.00        60.00       120.22         0.00         0.00         0.00       206.00         0.00         0.00         0.00         0.00         0.00         0.00         0.00         0.00
7717          7.00         5.00       878.01       307.65        60.00        60.00       189.70       188.14       188.14         0.00       250.86         0.00         0.00         0.00         0.00         0.00         0.00         0.00         0.00
6014          7.00         5.00       878.01       357.63        60.00        60.00       197.70       125.43         0.00         0.00         0.00         0.00         0.00         0.00         0.00         0.00         0.00         0.00         0.00
7775          7.00         5.00       721.00        30.38        60.00        50.00       120.22       154.50        77.25         0.00         0.00         0.00         0.00         0.00         0.00         0.00         0.00         0.00         0.00

















































EJECUTIVOS EN SERVICIOS DE ALIMENTOS, S.A. DE C.V.                                                                      Pagina: 0004
R.F.C.:                                                                                                                    2/NOV/19
REPORTE DE SUELDOS SEMANALES PERCEPCIONES


 
Codigo Dias de Pago Dias Laborad Sueldo       Compensacion Premio Asist Ayuda Transp Vales Despen T.E. Doble   T.E. Triple  Descanso lab Festivo labo Prim Dominic Perc Gravada Prem x Obj   Aguinaldo    Vacaciones   Prima Vacaci Grat Especia Utilidades
..........................................................................................................................................................................................................................................
7715          7.00         1.00       721.00        24.45         0.00        20.00        42.47         0.00         0.00         0.00         0.00         0.00         0.00         0.00         0.00         0.00         0.00         0.00         0.00
3827          7.00         5.00       721.00       123.06        60.00        60.00       135.04       231.75       154.50         0.00         0.00         0.00         0.00         0.00         0.00         0.00         0.00         0.00         0.00
5412          7.00         5.00       721.00        73.15        60.00        50.00       127.06        51.50         0.00         0.00         0.00         0.00         0.00         0.00         0.00         0.00         0.00         0.00         0.00
4504          7.00         5.00     1,484.91       504.98        60.00        50.00       318.38         0.00         0.00         0.00         0.00         0.00       100.00         0.00         0.00         0.00         0.00         0.00         0.00
7395          7.00         5.00       721.00       123.06        60.00        60.00       135.04         0.00         0.00         0.00         0.00         0.00         0.00         0.00         0.00         0.00         0.00         0.00         0.00
0214          7.00         5.00     2,439.50     1,224.16        60.00        60.00       586.18         0.00         0.00         0.00         0.00         0.00         0.00         0.00         0.00         0.00         0.00         0.00         0.00
7849          7.00         5.00       721.00        30.38        60.00        50.00       120.22       128.75         0.00         0.00         0.00         0.00         0.00         0.00         0.00         0.00         0.00         0.00         0.00
6321          0.00         0.00         0.00         0.00         0.00         0.00         0.00         0.00         0.00         0.00         0.00         0.00         0.00         0.00         0.00         0.00         0.00         0.00         0.00
5232          7.00         5.00       721.00       173.04        60.00        60.00       143.04       231.75       193.12         0.00       206.00        51.50       483.98         0.00         0.00         0.00         0.00         0.00         0.00
4958          7.00         5.00       721.00        73.15        60.00        60.00       127.06         0.00         0.00         0.00       206.00         0.00         0.00         0.00         0.00         0.00         0.00         0.00         0.00
7880          7.00         5.00       721.00        30.38        60.00        60.00       120.22       180.25         0.00         0.00         0.00         0.00       170.98         0.00         0.00         0.00         0.00         0.00         0.00
3979          7.00         5.00     2,177.98     1,067.22        60.00        60.00       519.23       233.35       116.67         0.00       622.28         0.00         0.00         0.00         0.00         0.00         0.00         0.00         0.00
7902          7.00         5.00       721.00        30.38        60.00        60.00       120.22       180.25        19.31         0.00         0.00        51.50       170.98         0.00         0.00         0.00         0.00         0.00         0.00
0442          7.00         5.00       774.06       481.39        60.00        60.00       200.87        82.93         0.00         0.00         0.00         0.00         0.00         0.00         0.00         0.00         0.00         0.00         0.00
7857          7.00         5.00     1,157.59       549.50        60.00        60.00       273.13       372.08        31.00         0.00         0.00         0.00         0.00         0.00         0.00         0.00         0.00         0.00         0.00
7330          0.00         0.00         0.00         0.00         0.00         0.00         0.00         0.00         0.00         0.00         0.00         0.00         0.00         0.00         0.00         0.00         0.00         0.00         0.00
7719          7.00         5.00       721.00        73.15        60.00        60.00       127.06         0.00         0.00         0.00       206.00         0.00         0.00         0.00         0.00         0.00         0.00         0.00         0.00
7846          7.00         5.00       721.00       173.04        60.00        60.00       143.04         0.00         0.00         0.00       206.00         0.00         0.00         0.00         0.00         0.00         0.00         0.00         0.00
7928          7.00         3.00       721.00        18.22         0.00        30.00         0.00         0.00         0.00         0.00         0.00         0.00        72.13         0.00         0.00         0.00         0.00         0.00         0.00
7823          7.00         5.00       721.00        30.38        60.00        60.00       120.22         0.00         0.00         0.00       206.00         0.00         0.00         0.00         0.00         0.00         0.00         0.00         0.00
7298          7.00         5.00       955.99       413.77        60.00        50.00       219.16       102.42         0.00         0.00         0.00         0.00         0.00         0.00         0.00         0.00         0.00         0.00         0.00
7963          7.00         5.00       721.00        30.38        60.00        60.00       120.22         0.00         0.00         0.00         0.00         0.00         0.00         0.00         0.00         0.00         0.00         0.00         0.00
5396          7.00         5.00       721.00        73.15        60.00        60.00       127.06       231.75       154.50         0.00         0.00         0.00       114.31         0.00         0.00         0.00         0.00         0.00         0.00
5704          7.00         5.00       878.01       366.94        60.00        60.00       199.19         0.00         0.00         0.00         0.00         0.00         0.00         0.00         0.00         0.00         0.00         0.00         0.00
7503          7.00         5.00       721.00        30.38        60.00        60.00       120.22       180.25        38.62         0.00       206.00        51.50       108.51         0.00         0.00         0.00         0.00         0.00         0.00
7974          4.00         3.00       288.40        12.15        30.00        20.00        48.08         0.00         0.00         0.00         0.00         0.00         0.00         0.00         0.00         0.00         0.00         0.00         0.00
7588          7.00         5.00       721.00        73.15        60.00        60.00       127.06         0.00         0.00         0.00       206.00         0.00         0.00         0.00         0.00         0.00         0.00         0.00         0.00
7948          7.00         4.00       721.00        25.38         0.00        50.00       100.47         0.00         0.00         0.00       206.00         0.00         0.00         0.00         0.00         0.00         0.00         0.00         0.00
7821          7.00         5.00       721.00       173.04        60.00        60.00       143.04         0.00         0.00         0.00       206.00         0.00         0.00         0.00         0.00         0.00         0.00         0.00         0.00
5588          7.00         5.00       721.00        73.15        60.00        60.00       127.06         0.00         0.00         0.00       206.00         0.00         0.00         0.00         0.00         0.00         0.00         0.00         0.00
6203          7.00         4.00       721.00       102.84         0.00        50.00       112.86        77.25         0.00         0.00       206.00         0.00       248.76         0.00         0.00         0.00         0.00         0.00         0.00
6582          7.00         5.00       721.00        73.15        60.00        50.00       127.06       154.50        77.25         0.00         0.00         0.00         0.00         0.00         0.00         0.00         0.00         0.00         0.00
7392          7.00         5.00       721.00        73.15        60.00        60.00       127.06        77.25       193.12         0.00       206.00         0.00         0.00         0.00         0.00         0.00         0.00         0.00         0.00
7226          7.00         5.00       721.00       173.04        60.00        60.00       143.04         0.00         0.00         0.00       206.00         0.00         0.00         0.00         0.00         0.00         0.00         0.00         0.00
7885          7.00         5.00       721.00        30.38        60.00        60.00       120.22         0.00         0.00         0.00         0.00         0.00         0.00         0.00         0.00         0.00         0.00         0.00         0.00
3326          7.00         5.00       878.01       500.01        60.00        60.00       220.48         0.00         0.00         0.00       250.86         0.00         0.00         0.00         0.00         0.00         0.00         0.00         0.00
7939          7.00         5.00       721.00        30.38        60.00        50.00       120.22        25.75         0.00         0.00         0.00         0.00         0.00         0.00         0.00         0.00         0.00         0.00         0.00
0449          7.00         5.00       721.00       173.04        60.00        60.00       143.04         0.00         0.00         0.00       206.00         0.00       250.00         0.00         0.00         0.00         0.00         0.00         0.00
6934          7.00         5.00     2,057.51       821.94        60.00        60.00       460.71         0.00         0.00         0.00         0.00         0.00         0.00         0.00         0.00         0.00         0.00         0.00         0.00
7137          7.00         5.00       878.01       366.94        60.00        50.00       199.19         0.00         0.00         0.00         0.00         0.00       183.43         0.00         0.00         0.00         0.00         0.00         0.00
7951          7.00         5.00       955.99       413.77        60.00        60.00       219.16       307.28       256.06         0.00       273.14         0.00         0.00         0.00         0.00         0.00         0.00         0.00         0.00
6682          7.00         4.00       721.00        24.30         0.00        40.00        96.17         0.00         0.00         0.00         0.00         0.00         0.00         0.00         0.00         0.00         0.00         0.00         0.00
1269          7.00         5.00       721.00        73.15        60.00        50.00       127.06        51.50         0.00         0.00       206.00         0.00         0.00         0.00         0.00         0.00         0.00         0.00         0.00

















































EJECUTIVOS EN SERVICIOS DE ALIMENTOS, S.A. DE C.V.                                                                      Pagina: 0005
R.F.C.:                                                                                                                    2/NOV/19
REPORTE DE SUELDOS SEMANALES PERCEPCIONES


 
Codigo Dias de Pago Dias Laborad Sueldo       Compensacion Premio Asist Ayuda Transp Vales Despen T.E. Doble   T.E. Triple  Descanso lab Festivo labo Prim Dominic Perc Gravada Prem x Obj   Aguinaldo    Vacaciones   Prima Vacaci Grat Especia Utilidades
..........................................................................................................................................................................................................................................
7890          7.00         5.00       721.00        30.38        60.00        60.00       120.22        51.50         0.00         0.00       206.00        51.50         0.00         0.00         0.00         0.00         0.00         0.00         0.00
1419          7.00         5.00     1,010.03       441.63        60.00        60.00       232.26         0.00         0.00         0.00       288.58         0.00         0.00         0.00         0.00         0.00         0.00         0.00         0.00
7967          7.00         2.00       878.01       124.74         0.00        30.00        90.40         0.00         0.00         0.00       250.86         0.00         0.00         0.00         0.00         0.00         0.00         0.00         0.00
7887          7.00         5.00       721.00        30.38        60.00        60.00       120.22         0.00         0.00         0.00         0.00         0.00         0.00         0.00         0.00         0.00         0.00         0.00         0.00
3525          7.00         5.00       856.94       167.51        60.00        60.00       163.91         0.00         0.00         0.00       244.84         0.00         0.00         0.00         0.00         0.00         0.00         0.00         0.00
6885          7.00         5.00       721.00        73.15        60.00        60.00       127.06        77.25       193.12       206.00       206.00        51.50         0.00         0.00         0.00         0.00         0.00         0.00         0.00
7893          7.00         5.00       721.00        30.38        60.00        60.00       120.22         0.00         0.00         0.00       206.00         0.00         0.00         0.00         0.00         0.00         0.00         0.00         0.00
7907          7.00         5.00     1,143.52       462.91        60.00        60.00       257.02         0.00         0.00         0.00         0.00         0.00         0.00         0.00         0.00         0.00         0.00         0.00         0.00
4775          7.00         5.00       721.00        73.15        60.00        50.00       127.06       231.75         0.00         0.00         0.00         0.00         0.00         0.00         0.00         0.00         0.00         0.00         0.00
7966          7.00         5.00       721.00        30.38        60.00        50.00       120.22       103.00         0.00         0.00         0.00         0.00         0.00         0.00         0.00         0.00         0.00         0.00         0.00
4832          7.00         5.00       721.00        73.15        60.00        60.00       127.06         0.00         0.00         0.00       206.00         0.00         0.00         0.00         0.00         0.00         0.00         0.00         0.00
7824          7.00         5.00       721.00        30.38        60.00        60.00       120.22         0.00         0.00         0.00       206.00         0.00         0.00         0.00         0.00         0.00         0.00         0.00         0.00
3321          7.00         5.00     1,077.37       632.59        60.00        50.00       273.59       153.91         0.00         0.00       307.82         0.00       438.96         0.00         0.00         0.00         0.00         0.00         0.00
7965          7.00         5.00       878.01       248.78        60.00        60.00       180.28         0.00         0.00         0.00       250.86         0.00         0.00         0.00         0.00         0.00         0.00         0.00         0.00
2112          7.00         4.00       721.00        61.13         0.00        50.00       106.18         0.00         0.00         0.00         0.00         0.00         0.00         0.00         0.00         0.00       113.45         0.00         0.00
0624          7.00         5.00       983.99       827.19        60.00        50.00       289.78       210.85         0.00         0.00         0.00         0.00         0.00         0.00         0.00         0.00         0.00         0.00         0.00
6877          7.00         4.00       856.94       134.00         0.00        40.00       131.12         0.00         0.00         0.00         0.00         0.00         0.00         0.00         0.00         0.00         0.00         0.00         0.00
4385          7.00         5.00       878.01       366.94        60.00        50.00       199.19         0.00         0.00         0.00         0.00         0.00       150.00         0.00         0.00         0.00         0.00         0.00         0.00
0366          7.00         5.00     2,020.55       870.03        60.00        50.00       462.49         0.00         0.00         0.00         0.00         0.00         0.00         0.00         0.00         0.00         0.00         0.00         0.00
7917          7.00         5.00       721.00        30.38        60.00        60.00       120.22       154.50         0.00       206.00       206.00        51.50         0.00         0.00         0.00         0.00         0.00         0.00         0.00
6206          7.00         5.00       856.94       211.19        60.00        60.00       170.90       275.44     1,009.96         0.00       244.84         0.00         0.00         0.00         0.00         0.00         0.00         0.00         0.00
7970          7.00         4.00       721.00        24.30         0.00        40.00         0.00         0.00         0.00         0.00         0.00         0.00        96.17         0.00         0.00         0.00         0.00         0.00         0.00
7618          7.00         5.00       721.00        73.15        60.00        60.00       127.06       103.00         0.00         0.00         0.00         0.00         0.00         0.00         0.00         0.00         0.00         0.00         0.00
 
*** GLOBAL               881.00   154,236.81    34,949.74     9,730.00    10,020.00    29,323.91    15,400.62     8,920.18     2,400.07    20,243.72     1,129.38     7,943.94         0.00         0.00         0.00       530.92         0.00         0.00
  


































































