EJECUTIVOS EN SERVICIOS DE ALIMENTOS, S.A. DE C.V.                                                                      Pagina: 0001
R.F.C.:                                                                                                                    2/NOV/19
REPORTE DE SUELDOS SEMANALES PERCEPCIONES


 
Codigo Dias de Pago Dias Laborad Sueldo       Compensacion Premio Asist Ayuda Transp Vales Despen T.E. Doble   T.E. Triple  Descanso lab Festivo labo Prim Dominic Perc Gravada Prem x Obj   Aguinaldo    Vacaciones   Prima Vacaci Grat Especia Utilidades
..........................................................................................................................................................................................................................................
8071          7.00         5.00       721.00        30.38        60.00        50.00       120.22       180.25         0.00         0.00         0.00         0.00         0.00         0.00         0.00         0.00         0.00         0.00         0.00
6600          7.00         5.00       721.00        73.15        60.00        50.00       127.06       231.75         0.00         0.00         0.00         0.00         0.00         0.00         0.00         0.00         0.00         0.00         0.00
7685          7.00         5.00       721.00        73.15        60.00        60.00       127.06       141.62         0.00         0.00         0.00         0.00         0.00         0.00         0.00         0.00         0.00         0.00         0.00
5933          7.00         5.00       721.00        73.15        60.00        60.00       127.06         0.00         0.00         0.00         0.00         0.00         0.00         0.00         0.00         0.00         0.00         0.00         0.00
7170          7.00         5.00       721.00        73.15        60.00        60.00       127.06        77.25       193.12         0.00       206.00         0.00         0.00         0.00         0.00         0.00         0.00         0.00         0.00
5201          7.00         5.00       878.01       500.01        60.00        60.00       220.48         0.00         0.00       156.78       125.43        62.71         0.00         0.00         0.00         0.00         0.00         0.00         0.00
3890          7.00         5.00     1,258.95       735.56        60.00        50.00       319.12         0.00         0.00         0.00         0.00         0.00         0.00         0.00         0.00         0.00         0.00         0.00         0.00
7834          7.00         1.00       602.55        28.92         0.00        10.00         0.00         0.00         0.00         0.00       206.00         0.00        23.91         0.00         0.00         0.00         0.00         0.00         0.00
8083          7.00         5.00       878.01       248.78        60.00        60.00       180.28         0.00         0.00         0.00         0.00         0.00         0.00         0.00         0.00         0.00         0.00         0.00         0.00
1123          7.00         5.00       878.01       357.63        60.00        60.00       197.70       282.21       376.29         0.00       250.86         0.00         0.00         0.00         0.00         0.00         0.00         0.00         0.00
8049          7.00         5.00       721.00        30.38        60.00        60.00       120.22        77.25         0.00         0.00       206.00         0.00         0.00         0.00         0.00         0.00         0.00         0.00         0.00
8100          7.00         4.00       721.00        24.30         0.00        40.00        96.17         0.00         0.00         0.00         0.00         0.00         0.00         0.00         0.00         0.00         0.00         0.00         0.00
8066          7.00         5.00       721.00        30.38        60.00        60.00       120.22        77.25        38.62         0.00       206.00         0.00         0.00         0.00         0.00         0.00         0.00         0.00         0.00
7977          7.00         5.00       721.00        30.38        60.00        50.00       120.22        51.50         0.00       206.00         0.00         0.00       170.78         0.00         0.00         0.00         0.00         0.00         0.00
8027          7.00         4.00       721.00        25.38         0.00        50.00       100.47         0.00         0.00         0.00         0.00        51.50       142.70         0.00         0.00         0.00         0.00         0.00         0.00
8088          7.00         5.00       721.00        30.38        60.00        60.00       120.22         0.00         0.00         0.00       206.00         0.00         0.00         0.00         0.00         0.00         0.00         0.00         0.00
8123          5.00         4.00       482.04        20.31        40.00        40.00        80.37         0.00         0.00         0.00         0.00         0.00         0.00         0.00         0.00         0.00         0.00         0.00         0.00
8112          7.00         5.00       878.01       248.78        60.00        60.00       180.28         0.00         0.00         0.00       250.86        62.71         0.00         0.00         0.00         0.00         0.00         0.00         0.00
7259          7.00         4.00       721.00        58.52         0.00        40.00       101.65         0.00         0.00         0.00       206.00         0.00         0.00         0.00         0.00         0.00         0.00         0.00         0.00
8073          0.00         0.00         0.00         0.00         0.00         0.00         0.00         0.00         0.00         0.00         0.00         0.00         0.00         0.00         0.00         0.00         0.00         0.00         0.00
7312          7.00         5.00       721.00       123.06        60.00        60.00       135.04         0.00         0.00         0.00         0.00         0.00         0.00         0.00         0.00         0.00         0.00         0.00         0.00
7338          7.00         5.00       721.00       173.04        60.00        60.00       143.04         0.00         0.00         0.00         0.00         0.00         0.00         0.00         0.00         0.00         0.00         0.00         0.00
5677          7.00         5.00       878.01       357.63        60.00        60.00       197.70         0.00         0.00       250.86       250.86        62.71         0.00         0.00         0.00         0.00         0.00         0.00         0.00
8078          7.00         5.00       721.00        30.38        60.00        50.00       120.22        25.75         0.00       193.12         0.00         0.00       170.78         0.00         0.00         0.00         0.00         0.00         0.00
8023          7.00         3.00       721.00        20.31         0.00        40.00        80.37         0.00         0.00         0.00       206.00        51.50       114.16         0.00         0.00         0.00         0.00         0.00         0.00
8042          7.00         5.00       721.00        30.38        60.00        60.00       120.22         0.00         0.00         0.00       206.00         0.00       435.47         0.00         0.00         0.00         0.00         0.00         0.00
7943          7.00         5.00       721.00        30.38        60.00        60.00       120.22         0.00         0.00         0.00       206.00         0.00         0.00         0.00         0.00         0.00         0.00         0.00         0.00
0849          7.00         5.00       856.94        37.10        60.00        50.00       143.04         0.00         0.00         0.00         0.00         0.00        85.00         0.00         0.00         0.00         0.00         0.00         0.00
7536          7.00         4.00       721.00        61.13         0.00        50.00       106.18       103.00         0.00         0.00         0.00         0.00       101.54         0.00         0.00         0.00         0.00         0.00         0.00
5181          7.00         5.00       721.00        73.15        60.00        60.00       127.06         0.00         0.00         0.00       206.00         0.00         0.00         0.00         0.00         0.00         0.00         0.00         0.00
5429          7.00         5.00     1,258.95       735.56        60.00        60.00       319.12         0.00         0.00         0.00         0.00        89.92       741.41         0.00         0.00         0.00         0.00         0.00         0.00
7655          7.00         5.00       721.00        73.15        60.00        50.00       127.06       154.50         0.00       128.75         0.00        51.50       121.50         0.00         0.00         0.00         0.00         0.00         0.00
8126          3.00         1.00       241.02         5.07         0.00        10.00         0.00         0.00         0.00         0.00         0.00         0.00        20.09         0.00         0.00         0.00         0.00         0.00         0.00
5558          7.00         5.00       721.00       173.04        60.00        50.00       143.04       206.00         0.00         0.00         0.00         0.00         0.00         0.00         0.00         0.00         0.00         0.00         0.00
7663          7.00         5.00       721.00        30.38        60.00        50.00       120.22        77.25         0.00       103.00         0.00         0.00       264.34         0.00         0.00         0.00         0.00         0.00         0.00
8093          7.00         4.00       721.00        25.38         0.00        50.00       100.47         0.00         0.00         0.00         0.00         0.00         0.00         0.00         0.00         0.00         0.00         0.00         0.00
7773          7.00         5.00       721.00        73.15        60.00        60.00       127.06        51.50         0.00         0.00         0.00        51.50        57.89         0.00         0.00         0.00         0.00         0.00         0.00
1424          7.00         5.00     1,962.52       597.45        60.00        50.00       409.59       140.18         0.00       560.72         0.00         0.00         0.00         0.00         0.00         0.00         0.00         0.00         0.00
5280          7.00         5.00     1,166.69       643.79        60.00        50.00       289.67         0.00         0.00         0.00         0.00         0.00         0.00         0.00         0.00         0.00         0.00         0.00         0.00
8020          7.00         5.00       721.00        30.38        60.00        50.00       120.22         0.00         0.00         0.00         0.00         0.00         0.00         0.00         0.00         0.00         0.00         0.00         0.00
7994          7.00         5.00       721.00        30.38        60.00        60.00       120.22       180.25         0.00         0.00       206.00         0.00         0.00         0.00         0.00         0.00         0.00         0.00         0.00
6461          7.00         5.00       836.99       173.95        60.00        60.00       161.75       179.35         0.00         0.00         0.00         0.00         0.00         0.00         0.00         0.00         0.00         0.00         0.00
6765          7.00         5.00       878.01       357.63        60.00        60.00       197.70       282.21       282.21         0.00       250.86         0.00       436.27         0.00         0.00         0.00         0.00         0.00         0.00

















































EJECUTIVOS EN SERVICIOS DE ALIMENTOS, S.A. DE C.V.                                                                      Pagina: 0002
R.F.C.:                                                                                                                    2/NOV/19
REPORTE DE SUELDOS SEMANALES PERCEPCIONES


 
Codigo Dias de Pago Dias Laborad Sueldo       Compensacion Premio Asist Ayuda Transp Vales Despen T.E. Doble   T.E. Triple  Descanso lab Festivo labo Prim Dominic Perc Gravada Prem x Obj   Aguinaldo    Vacaciones   Prima Vacaci Grat Especia Utilidades
..........................................................................................................................................................................................................................................
7909          7.00         5.00       721.00        30.38        60.00        60.00       120.22         0.00         0.00         0.00       206.00         0.00         0.00         0.00         0.00         0.00         0.00         0.00         0.00
5000          7.00         5.00       856.94       211.19        60.00        60.00       170.90        91.81        45.90         0.00       244.84         0.00         0.00         0.00         0.00         0.00         0.00         0.00         0.00
8113          7.00         3.00       878.01       149.26         0.00        30.00       108.17         0.00         0.00         0.00         0.00         0.00         0.00         0.00         0.00         0.00         0.00         0.00         0.00
5644          7.00         5.00       836.99       173.95        60.00        60.00       161.75       269.03       112.09         0.00         0.00         0.00         0.00         0.00         0.00         0.00         0.00         0.00         0.00
6638          7.00         5.00       721.00        73.15        60.00        50.00       127.06         0.00         0.00         0.00         0.00         0.00         0.00         0.00         0.00         0.00         0.00         0.00         0.00
8119          0.00         0.00         0.00         0.00         0.00         0.00         0.00         0.00         0.00         0.00         0.00         0.00         0.00         0.00         0.00         0.00         0.00         0.00         0.00
7800          7.00         5.00       721.00        30.38        60.00        60.00       120.22         0.00         0.00         0.00         0.00         0.00       108.51         0.00         0.00         0.00         0.00         0.00         0.00
8111          7.00         5.00       721.00        30.38        60.00        60.00       120.22       206.00        77.25         0.00       206.00         0.00         0.00         0.00         0.00         0.00         0.00         0.00         0.00
6690          7.00         5.00       721.00        73.15        60.00        50.00       127.06        51.50         0.00         0.00       206.00         0.00         0.00         0.00         0.00         0.00         0.00         0.00         0.00
7168          7.00         5.00       721.00        73.15        60.00        60.00       127.06         0.00         0.00         0.00       206.00         0.00         0.00         0.00         0.00         0.00         0.00         0.00         0.00
8081          7.00         5.00       721.00        30.38        60.00        60.00       120.22       231.75       173.81         0.00         0.00         0.00       170.78         0.00         0.00         0.00         0.00         0.00         0.00
7991          7.00         5.00       878.01       248.78        60.00        50.00       180.28         0.00         0.00         0.00         0.00         0.00         0.00         0.00         0.00         0.00         0.00         0.00         0.00
8063          7.00         5.00       721.00        30.38        60.00        50.00       120.22         0.00         0.00         0.00         0.00         0.00         0.00         0.00         0.00         0.00         0.00         0.00         0.00
8115          7.00         5.00       721.00        30.38        60.00        60.00       120.22        51.50         0.00         0.00         0.00        51.50       310.00         0.00         0.00         0.00         0.00         0.00         0.00
4314          7.00         5.00       856.94       742.35        60.00        60.00       255.88       275.44        22.95         0.00         0.00         0.00       245.79         0.00         0.00         0.00         0.00         0.00         0.00
7848          7.00         5.00       721.00        30.38        60.00        50.00       120.22        64.37         0.00         0.00         0.00         0.00         0.00         0.00         0.00         0.00         0.00         0.00         0.00
7632          7.00         5.00       721.00        73.15        60.00        60.00       127.06        64.37         0.00         0.00         0.00         0.00         0.00         0.00         0.00         0.00         0.00         0.00         0.00
7873          7.00         5.00       721.00        30.38        60.00        60.00       120.22         0.00         0.00         0.00         0.00         0.00         0.00         0.00         0.00         0.00         0.00         0.00         0.00
8068          7.00         5.00       994.07       543.69        60.00        50.00       246.04       319.52       159.76         0.00       284.02         0.00         0.00         0.00         0.00         0.00         0.00         0.00         0.00
8086          7.00         5.00       721.00        30.38        60.00        60.00       120.22        77.25        77.25         0.00       206.00         0.00         0.00         0.00         0.00         0.00         0.00         0.00         0.00
8106          7.00         5.00       721.00        30.38        60.00        60.00       120.22         0.00         0.00         0.00       206.00        51.50         0.00         0.00         0.00         0.00         0.00         0.00         0.00
7847          7.00         5.00       721.00        30.38        60.00        50.00       120.22         0.00         0.00         0.00         0.00         0.00         0.00         0.00         0.00         0.00         0.00         0.00         0.00
8082          7.00         1.00       721.00        10.15         0.00        20.00         0.00         0.00         0.00         0.00         0.00         0.00        40.18         0.00         0.00         0.00         0.00         0.00         0.00
8127          3.00         1.00       241.02         5.07         0.00        10.00         0.00         0.00         0.00         0.00         0.00         0.00        48.63         0.00         0.00         0.00         0.00         0.00         0.00
7633          7.00         5.00       721.00        73.15        60.00        50.00       127.06         0.00         0.00         0.00         0.00         0.00         0.00         0.00         0.00         0.00        85.08         0.00         0.00
7984          7.00         5.00       878.01       248.78        60.00        50.00       180.28         0.00         0.00         0.00         0.00         0.00         0.00         0.00         0.00         0.00         0.00         0.00         0.00
7914          7.00         5.00       721.00        30.38        60.00        60.00       120.22         0.00         0.00         0.00         0.00         0.00         0.00         0.00         0.00         0.00         0.00         0.00         0.00
2897          7.00         5.00       721.00        73.15        60.00        60.00       127.06         0.00         0.00         0.00         0.00         0.00         0.00         0.00         0.00         0.00         0.00         0.00         0.00
5630          7.00         5.00       721.00        30.38        60.00        50.00       120.22        77.25         0.00       103.00         0.00         0.00         0.00         0.00         0.00         0.00         0.00         0.00         0.00
8007          7.00         5.00       856.94       201.39        60.00        60.00       169.33        91.81       229.53       244.84       244.84        61.21         0.00         0.00         0.00         0.00         0.00         0.00         0.00
8048          7.00         5.00     1,143.52       462.91        60.00        60.00       257.02       367.56     1,163.94         0.00       326.72         0.00         0.00         0.00         0.00         0.00         0.00         0.00         0.00
8052          7.00         5.00     1,050.00       448.00        60.00        50.00       239.68        75.00         0.00         0.00         0.00         0.00         0.00         0.00         0.00         0.00         0.00         0.00         0.00
8105          7.00         5.00       721.00        30.38        60.00        50.00       120.22         0.00         0.00         0.00         0.00         0.00       170.78         0.00         0.00         0.00         0.00         0.00         0.00
7614          7.00         5.00       878.01       307.65        60.00        50.00       189.70       188.14       188.14         0.00         0.00         0.00       223.14         0.00         0.00         0.00         0.00         0.00         0.00
3318          7.00         5.00     1,020.18       938.70        60.00        50.00       313.42         0.00         0.00         0.00         0.00         0.00       342.23         0.00         0.00         0.00         0.00         0.00         0.00
7804          7.00         5.00       994.07       460.11        60.00        50.00       232.66         0.00         0.00         0.00         0.00         0.00         0.00         0.00         0.00         0.00         0.00         0.00         0.00
6083          7.00         5.00       721.00       123.06        60.00        60.00       135.04         0.00         0.00         0.00       206.00        51.50         0.00         0.00         0.00         0.00         0.00         0.00         0.00
8118          7.00         4.00       721.00        25.38         0.00        50.00       100.47       154.50       115.87         0.00       206.00         0.00       142.72         0.00         0.00         0.00         0.00         0.00         0.00
6766          7.00         5.00       856.94       167.51        60.00        50.00       163.91         0.00         0.00         0.00         0.00         0.00         0.00         0.00         0.00         0.00         0.00         0.00         0.00
8084          7.00         4.00       721.00        25.38         0.00        50.00       100.47       128.75         0.00         0.00       206.00         0.00       142.72         0.00         0.00         0.00         0.00         0.00         0.00
5746          7.00         5.00       721.00        30.38        60.00        60.00       120.22         0.00         0.00         0.00       206.00         0.00       170.78         0.00         0.00         0.00         0.00         0.00         0.00
4137          7.00         5.00     1,964.97     1,050.07        60.00        60.00       482.40         0.00         0.00         0.00         0.00         0.00         0.00         0.00         0.00         0.00         0.00         0.00         0.00
8009          7.00         5.00       721.00        30.38        60.00        50.00       120.22         0.00         0.00         0.00         0.00         0.00       170.78         0.00         0.00         0.00         0.00         0.00         0.00

















































EJECUTIVOS EN SERVICIOS DE ALIMENTOS, S.A. DE C.V.                                                                      Pagina: 0003
R.F.C.:                                                                                                                    2/NOV/19
REPORTE DE SUELDOS SEMANALES PERCEPCIONES


 
Codigo Dias de Pago Dias Laborad Sueldo       Compensacion Premio Asist Ayuda Transp Vales Despen T.E. Doble   T.E. Triple  Descanso lab Festivo labo Prim Dominic Perc Gravada Prem x Obj   Aguinaldo    Vacaciones   Prima Vacaci Grat Especia Utilidades
..........................................................................................................................................................................................................................................
7542          7.00         5.00       721.00        73.15        60.00        60.00       127.06        77.25       193.12         0.00       206.00         0.00         0.00         0.00         0.00         0.00         0.00         0.00         0.00
3780          7.00         5.00       878.01       500.01        60.00        60.00       220.48       203.82         0.00       203.82         0.00        62.71        90.00         0.00         0.00         0.00         0.00         0.00         0.00
6205          7.00         5.00       721.00       123.06        60.00        60.00       135.04         0.00         0.00         0.00         0.00         0.00         0.00         0.00         0.00         0.00         0.00         0.00         0.00
5027          7.00         5.00       721.00       173.04        60.00        60.00       143.04         0.00         0.00         0.00         0.00         0.00       216.00         0.00         0.00         0.00         0.00         0.00         0.00
7818          7.00         5.00       721.00       173.04        60.00        50.00       143.04       103.00         0.00         0.00       206.00         0.00       103.00         0.00         0.00         0.00         0.00         0.00         0.00
7221          7.00         5.00       721.00        30.38        60.00        50.00       120.22       154.50         0.00         0.00       206.00         0.00         0.00         0.00         0.00         0.00         0.00         0.00         0.00
7815          7.00         5.00       721.00        30.38        60.00        50.00       120.22       154.50         0.00         0.00         0.00         0.00       435.47         0.00         0.00         0.00         0.00         0.00         0.00
6839          7.00         5.00       721.00        73.15        60.00        60.00       127.06       206.00        77.25         0.00         0.00         0.00       121.50         0.00         0.00         0.00         0.00         0.00         0.00
5646          7.00         5.00       721.00        73.15        60.00        60.00       127.06         0.00         0.00         0.00       206.00         0.00         0.00         0.00         0.00         0.00         0.00         0.00         0.00
8011          7.00         5.00       878.01       248.78        60.00        60.00       180.28       282.21       470.36         0.00       250.86         0.00         0.00         0.00         0.00         0.00         0.00         0.00         0.00
7708          7.00         5.00       721.00        73.15        60.00        60.00       127.06        77.25        38.62         0.00       206.00         0.00         0.00         0.00         0.00         0.00         0.00         0.00         0.00
7869          7.00         5.00       721.00       123.06        60.00        60.00       135.04         0.00         0.00         0.00         0.00         0.00         0.00         0.00         0.00         0.00         0.00         0.00         0.00
7973          7.00         3.00       721.00        18.22         0.00        30.00        72.13         0.00         0.00         0.00         0.00         0.00         0.00         0.00         0.00         0.00         0.00         0.00         0.00
8043          7.00         5.00       721.00        30.38        60.00        60.00       120.22         0.00         0.00         0.00         0.00         0.00       170.78         0.00         0.00         0.00         0.00         0.00         0.00
8012          7.00         5.00       721.00        30.38        60.00        60.00       120.22       231.75       135.18         0.00         0.00         0.00       170.78         0.00         0.00         0.00         0.00         0.00         0.00
7530          7.00         5.00       721.00        73.15        60.00        60.00       127.06       167.37         0.00       167.37         0.00        51.50         0.00         0.00         0.00         0.00         0.00         0.00         0.00
8124          5.00         4.00       482.04        20.31        40.00        40.00        80.37         0.00         0.00         0.00         0.00        51.50       142.72         0.00         0.00         0.00         0.00         0.00         0.00
8077          7.00         5.00       721.00        30.38        60.00        60.00       120.22        25.75         0.00       193.12         0.00        51.50         0.00         0.00         0.00         0.00         0.00         0.00         0.00
8076          7.00         5.00       878.01       248.78        60.00        50.00       180.28         0.00         0.00         0.00         0.00         0.00         0.00         0.00         0.00         0.00         0.00         0.00         0.00
6028          7.00         5.00       836.99       173.95        60.00        60.00       161.75       269.03       246.61         0.00         0.00         0.00         0.00         0.00         0.00         0.00         0.00         0.00         0.00
6565          0.00         0.00         0.00         0.00         0.00         0.00         0.00         0.00         0.00         0.00         0.00         0.00         0.00         0.00         0.00         0.00         0.00         0.00         0.00
3676          7.00         5.00       878.01       357.63        60.00        50.00       197.70       282.21        94.07         0.00         0.00         0.00         0.00         0.00         0.00         0.00         0.00         0.00         0.00
3221          7.00         5.00       836.99       271.25        60.00        60.00       177.31       194.30         0.00         0.00         0.00        59.78         0.00         0.00         0.00         0.00         0.00         0.00         0.00
7779          0.00         0.00         0.00         0.00         0.00         0.00         0.00         0.00         0.00         0.00         0.00         0.00         0.00         0.00         0.00         0.00         0.00         0.00         0.00
7942          7.00         4.00       721.00        24.30         0.00        40.00        96.17         0.00         0.00         0.00         0.00         0.00       142.72         0.00         0.00         0.00         0.00         0.00         0.00
7845          7.00         5.00       721.00       173.04        60.00        50.00       143.04         0.00         0.00       128.75       206.00        51.50       407.50         0.00         0.00         0.00         0.00         0.00         0.00
4773          7.00         5.00       721.00        30.38        60.00        60.00       120.22         0.00         0.00         0.00         0.00        51.50       170.78         0.00         0.00         0.00         0.00         0.00         0.00
7996          7.00         5.00       721.00        30.38        60.00        60.00       120.22         0.00         0.00         0.00         0.00        51.50       170.78         0.00         0.00         0.00         0.00         0.00         0.00
2522          7.00         5.00       721.00        73.15        60.00        60.00       127.06       231.75       135.18         0.00         0.00        51.50       121.50         0.00         0.00         0.00         0.00         0.00         0.00
8125          4.00         3.00       361.53        15.23        30.00        30.00        60.28        51.50         0.00         0.00         0.00         0.00         0.00         0.00         0.00         0.00         0.00         0.00         0.00
7080          7.00         5.00       878.01       366.94        60.00        60.00       199.19         0.00         0.00         0.00       250.86         0.00         0.00         0.00         0.00         0.00         0.00         0.00         0.00
5965          7.00         5.00       856.94       211.19        60.00        60.00       170.90       244.84        91.81         0.00       244.84         0.00         0.00         0.00         0.00         0.00         0.00         0.00         0.00
5447          7.00         5.00       721.00       173.04        60.00        50.00       143.04        77.25         0.00         0.00       206.00         0.00         0.00         0.00         0.00         0.00         0.00         0.00         0.00
6685          7.00         5.00       721.00        73.15        60.00        60.00       127.06       231.75       386.25         0.00       206.00         0.00         0.00         0.00         0.00         0.00         0.00         0.00         0.00
8056          7.00         5.00       878.01       248.78        60.00        60.00       180.28       282.21     1,740.34         0.00       250.86         0.00         0.00         0.00         0.00         0.00         0.00         0.00         0.00
5549          7.00         5.00       721.00        73.15        60.00        60.00       127.06         0.00         0.00         0.00         0.00        51.50       121.50         0.00         0.00         0.00         0.00         0.00         0.00
8117          7.00         5.00       721.00        30.38        60.00        50.00       120.22         0.00         0.00         0.00         0.00         0.00         0.00         0.00         0.00         0.00         0.00         0.00         0.00
0854          7.00         5.00     1,010.03       441.63        60.00        60.00       232.26       306.61         0.00         0.00         0.00         0.00        90.00         0.00         0.00         0.00         0.00         0.00         0.00
7295          7.00         5.00       721.00        73.15        60.00        60.00       127.06       154.50       231.75         0.00       206.00         0.00         0.00         0.00         0.00         0.00         0.00         0.00         0.00
4807          7.00         5.00     3,663.66         0.00        60.00        60.00       586.18         0.00         0.00         0.00         0.00         0.00         0.00         0.00         0.00         0.00         0.00         0.00         0.00
8018          7.00         4.00       856.94       133.96         0.00        50.00       136.01       275.44        45.90         0.00       244.84         0.00         0.00         0.00         0.00         0.00         0.00         0.00         0.00
3169          7.00         5.00       721.00        73.15        60.00        60.00       127.06         0.00         0.00         0.00         0.00        51.50         0.00         0.00         0.00         0.00         0.00         0.00         0.00
4514          7.00         5.00       878.01       357.63        60.00        60.00       197.70       282.21       705.54         0.00       250.86         0.00     1,433.34         0.00         0.00         0.00       308.91         0.00         0.00

















































EJECUTIVOS EN SERVICIOS DE ALIMENTOS, S.A. DE C.V.                                                                      Pagina: 0004
R.F.C.:                                                                                                                    2/NOV/19
REPORTE DE SUELDOS SEMANALES PERCEPCIONES


 
Codigo Dias de Pago Dias Laborad Sueldo       Compensacion Premio Asist Ayuda Transp Vales Despen T.E. Doble   T.E. Triple  Descanso lab Festivo labo Prim Dominic Perc Gravada Prem x Obj   Aguinaldo    Vacaciones   Prima Vacaci Grat Especia Utilidades
..........................................................................................................................................................................................................................................
7814          7.00         5.00       721.00       173.04        60.00        50.00       143.04         0.00         0.00         0.00         0.00         0.00         0.00         0.00         0.00         0.00         0.00         0.00         0.00
7754          7.00         5.00       721.00        30.38        60.00        60.00       120.22         0.00         0.00         0.00       206.00         0.00         0.00         0.00         0.00         0.00         0.00         0.00         0.00
6014          7.00         5.00       878.01       357.63        60.00        60.00       197.70       282.21        94.07         0.00         0.00         0.00         0.00         0.00         0.00         0.00         0.00         0.00         0.00
7775          7.00         5.00       721.00        30.38        60.00        50.00       120.22         0.00         0.00         0.00         0.00         0.00         0.00         0.00         0.00         0.00         0.00         0.00         0.00
3827          7.00         5.00       721.00       123.06        60.00        60.00       135.04       154.50         0.00         0.00         0.00         0.00         0.00         0.00         0.00         0.00         0.00         0.00         0.00
8103          7.00         5.00       721.00        30.38        60.00        60.00       120.22         0.00         0.00         0.00       206.00         0.00         0.00         0.00         0.00         0.00         0.00         0.00         0.00
8054          7.00         2.00       721.00        12.15         0.00        20.00         0.00         0.00         0.00         0.00         0.00         0.00        40.18         0.00         0.00         0.00         0.00         0.00         0.00
5412          7.00         5.00       721.00        73.15        60.00        50.00       127.06        77.25       115.87         0.00         0.00         0.00         0.00         0.00         0.00         0.00         0.00         0.00         0.00
7395          7.00         5.00       721.00       123.06        60.00        60.00       135.04         0.00         0.00         0.00         0.00         0.00       119.52         0.00         0.00         0.00         0.00         0.00         0.00
0214          7.00         5.00     2,439.50     1,224.16        60.00        60.00       586.18         0.00         0.00         0.00         0.00         0.00         0.00         0.00         0.00         0.00         0.00         0.00         0.00
7849          7.00         5.00       721.00        30.38        60.00        50.00       120.22        25.75         0.00         0.00         0.00         0.00       170.78         0.00         0.00         0.00         0.00         0.00         0.00
5232          7.00         5.00       878.01       500.01        60.00        60.00       220.48        31.35         0.00         0.00       219.50        62.71         0.00         0.00         0.00         0.00         0.00         0.00         0.00
8019          7.00         5.00       721.00        30.38        60.00        50.00       120.22         0.00         0.00         0.00       206.00         0.00       170.78         0.00         0.00         0.00         0.00         0.00         0.00
4958          7.00         5.00       721.00        73.15        60.00        60.00       127.06        25.75         0.00         0.00       206.00         0.00         0.00         0.00         0.00         0.00         0.00         0.00         0.00
3979          7.00         5.00     2,177.98     1,067.22        60.00        60.00       519.23       544.49       350.03         0.00       622.28         0.00         0.00         0.00         0.00         0.00         0.00         0.00         0.00
0442          7.00         5.00       774.06       481.39        60.00        60.00       200.87       193.51         0.00         0.00         0.00         0.00         0.00         0.00         0.00         0.00         0.00         0.00         0.00
7330          0.00         0.00         0.00         0.00         0.00         0.00         0.00         0.00         0.00         0.00         0.00         0.00         0.00         0.00         0.00         0.00         0.00         0.00         0.00
8101          7.00         5.00       721.00        30.38        60.00        60.00       120.22         0.00         0.00         0.00       206.00         0.00         0.00         0.00         0.00         0.00         0.00         0.00         0.00
7846          7.00         5.00       721.00       173.04        60.00        60.00       143.04        77.25       115.87         0.00       206.00         0.00         0.00         0.00         0.00         0.00         0.00         0.00         0.00
8091          7.00         5.00       721.00        30.38        60.00        50.00       120.22         0.00         0.00         0.00         0.00         0.00       170.78         0.00         0.00         0.00         0.00         0.00         0.00
7298          7.00         5.00       955.99       413.77        60.00        50.00       219.16        68.28         0.00         0.00         0.00         0.00         0.00         0.00         0.00         0.00         0.00         0.00         0.00
7963          7.00         5.00       721.00        30.38        60.00        60.00       120.22       154.50        77.25         0.00       206.00         0.00         0.00         0.00         0.00         0.00         0.00         0.00         0.00
5396          7.00         5.00       721.00        73.15        60.00        60.00       127.06        51.50         0.00         0.00         0.00        51.50         0.00         0.00         0.00         0.00         0.00         0.00         0.00
7989          7.00         5.00       721.00        30.38        60.00        50.00       120.22         0.00         0.00         0.00         0.00         0.00         0.00         0.00         0.00         0.00         0.00         0.00         0.00
7588          7.00         3.00       721.00        48.90         0.00        40.00        84.95         0.00         0.00         0.00       206.00         0.00         0.00         0.00         0.00         0.00         0.00         0.00         0.00
6203          7.00         5.00       721.00       123.06        60.00        60.00       135.04         0.00         0.00         0.00         0.00         0.00       454.24         0.00         0.00         0.00         0.00         0.00         0.00
8060          7.00         3.00       721.00        18.22         0.00        30.00        72.13         0.00         0.00         0.00         0.00         0.00         0.00         0.00         0.00         0.00         0.00         0.00         0.00
7226          7.00         5.00       721.00       173.04        60.00        60.00       143.04         0.00         0.00         0.00         0.00         0.00         0.00         0.00         0.00         0.00         0.00         0.00         0.00
7885          7.00         5.00       721.00        30.38        60.00        60.00       120.22         0.00         0.00         0.00         0.00         0.00         0.00         0.00         0.00         0.00         0.00         0.00         0.00
3326          7.00         5.00       878.01       500.01        60.00        60.00       220.48         0.00         0.00         0.00       250.86         0.00         0.00         0.00         0.00         0.00         0.00         0.00         0.00
0449          7.00         5.00       721.00       173.04        60.00        50.00       143.04        77.25       115.87         0.00       206.00         0.00       250.00         0.00         0.00         0.00         0.00         0.00         0.00
6934          7.00         5.00     2,057.51       821.94        60.00        60.00       460.71         0.00         0.00         0.00         0.00         0.00         0.00         0.00         0.00         0.00         0.00         0.00         0.00
7137          7.00         5.00       878.01       366.94        60.00        60.00       199.19       250.86         0.00         0.00         0.00        62.71       183.43         0.00         0.00         0.00         0.00         0.00         0.00
6682          7.00         4.00       721.00        24.30         0.00        40.00        96.17         0.00         0.00         0.00         0.00         0.00       180.25         0.00         0.00         0.00         0.00         0.00         0.00
1269          7.00         5.00       721.00        73.15        60.00        50.00       127.06         0.00         0.00         0.00         0.00         0.00         0.00         0.00         0.00         0.00         0.00         0.00         0.00
7890          7.00         5.00       721.00        30.38        60.00        60.00       120.22        77.25        77.25         0.00         0.00        51.50       170.78         0.00         0.00         0.00         0.00         0.00         0.00
8031          7.00         3.00       721.00        20.31         0.00        40.00        80.37         0.00         0.00         0.00         0.00         0.00         0.00         0.00         0.00         0.00         0.00         0.00         0.00
1419          7.00         5.00     1,010.03       441.63        60.00        60.00       232.26         0.00         0.00         0.00         0.00         0.00         0.00         0.00         0.00         0.00         0.00         0.00         0.00
8067          7.00         5.00       721.00        30.38        60.00        50.00       120.22         0.00         0.00         0.00       206.00         0.00         0.00         0.00         0.00         0.00         0.00         0.00         0.00
3525          7.00         5.00       856.94       167.51        60.00        60.00       163.91         0.00         0.00         0.00       244.84         0.00         0.00         0.00         0.00         0.00         0.00         0.00         0.00
8036          7.00         5.00       721.00        30.38        60.00        60.00       120.22       206.00         0.00         0.00       206.00        51.50         0.00         0.00         0.00         0.00         0.00         0.00         0.00
6885          7.00         5.00       721.00        73.15        60.00        60.00       127.06       231.75       154.50         0.00       206.00         0.00         0.00         0.00         0.00         0.00         0.00         0.00         0.00
7907          7.00         5.00     1,143.52       462.91        60.00        60.00       257.02         0.00         0.00         0.00         0.00         0.00         0.00         0.00         0.00         0.00         0.00         0.00         0.00

















































EJECUTIVOS EN SERVICIOS DE ALIMENTOS, S.A. DE C.V.                                                                      Pagina: 0005
R.F.C.:                                                                                                                    2/NOV/19
REPORTE DE SUELDOS SEMANALES PERCEPCIONES


 
Codigo Dias de Pago Dias Laborad Sueldo       Compensacion Premio Asist Ayuda Transp Vales Despen T.E. Doble   T.E. Triple  Descanso lab Festivo labo Prim Dominic Perc Gravada Prem x Obj   Aguinaldo    Vacaciones   Prima Vacaci Grat Especia Utilidades
..........................................................................................................................................................................................................................................
8107          0.00         0.00         0.00         0.00         0.00         0.00         0.00         0.00         0.00         0.00         0.00         0.00         0.00         0.00         0.00         0.00         0.00         0.00         0.00
4775          7.00         5.00       721.00        73.15        60.00        50.00       127.06       154.50         0.00        51.50         0.00         0.00       121.50         0.00         0.00         0.00         0.00         0.00         0.00
8069          7.00         5.00       994.07       543.69        60.00        60.00       246.04       319.52       372.77         0.00         0.00        71.00         0.00         0.00         0.00         0.00         0.00         0.00         0.00
4832          7.00         5.00       721.00        73.15        60.00        60.00       127.06       231.75       463.50         0.00       206.00         0.00         0.00         0.00         0.00         0.00         0.00         0.00         0.00
3321          7.00         5.00     1,077.37       632.59        60.00        50.00       273.59       115.43         0.00         0.00       307.82         0.00       438.96         0.00         0.00         0.00         0.00         0.00         0.00
0624          7.00         5.00       983.99       827.19        60.00        50.00       289.78       316.28         0.00         0.00       281.14         0.00         0.00         0.00         0.00         0.00         0.00         0.00         0.00
4385          7.00         5.00       878.01       366.94        60.00        50.00       199.19         0.00         0.00         0.00         0.00         0.00       150.00         0.00         0.00         0.00         0.00         0.00         0.00
8099          7.00         5.00       721.00        30.38        60.00        50.00       120.22         0.00         0.00         0.00         0.00         0.00       170.78         0.00         0.00         0.00         0.00         0.00         0.00
0366          7.00         5.00     2,020.55       870.03        60.00        50.00       462.49         0.00         0.00         0.00         0.00         0.00         0.00         0.00         0.00         0.00         0.00         0.00         0.00
6206          7.00         5.00       856.94       211.19        60.00        60.00       170.90       275.44       918.15         0.00       244.84         0.00       194.31         0.00         0.00         0.00         0.00         0.00         0.00
7618          7.00         5.00       721.00        73.15        60.00        60.00       127.06       218.87         0.00         0.00         0.00         0.00         0.00         0.00         0.00         0.00         0.00         0.00         0.00
 
*** GLOBAL               840.00   147,382.02    32,050.82     9,290.00     9,490.00    27,821.86    14,032.86    10,703.84     2,691.63    14,751.69     1,636.67    12,267.54         0.00         0.00         0.00       393.99         0.00         0.00
  














































































