EJECUTIVOS EN SERVICIOS DE ALIMENTOS, S.A. DE C.V.                                                                      Pagina: 0001
R.F.C.:                                                                                                                    5/NOV/19
REPORTE DE SUELDOS SEMANALES DEDUCCIONES


 
Codigo Desc Vales   Desc Zapatos Otras Deducc Desc Fonacot Pension Alim Desc Infonav Faltas       Inca Enferme Inca Riesgo  ISPT         Ajus ISPT    IMSS          Sub P/Empleo Tot Per Grav Tot Per Exce Total Percep Total Deducc Neto Pagado
..........................................................................................................................................................................................................................................
7505          1.00         0.00         0.00         0.00         0.00         0.00         0.00         0.00         0.00         0.00         0.00        22.09         49.79       871.38       170.01     1,041.39        23.09     1,018.30
6600          1.00         0.00        10.00         0.00         0.00         0.00         0.00         0.00         0.00         0.00         0.00        23.11         38.91       861.38       159.13     1,020.51        34.11       986.40
7515          1.00         0.00         0.00         0.00         0.00         0.00         0.00         0.00         0.00         0.00         0.00        23.43         38.26       871.38       158.48     1,029.86        24.43     1,005.43
5933          1.00         0.00         0.00         0.00         0.00         0.00         0.00         0.00         0.00         0.00         0.00        23.75         31.86       971.51       185.45     1,156.96        24.75     1,132.21
7170          1.00         0.00         0.00         0.00         0.00         0.00         0.00         0.00         0.00         0.00         0.00        26.77         45.44       871.38       165.66     1,037.04        27.77     1,009.27
5618          1.00         0.00         0.00         0.00         0.00         0.00       249.20         0.00         0.00         0.00         0.00        16.23         62.76       774.52       179.39       953.91       266.43       687.48
3890          1.00         0.00         0.00         0.00         0.00         0.00         0.00         0.00         0.00       166.09         0.00        52.13          0.00     2,027.79       306.84     2,334.63       219.22     2,115.41
3652          1.00         0.00         0.00         0.00         0.00       383.82         0.00         0.00         0.00       141.06         0.00        48.31          0.00     1,866.08       279.37     2,145.45       574.19     1,571.26
2530          1.00         0.00         0.00         0.00         0.00       168.73         0.00         0.00         0.00         0.00         0.00        19.82         44.80       861.38       165.02     1,026.40       189.55       836.85
1123          1.00         0.00         0.00         0.00         0.00         0.00         0.00         0.00         0.00        11.18         0.00        33.10          0.00     1,246.79       180.28     1,427.07        45.28     1,381.79
7593          1.00         0.00         0.00         0.00         0.00         0.00         0.00         0.00         0.00         0.00         0.00        20.35         38.26       871.38       158.48     1,029.86        21.35     1,008.51
7607          1.00         0.00         0.00         0.00         0.00         0.00         0.00         0.00         0.00         0.00         0.00        19.21         37.47       883.63       179.94     1,063.57        20.21     1,043.36
7624          0.00         0.00         0.00         0.00         0.00         0.00       208.26         0.00         0.00         0.00         0.00         9.40         30.74       519.61        30.74       550.35       217.66       332.69
7005          1.00         0.00         0.00         0.00         0.00         0.00         0.00         0.00         0.00         0.00         0.00        26.37         30.42       882.51       161.76     1,044.27        27.37     1,016.90
7259          1.00         0.00         0.00         0.00         0.00         0.00         0.00         0.00         0.00         0.00         0.00        21.95         38.27       871.38       158.49     1,029.87        22.95     1,006.92
7276          1.00         0.00         0.00         0.00         0.00         0.00         0.00         0.00         0.00         0.00         0.00        27.16         30.57       991.50       228.30     1,219.80        28.16     1,191.64
7312          1.00         0.00         0.00         0.00         0.00         0.00         0.00         0.00         0.00         0.00         0.00        26.11         35.41       915.88       244.63     1,160.51        27.11     1,133.40
7338          1.00         0.00         0.00         0.00         0.00         0.00         0.00         0.00         0.00         0.00         0.00        24.76         38.26       871.38       158.48     1,029.86        25.76     1,004.10
7600          1.00         0.00         0.00         0.00         0.00         0.00         0.00         0.00         0.00         0.00         0.00        19.76         38.90       861.38       159.12     1,020.50        20.76       999.74
7581          1.00         0.00         0.00         0.00         0.00         0.00         0.00         0.00         0.00         0.00         0.00        20.71         38.26       871.38       158.48     1,029.86        21.71     1,008.15
5677          1.00         0.00         0.00         0.00         0.00         0.00         0.00         0.00         0.00         0.00         0.00        28.67          7.69     1,137.24       170.44     1,307.68        29.67     1,278.01
6210          1.00         0.00        50.00         0.00         0.00         0.00         0.00         0.00         0.00         0.00         0.00        25.62         32.86     1,015.94       247.64     1,263.58        76.62     1,186.96
0849          1.00         0.00         0.00         0.00         0.00         0.00         0.00         0.00         0.00         0.00         0.00        27.90         17.75     1,090.26       185.46     1,275.72        28.90     1,246.82
7536          1.00         0.00         0.00         0.00         0.00         0.00         0.00         0.00         0.00         0.00         0.00        22.51         45.92       861.38       166.14     1,027.52        23.51     1,004.01
7430          1.00         0.00         0.00         0.00         0.00         0.00         0.00         0.00         0.00       149.41         0.00        42.38          0.00     1,893.70       463.42     2,357.12       192.79     2,164.33
5181          1.00         0.00         0.00         0.00         0.00         0.00         0.00         0.00         0.00         0.00         0.00        23.37         38.26       871.38       202.98     1,074.36        24.37     1,049.99
7057          1.00         0.00         0.00         0.00         0.00         0.00         0.00         0.00         0.00         0.00         0.00        27.65         38.90       861.38       159.12     1,020.50        28.65       991.85
5558          1.00         0.00         0.00         0.00         0.00         0.00         0.00         0.00         0.00         0.00         0.00        27.44         38.91       861.38       239.63     1,101.01        28.44     1,072.57
4746          1.00         0.00         0.00         0.00         0.00       337.44         0.00         0.00         0.00        10.10         0.00        31.81          0.00     1,236.79       180.28     1,417.07       380.35     1,036.72
7573          1.00         0.00         0.00         0.00         0.00         0.00         0.00         0.00         0.00         0.00         0.00        20.37         37.13       889.19       185.16     1,074.35        21.37     1,052.98
7407          1.00         0.00        12.50         0.00         0.00         0.00         0.00         0.00         0.00         0.00         0.00        24.23         25.17       949.26       267.76     1,217.02        37.73     1,179.29
2107          1.00         0.00         0.00         0.00         0.00       333.50         0.00         0.00         0.00        24.86         0.00        33.90          0.00     1,372.44       248.43     1,620.87       393.26     1,227.61
1424          1.00         0.00         0.00         0.00         0.00       457.22         0.00         0.00         0.00       327.01         0.00        76.91          0.00     2,925.29       654.90     3,580.19       862.14     2,718.05
5280          1.00         0.00         0.00       316.08         0.00       439.54         0.00         0.00         0.00       152.33         0.00        48.76          0.00     1,920.48       289.67     2,210.15       957.71     1,252.44
6461          1.00         0.00       200.00         0.00         0.00         0.00         0.00         0.00         0.00         0.00         0.00        28.62         16.46     1,184.62       321.45     1,506.07       229.62     1,276.45
6765          1.00         0.00         0.00         0.00         0.00         0.00         0.00         0.00         0.00        15.72         0.00        30.60          0.00     1,288.45       341.25     1,629.70        47.32     1,582.38
7012          1.00         0.00         0.00         0.00         0.00         0.00         0.00         0.00         0.00         0.00         0.00        24.87         35.01       871.38       155.23     1,026.61        25.87     1,000.74
5000          1.00         0.00         0.00         0.00         0.00         0.00         0.00         0.00         0.00         0.00         0.00        26.34         10.96     1,090.76       166.28     1,257.04        27.34     1,229.70
7586          1.00         0.00         0.00         0.00         0.00         0.00         0.00         0.00         0.00         0.00         0.00        20.82         31.64       871.38       151.86     1,023.24        21.82     1,001.42
5644          1.00         0.00        10.00         0.00         0.00       331.25         0.00         0.00         0.00        33.85         0.00        26.75          0.00     1,455.08       283.64     1,738.72       402.85     1,335.87
7519          1.00         0.00         0.00         0.00         0.00         0.00         0.00         0.00         0.00         0.00         0.00        26.25         45.94       871.38       166.16     1,037.54        27.25     1,010.29
7582          1.00         0.00         0.00         0.00         0.00         0.00         0.00         0.00         0.00         0.00         0.00        19.80         44.80       861.38       165.02     1,026.40        20.80     1,005.60
7292          1.00         0.00         0.00         0.00         0.00         0.00         0.00         0.00         0.00         0.00         0.00        19.84         38.90       861.38       320.13     1,181.51        20.84     1,160.67

















































EJECUTIVOS EN SERVICIOS DE ALIMENTOS, S.A. DE C.V.                                                                      Pagina: 0002
R.F.C.:                                                                                                                    5/NOV/19
REPORTE DE SUELDOS SEMANALES DEDUCCIONES


 
Codigo Desc Vales   Desc Zapatos Otras Deducc Desc Fonacot Pension Alim Desc Infonav Faltas       Inca Enferme Inca Riesgo  ISPT         Ajus ISPT    IMSS          Sub P/Empleo Tot Per Grav Tot Per Exce Total Percep Total Deducc Neto Pagado
..........................................................................................................................................................................................................................................
6690          1.00         0.00         0.00         0.00         0.00         0.00         0.00         0.00         0.00         0.00         0.00        26.66         34.98       961.50       221.95     1,183.45        27.66     1,155.79
0090          1.00         0.00         0.00         0.00         0.00       488.15         0.00         0.00         0.00        39.22         0.00        34.16          0.00     1,417.46       489.36     1,906.82       562.53     1,344.29
7168          1.00         0.00         0.00         0.00         0.00         0.00         0.00         0.00         0.00         0.00         0.00        24.16         36.13       904.76       234.22     1,138.98        25.16     1,113.82
6958          1.00         0.00         0.00         0.00         0.00         0.00       124.60         0.00         0.00         0.00         0.00        16.69         47.14       821.33       198.93     1,020.26       142.29       877.97
4314          1.00         0.00         0.00         0.00         0.00         0.00         0.00         0.00         0.00       125.41         0.00        45.80          0.00     1,673.05       261.33     1,934.38       172.21     1,762.17
5332          0.00         0.00         0.00         0.00         0.00         0.00         0.00         0.00         0.00         0.00         0.00        19.86         20.78       992.73        31.90     1,024.63        19.86     1,004.77
7485          1.00         0.00         0.00         0.00         0.00         0.00         0.00         0.00         0.00         0.00         0.00        26.57         22.39       938.13       209.36     1,147.49        27.57     1,119.92
4287          1.00         0.00       200.00         0.00         0.00         0.00         0.00         0.00         0.00       136.99         0.00        28.33          0.00     2,014.25       357.81     2,372.06       366.32     2,005.74
6427          1.00         0.00         0.00         0.00         0.00         0.00         0.00         0.00         0.00         0.00         0.00        21.69         34.25       934.17       164.51     1,098.68        22.69     1,075.99
6504          1.00         0.00         0.00         0.00         0.00         0.00         0.00         0.00         0.00         0.00         0.00        20.12         38.27       871.38       158.49     1,029.87        21.12     1,008.75
5745          1.00         0.00         0.00         0.00         0.00         0.00         0.00         0.00         0.00         0.00         0.00        22.85         38.27       871.38       185.32     1,056.70        23.85     1,032.85
7617          1.00         0.00         0.00         0.00         0.00         0.00         0.00         0.00         0.00         0.00         0.00        18.65         12.54     1,071.63       232.88     1,304.51        19.65     1,284.86
7604          1.00         0.00         0.00         0.00         0.00         0.00       104.13         0.00         0.00         0.00         0.00        17.80         51.47       780.28       151.94       932.22       122.93       809.29
6849          1.00         0.00         0.00         0.00         0.00         0.00         0.00         0.00         0.00        33.28         0.00        31.72          0.00     1,449.89       342.71     1,792.60        66.00     1,726.60
7061          1.00         0.00         0.00         0.00         0.00         0.00         0.00         0.00         0.00        49.62         0.00        28.40          0.00     1,472.13       220.34     1,692.47        79.02     1,613.45
0881          1.00         0.00         0.00         0.00         0.00         0.00         0.00         0.00         0.00         0.00         0.00        28.62         38.90       861.38       159.12     1,020.50        29.62       990.88
7627          1.00         0.00         0.00         0.00         0.00         0.00         0.00         0.00         0.00         0.00         0.00         7.99         24.04       291.17       108.72       399.89         8.99       390.90
7622          1.00         0.00         0.00         0.00         0.00         0.00         0.00         0.00         0.00         0.00         0.00        18.65         37.47       883.63       179.94     1,063.57        19.65     1,043.92
7428          1.00         0.00         0.00         0.00         0.00         0.00         0.00         0.00         0.00         0.00         0.00        23.28         38.26       871.38       158.48     1,029.86        24.28     1,005.58
2897          1.00         0.00         0.00         0.00         0.00         0.00         0.00         0.00         0.00         0.00         0.00        22.87         38.90       861.38       159.12     1,020.50        23.87       996.63
7623          0.00         0.00         0.00         0.00         0.00         0.00       498.40         0.00         0.00         0.00         0.00        10.80         37.66       682.71        37.66       720.37       509.20       211.17
7558          1.00         0.00         0.00         0.00         0.00         0.00         0.00         0.00         0.00         0.00         0.00        25.17         34.32       938.13       265.79     1,203.92        26.17     1,177.75
6360          1.00         0.00         0.00         0.00         0.00         0.00         0.00         0.00         0.00         0.00         0.00        20.55         38.90       861.38       159.12     1,020.50        21.55       998.95
7614          1.00         0.00         0.00         0.00         0.00         0.00         0.00         0.00         0.00         0.00         0.00        18.65         36.27       861.38       156.49     1,017.87        19.65       998.22
3318          1.00         0.00       250.00         0.00         0.00       500.52         0.00         0.00         0.00       179.02         0.00        55.26          0.00     2,108.56       301.36     2,409.92       985.80     1,424.12
5139          1.00         0.00         0.00         0.00         0.00       759.20         0.00         0.00         0.00       270.04         0.00        68.45          0.00     2,638.09       293.88     2,931.97     1,098.69     1,833.28
6083          1.00         0.00         0.00         0.00         0.00         0.00         0.00         0.00         0.00         0.00         0.00        26.40         27.84     1,034.30       302.72     1,337.02        27.40     1,309.62
7616          1.00         0.00         0.00         0.00         0.00         0.00         0.00         0.00         0.00         0.00         0.00        18.65         36.12       904.76       234.21     1,138.97        19.65     1,119.32
6766          1.00         0.00         0.00         0.00         0.00         0.00         0.00         0.00         0.00         0.00         0.00        28.74         10.96     1,090.76       235.62     1,326.38        29.74     1,296.64
4137          1.00         0.00         0.00         0.00         0.00         0.00         0.00         0.00         0.00       318.65         0.00        96.81          0.00     2,886.12       442.57     3,328.69       416.46     2,912.23
7542          1.00         0.00         0.00         0.00         0.00         0.00         0.00         0.00         0.00         0.00         0.00        23.28         45.28       871.38       165.50     1,036.88        24.28     1,012.60
7625          1.00         0.00         0.00         0.00         0.00         0.00         0.00         0.00         0.00         0.00         0.00        13.32         29.89       582.35       154.76       737.11        14.32       722.79
3780          1.00         0.00         0.00         0.00         0.00         0.00         0.00         0.00         0.00        48.83         0.00        34.94          0.00     1,505.85       350.29     1,856.14        84.77     1,771.37
7571          1.00         0.00         0.00         0.00         0.00         0.00         0.00         0.00         0.00         0.00         0.00        20.63         38.26       871.38       158.48     1,029.86        21.63     1,008.23
6205          1.00         0.00         0.00         0.00         0.00         0.00         0.00         0.00         0.00         0.00         0.00        25.30         38.26       871.38       158.48     1,029.86        26.30     1,003.56
5027          1.00         0.00         0.00         0.00         0.00         0.00         0.00         0.00         0.00        17.40         0.00        29.51          0.00     1,216.92       163.63     1,380.55        47.91     1,332.64
7245          1.00         0.00         0.00         0.00         0.00         0.00       104.13         0.00         0.00         0.00         0.00        17.97         51.51       780.28       151.98       932.26       123.10       809.16
6839          1.00         0.00         0.00         0.00         0.00         0.00         0.00         0.00         0.00         0.00         0.00        22.77         26.09       927.01       201.93     1,128.94        23.77     1,105.17
5646          1.00         0.00         0.00         0.00         0.00         0.00         0.00         0.00         0.00         0.00         0.00        23.37         35.41       915.88       200.13     1,116.01        24.37     1,091.64
6978          1.00         0.00         0.00         0.00         0.00         0.00         0.00         0.00         0.00         0.00         0.00        22.77         38.27       871.38       158.49     1,029.87        23.77     1,006.10
6658          1.00         0.00         0.00         0.00         0.00       462.28         0.00         0.00         0.00         5.13         0.00        28.62          0.00     1,191.09       223.77     1,414.86       497.03       917.83
4458          1.00         0.00         0.00         0.00         0.00         0.00         0.00         0.00         0.00        66.12         0.00        41.61          0.00     1,588.61       236.57     1,825.18       108.73     1,716.45
7619          1.00         0.00         0.00         0.00         0.00         0.00         0.00         0.00         0.00         0.00         0.00        18.65         32.80       894.76       186.39     1,081.15        19.65     1,061.50

















































EJECUTIVOS EN SERVICIOS DE ALIMENTOS, S.A. DE C.V.                                                                      Pagina: 0003
R.F.C.:                                                                                                                    5/NOV/19
REPORTE DE SUELDOS SEMANALES DEDUCCIONES


 
Codigo Desc Vales   Desc Zapatos Otras Deducc Desc Fonacot Pension Alim Desc Infonav Faltas       Inca Enferme Inca Riesgo  ISPT         Ajus ISPT    IMSS          Sub P/Empleo Tot Per Grav Tot Per Exce Total Percep Total Deducc Neto Pagado
..........................................................................................................................................................................................................................................
7574          1.00         0.00         0.00         0.00         0.00         0.00         0.00         0.00         0.00         0.00         0.00        19.84         38.90       861.38       159.12     1,020.50        20.84       999.66
5679          1.00         0.00        10.00         0.00         0.00         0.00         0.00         0.00         0.00         0.00         0.00        30.13         22.64     1,178.33       250.26     1,428.59        41.13     1,387.46
7583          1.00         0.00         0.00         0.00         0.00         0.00         0.00         0.00         0.00         0.00         0.00        20.78         38.27       871.38       158.49     1,029.87        21.78     1,008.09
7601          1.00         0.00         0.00         0.00         0.00         0.00         0.00         0.00         0.00         0.00         0.00        19.71         38.91       861.38       159.13     1,020.51        20.71       999.80
7530          1.00         0.00         0.00         0.00         0.00         0.00         0.00         0.00         0.00         0.00         0.00        23.37         33.21       950.38       242.43     1,192.81        24.37     1,168.44
7239          1.00         0.00         0.00         0.00         0.00         0.00       124.60         0.00         0.00         0.00         0.00        17.76         62.66       765.70       158.83       924.53       143.36       781.17
6028          1.00         0.00         0.00         0.00         0.00       399.30         0.00         0.00         0.00         7.52         0.00        28.79          0.00     1,213.09       276.52     1,489.61       436.61     1,053.00
6565          1.00         0.00         0.00         0.00         0.00         0.00         0.00         0.00         0.00         0.00         0.00        23.95         45.57       893.63       188.04     1,081.67        24.95     1,056.72
3218          1.00         0.00         0.00         0.00         0.00         0.00         0.00         0.00         0.00         0.00         0.00        23.09         34.25       934.17       209.01     1,143.18        24.09     1,119.09
3676          1.00         0.00         0.00         0.00         0.00         0.00         0.00         0.00         0.00        40.03         0.00        32.47          0.00     1,424.93       321.38     1,746.31        73.50     1,672.81
0445          1.00         0.00         0.00         0.00         0.00         0.00         0.00         0.00         0.00         0.00         0.00        26.13         11.59     1,080.83       166.92     1,247.75        27.13     1,220.62
5901          1.00         0.00         0.00         0.00         0.00         0.00         0.00         0.00         0.00         0.00         0.00        23.11         37.47       883.63       179.94     1,063.57        24.11     1,039.46
7269          1.00         0.00         0.00         0.00         0.00         0.00         0.00         0.00         0.00         0.00         0.00        22.77         38.27       871.38       158.49     1,029.87        23.77     1,006.10
2522          1.00         0.00         0.00         0.00         0.00         0.00         0.00         0.00         0.00         0.00         0.00        24.43         35.42       915.88       200.14     1,116.02        25.43     1,090.59
7555          1.00         0.00         0.00         0.00         0.00         0.00         0.00         0.00         0.00         0.00         0.00        23.59         38.91       861.38       159.13     1,020.51        24.59       995.92
5506          1.00         0.00         0.00         0.00         0.00       224.80         0.00         0.00         0.00         3.59         0.00        25.42          0.00     1,241.07       315.62     1,556.69       254.81     1,301.88
0236          1.00         0.00         0.00         0.00         0.00       523.01         0.00         0.00         0.00       162.81         0.00        53.12          0.00     2,007.27       301.96     2,309.23       739.94     1,569.29
7080          1.00         0.00         0.00         0.00         0.00         0.00         0.00         0.00         0.00       104.20         0.00        33.97          0.00     1,478.12       377.84     1,855.96       139.17     1,716.79
5965          1.00         0.00         0.00         0.00         0.00         0.00         0.00         0.00         0.00         0.00         0.00        26.68         10.96     1,090.76       166.28     1,257.04        27.68     1,229.36
7457          0.00         0.00         0.00         0.00         0.00         0.00         0.00         0.00         0.00         0.00         0.00         0.00          0.00         0.00         0.00         0.00         0.00         0.00
5447          1.00         0.00         0.00         0.00         0.00         0.00         0.00         0.00         0.00         0.00         0.00        22.11         38.90       861.38       159.12     1,020.50        23.11       997.39
7628          1.00         0.00         0.00         0.00         0.00         0.00       104.13         0.00         0.00         0.00         0.00         6.03         22.69       239.71        42.78       282.49       111.16       171.33
6685          1.00         0.00         0.00         0.00         0.00         0.00         0.00         0.00         0.00         0.00         0.00        25.21         38.26       871.38       158.48     1,029.86        26.21     1,003.65
5549          1.00         0.00         0.00         0.00         0.00         0.00         0.00         0.00         0.00         0.00         0.00        23.90         36.84       893.63       223.81     1,117.44        24.90     1,092.54
7554          1.00         0.00         0.00         0.00         0.00         0.00         0.00         0.00         0.00         0.00         0.00        23.69         21.17     1,138.38       208.14     1,346.52        24.69     1,321.83
6349          1.00         0.00         0.00         0.00         0.00         0.00         0.00         0.00         0.00         0.00         0.00        20.12         38.26       871.38       158.48     1,029.86        21.12     1,008.74
7484          1.00         0.00         0.00         0.00         0.00         0.00         0.00         0.00         0.00         0.00         0.00        24.24         32.98       960.38       286.70     1,247.08        25.24     1,221.84
7592          1.00         0.00         0.00         0.00         0.00         0.00         0.00         0.00         0.00         0.00         0.00        25.27         44.76       861.38       164.98     1,026.36        26.27     1,000.09
0854          1.00         0.00         0.00         0.00         0.00       326.19         0.00         0.00         0.00        37.39         0.00        36.65          0.00     1,487.60       220.41     1,708.01       401.23     1,306.78
7295          1.00         0.00         0.00         0.00         0.00         0.00         0.00         0.00         0.00         0.00         0.00        24.84         49.16       871.38       169.38     1,040.76        25.84     1,014.92
6832          1.00         0.00        10.00         0.00         0.00         0.00         0.00         0.00         0.00         0.00         0.00        23.17         46.44       871.38       211.16     1,082.54        34.17     1,048.37
4807          1.00         0.00         0.00         0.00         0.00         0.00         0.00         0.00         0.00       458.43         0.00       102.64          0.00     3,540.55       547.28     4,087.83       562.07     3,525.76
7610          1.00         0.00         0.00         0.00         0.00         0.00       104.13         0.00         0.00         0.00         0.00        16.69         34.36       958.28       179.33     1,137.61       121.82     1,015.79
6821          1.00         0.00         0.00         0.00         0.00         0.00         0.00         0.00         0.00         0.00         0.00        25.35          9.08     1,124.48       208.12     1,332.60        26.35     1,306.25
3169          1.00         0.00         0.00         0.00         0.00         0.00         0.00         0.00         0.00         0.00         0.00        20.17         44.52       893.63       186.99     1,080.62        21.17     1,059.45
6944          1.00         0.00         0.00         0.00         0.00         0.00         0.00         0.00         0.00        19.58         0.00        26.31          0.00     1,323.94       446.78     1,770.72        46.89     1,723.83
5902          0.00         0.00         0.00         0.00         0.00         0.00         0.00         0.00         0.00         0.00         0.00         0.00          0.00         0.00         0.00         0.00         0.00         0.00
4514          1.00         0.00         0.00         0.00         0.00       312.94         0.00         0.00         0.00         3.74         0.00        29.57          0.00     1,178.33       169.33     1,347.66       347.25     1,000.41
6014          1.00         0.00         0.00         0.00         0.00         0.00         0.00         0.00         0.00         0.00         0.00        25.62          4.83     1,163.63       233.01     1,396.64        26.62     1,370.02
7551          1.00         0.00         0.00         0.00         0.00         0.00         0.00         0.00         0.00         0.00         0.00        21.92         38.26       871.38       158.48     1,029.86        22.92     1,006.94
6985          1.00         0.00         0.00         0.00         0.00         0.00         0.00         0.00         0.00       279.34         0.00        59.75          0.00     2,689.96       768.38     3,458.34       340.09     3,118.25
6831          1.00         0.00         0.00         0.00         0.00         0.00         0.00         0.00         0.00         0.00         0.00        24.17         35.34       917.01       211.18     1,128.19        25.17     1,103.02
3827          1.00         0.00         0.00         0.00         0.00         0.00         0.00         0.00         0.00         0.00         0.00        26.42         40.08       967.55       203.71     1,171.26        27.42     1,143.84

















































EJECUTIVOS EN SERVICIOS DE ALIMENTOS, S.A. DE C.V.                                                                      Pagina: 0004
R.F.C.:                                                                                                                    5/NOV/19
REPORTE DE SUELDOS SEMANALES DEDUCCIONES


 
Codigo Desc Vales   Desc Zapatos Otras Deducc Desc Fonacot Pension Alim Desc Infonav Faltas       Inca Enferme Inca Riesgo  ISPT         Ajus ISPT    IMSS          Sub P/Empleo Tot Per Grav Tot Per Exce Total Percep Total Deducc Neto Pagado
..........................................................................................................................................................................................................................................
5412          1.00         0.00         0.00         0.00         0.00         0.00         0.00         0.00         0.00         0.00         0.00        18.72         60.13       861.38       180.35     1,041.73        19.72     1,022.01
4504          1.00         0.00         0.00         0.00         0.00         0.00         0.00         0.00         0.00       193.63         0.00        58.40          0.00     2,199.89       318.38     2,518.27       253.03     2,265.24
7395          1.00         0.00         0.00         0.00         0.00         0.00         0.00         0.00         0.00         0.00         0.00        24.56          6.66     1,060.50       260.38     1,320.88        25.56     1,295.32
0214          1.00         0.00         0.00         0.00         0.00         0.00         0.00         0.00         0.00       480.26         0.00       105.44          0.00     3,642.75       563.64     4,206.39       586.70     3,619.69
7376          1.00         0.00         0.00         0.00         0.00         0.00         0.00         0.00         0.00         0.00         0.00        26.66         50.53       871.38       170.75     1,042.13        27.66     1,014.47
7212          1.00         0.00         0.00         0.00         0.00       357.68         0.00         0.00         0.00         0.00         0.00        25.94         38.26       871.38       158.48     1,029.86       384.62       645.24
6321          1.00         0.00         0.00         0.00         0.00         0.00         0.00         0.00         0.00         0.00         0.00        24.40         32.82       956.42       185.33     1,141.75        25.40     1,116.35
5232          1.00         0.00         0.00         0.00         0.00         0.00         0.00         0.00         0.00         0.00         0.00        27.60         15.59     1,064.69       176.75     1,241.44        28.60     1,212.84
4958          1.00         0.00         0.00         0.00         0.00         0.00         0.00         0.00         0.00         0.00         0.00        24.86         45.28       871.38       165.50     1,036.88        25.86     1,011.02
7620          1.00         0.00         0.00         0.00         0.00         0.00         0.00         0.00         0.00         0.00         0.00        18.65         38.26       871.38       158.48     1,029.86        19.65     1,010.21
3979          1.00         0.00         0.00         0.00         0.00         0.00         0.00         0.00         0.00       394.32         0.00        93.22          0.00     3,240.39       499.26     3,739.65       488.54     3,251.11
0442          1.00         0.00         0.00         0.00         0.00         0.00         0.00         0.00         0.00        18.86         0.00        34.50          0.00     1,382.44       248.43     1,630.87        54.36     1,576.51
7330          0.00         0.00         0.00         0.00         0.00         0.00         0.00         0.00         0.00         0.00         0.00         0.00          0.00         0.00         0.00         0.00         0.00         0.00
7243          1.00         0.00         0.00         0.00         0.00         0.00         0.00         0.00         0.00         0.00         0.00        24.41         38.91       861.38       159.13     1,020.51        25.41       995.10
7397          1.00         0.00         0.00         0.00         0.00         0.00         0.00         0.00         0.00         0.00         0.00        22.99         24.84       927.01       200.68     1,127.69        23.99     1,103.70
7421          1.00         0.00         0.00         0.00         0.00         0.00         0.00         0.00         0.00         0.00         0.00        25.16         38.26       871.38       158.48     1,029.86        26.16     1,003.70
7595          1.00         0.00         0.00         0.00         0.00         0.00         0.00         0.00         0.00         0.00         0.00        20.06         38.26       871.38       158.48     1,029.86        21.06     1,008.80
7298          1.00         0.00         0.00         0.00         0.00         0.00         0.00         0.00         0.00        30.80         0.00        34.03          0.00     1,427.05       210.72     1,637.77        65.83     1,571.94
5396          1.00         0.00         0.00         0.00         0.00         0.00         0.00         0.00         0.00         0.00         0.00        22.72         38.44       982.63       314.41     1,297.04        23.72     1,273.32
5704          1.00         0.00         0.00         0.00         0.00         0.00         0.00         0.00         0.00        17.59         0.00        34.39          0.00     1,305.66       252.41     1,558.07        52.98     1,505.09
7503          0.00         0.00         0.00         0.00         0.00         0.00         0.00         0.00         0.00         0.00         0.00         0.00          0.00         0.00         0.00         0.00         0.00         0.00
7190          1.00         0.00         0.00         0.00         0.00         0.00         0.00         0.00         0.00         0.00         0.00        20.72         42.43       915.88       207.15     1,123.03        21.72     1,101.31
7588          1.00         0.00         0.00         0.00         0.00         0.00         0.00         0.00         0.00         0.00         0.00        20.96         38.26       871.38       158.48     1,029.86        21.96     1,007.90
5588          1.00         0.00         0.00         0.00         0.00         0.00         0.00         0.00         0.00         0.00         0.00        23.37         38.26       871.38       158.48     1,029.86        24.37     1,005.49
6356          0.00         0.00         0.00         0.00         0.00         0.00         0.00         0.00         0.00         0.00         0.00         7.99         29.62       204.31        29.62       233.93         7.99       225.94
6203          1.00         0.00         0.00         0.00         0.00         0.00         0.00         0.00         0.00         0.00         0.00        23.32         23.43       949.26       266.02     1,215.28        24.32     1,190.96
6582          1.00         0.00         0.00         0.00         0.00         0.00         0.00         0.00         0.00         0.00         0.00        20.06         38.90       861.38       159.12     1,020.50        21.06       999.44
7226          1.00         0.00         0.00         0.00         0.00         0.00         0.00         0.00         0.00         0.00         0.00        26.27         38.26       871.38       158.48     1,029.86        27.27     1,002.59
7613          1.00         0.00         0.00         0.00         0.00         0.00         0.00         0.00         0.00         0.00         0.00        18.65         36.27       861.38       156.49     1,017.87        19.65       998.22
3326          1.00         0.00         0.00         0.00         0.00         0.00         0.00         0.00         0.00        40.31         0.00        35.32          0.00     1,427.46       209.19     1,636.65        76.63     1,560.02
3960          1.00         0.00         0.00         0.00         0.00       283.45         0.00         0.00         0.00        33.30         0.00        30.83          0.00     1,450.07       302.72     1,752.79       348.58     1,404.21
2233          0.00         0.00         0.00         0.00         0.00         0.00         0.00         0.00         0.00         0.00         0.00         0.00          0.00         0.00         0.00         0.00         0.00         0.00
7584          1.00         0.00         0.00         0.00         0.00         0.00       124.60         0.00         0.00         0.00         0.00        17.74         53.76       765.70       149.93       915.63       143.34       772.29
0449          1.00         0.00       300.00         0.00         0.00       389.82         0.00         0.00         0.00        20.83         0.00        37.29          0.00     1,248.39       134.14     1,382.53       748.94       633.59
6934          1.00         0.00         0.00         0.00         0.00         0.00         0.00         0.00         0.00       342.85         0.00        84.39          0.00     2,999.45       460.71     3,460.16       428.24     3,031.92
7137          1.00         0.00         0.00         0.00         0.00         0.00         0.00         0.00         0.00        26.53         0.00        34.75          0.00     1,387.77       253.40     1,641.17        62.28     1,578.89
6682          1.00         0.00         0.00         0.00         0.00         0.00       124.60         0.00         0.00         0.00         0.00        17.70         50.20       765.70       146.37       912.07       143.30       768.77
1269          1.00         0.00         0.00         0.00         0.00         0.00         0.00         0.00         0.00         0.00         0.00        20.36         38.26       871.38       202.98     1,074.36        21.36     1,053.00
6006          1.00         0.00         0.00         0.00         0.00         0.00         0.00         0.00         0.00         0.00         0.00        24.83         38.26       871.38       158.48     1,029.86        25.83     1,004.03
6918          1.00         0.00         0.00         0.00         0.00         0.00         0.00         0.00         0.00         0.00         0.00         7.99         24.04       291.17        64.22       355.39         8.99       346.40
1419          1.00         0.00         0.00         0.00         0.00       268.68         0.00         0.00         0.00        39.00         0.00        31.82          0.00     1,415.41       299.45     1,714.86       340.50     1,374.36
7605          1.00         0.00         0.00         0.00         0.00         0.00       104.13         0.00         0.00         0.00         0.00        17.80         19.12     1,125.16       197.46     1,322.62       122.93     1,199.69
7545          1.00         0.00         0.00         0.00         0.00         0.00         0.00         0.00         0.00       121.26         0.00        35.84          0.00     1,634.91       330.80     1,965.71       158.10     1,807.61

















































EJECUTIVOS EN SERVICIOS DE ALIMENTOS, S.A. DE C.V.                                                                      Pagina: 0005
R.F.C.:                                                                                                                    5/NOV/19
REPORTE DE SUELDOS SEMANALES DEDUCCIONES


 
Codigo Desc Vales   Desc Zapatos Otras Deducc Desc Fonacot Pension Alim Desc Infonav Faltas       Inca Enferme Inca Riesgo  ISPT         Ajus ISPT    IMSS          Sub P/Empleo Tot Per Grav Tot Per Exce Total Percep Total Deducc Neto Pagado
..........................................................................................................................................................................................................................................
5905          1.00         0.00         0.00         0.00         0.00         0.00         0.00         0.00         0.00       182.67         0.00        37.30          0.00     2,199.35       330.80     2,530.15       220.97     2,309.18
7462          1.00         0.00         0.00         0.00         0.00         0.00         0.00         0.00         0.00         0.00         0.00        24.99         33.28       949.26       231.37     1,180.63        25.99     1,154.64
3525          1.00         0.00         0.00         0.00         0.00         0.00         0.00         0.00         0.00         0.00         0.00        29.59         12.74     1,090.76       168.06     1,258.82        30.59     1,228.23
7626          1.00         0.00         0.00         0.00         0.00         0.00         0.00         0.00         0.00         0.00         0.00         7.99         24.04       291.17        64.22       355.39         8.99       346.40
2451          1.00         0.00         0.00         0.00         0.00         0.00         0.00         0.00         0.00         0.00         0.00        23.76         38.26       871.38       202.98     1,074.36        24.76     1,049.60
6885          1.00         0.00         0.00         0.00         0.00         0.00         0.00         0.00         0.00         0.00         0.00        24.93         10.96     1,205.13       197.93     1,403.06        25.93     1,377.13
4775          1.00         0.00         0.00         0.00         0.00         0.00         0.00         0.00         0.00         0.00         0.00        26.18         34.70       927.01       210.54     1,137.55        27.18     1,110.37
7528          1.00         0.00         0.00         0.00         0.00         0.00         0.00         0.00         0.00         0.00         0.00        25.94         38.27       871.38       202.99     1,074.37        26.94     1,047.43
5671          1.00         0.00         0.00         0.00         0.00         0.00         0.00         0.00         0.00       149.37         0.00        47.35          0.00     1,893.24       283.71     2,176.95       197.72     1,979.23
4832          1.00         0.00         0.00         0.00         0.00         0.00         0.00         0.00         0.00         0.00         0.00        24.83         45.28       871.38       165.50     1,036.88        25.83     1,011.05
6567          1.00         0.00         0.00         0.00         0.00         0.00         0.00         0.00         0.00         0.00         0.00        26.88         38.26       871.38       202.98     1,074.36        27.88     1,046.48
3321          1.00         0.00         0.00         0.00         0.00         0.00         0.00         0.00         0.00       186.50         0.00        50.70          0.00     2,155.33       338.15     2,493.48       238.20     2,255.28
2112          1.00         0.00         0.00         0.00         0.00         0.00         0.00         0.00         0.00         0.00         0.00        22.87         38.26       871.38       158.48     1,029.86        23.87     1,005.99
0624          1.00         0.00         0.00         0.00         0.00         0.00         0.00         0.00         0.00       149.03         0.00        62.81          0.00     1,921.18       289.78     2,210.96       212.84     1,998.12
6877          1.00         0.00       250.00       141.34         0.00         0.00         0.00         0.00         0.00         0.00         0.00        30.29          9.99     1,105.86       130.21     1,236.07       422.63       813.44
4385          1.00         0.00         0.00         0.00         0.00         0.00         0.00         0.00         0.00         0.00         0.00        37.24          3.23     1,178.33       172.56     1,350.89        38.24     1,312.65
7378          1.00         0.00         0.00         0.00         0.00         0.00         0.00         0.00         0.00         0.00         0.00        22.59         38.90       861.38       159.12     1,020.50        23.59       996.91
0366          1.00         0.00         0.00         0.00         0.00         0.00         0.00         0.00         0.00       319.34         0.00        81.08          0.00     2,889.42       444.70     3,334.12       401.42     2,932.70
6206          1.00         0.00         0.00         0.00         0.00         0.00         0.00         0.00         0.00         0.00         0.00        26.80         10.96     1,090.76       166.28     1,257.04        27.80     1,229.24
7618          1.00         0.00         0.00         0.00         0.00         0.00         0.00         0.00         0.00         0.00         0.00        18.65         36.87       861.38       157.09     1,018.47        19.65       998.82
 
*** GLO     183.00         0.00     1,302.50       457.42         0.00     7,747.52     1,974.91         0.00         0.00     6,184.40         0.00     5,377.45      4,698.58   213,761.65                254,734.74    23,227.20   231,507.54
  





































































