EJECUTIVOS EN SERVICIOS DE ALIMENTOS, S.A. DE C.V.                                                                      Pagina: 0001
R.F.C.:                                                                                                                    5/NOV/19
REPORTE DE SUELDOS SEMANALES DEDUCCIONES


 
Codigo Desc Vales   Desc Zapatos Otras Deducc Desc Fonacot Pension Alim Desc Infonav Faltas       Inca Enferme Inca Riesgo  ISPT         Ajus ISPT    IMSS          Sub P/Empleo Tot Per Grav Tot Per Exce Total Percep Total Deducc Neto Pagado
..........................................................................................................................................................................................................................................
5761          1.00         0.00        42.50         0.00         0.00         0.00         0.00       312.39         0.00         0.00         0.00        12.83         42.15       717.37       102.43       819.80       368.72       451.08
7505          1.00         0.00         0.00         0.00         0.00         0.00         0.00         0.00         0.00         0.00         0.00        21.05         38.26       871.38       158.48     1,029.86        22.05     1,007.81
6600          0.00         0.00         0.00         0.00         0.00         0.00         0.00         0.00         0.00         0.00         0.00         0.00          0.00         0.00         0.00         0.00         0.00         0.00
7685          1.00         0.00         0.00         0.00         0.00         0.00         0.00         0.00         0.00         0.00         0.00        22.83         38.26       871.38       158.48     1,029.86        23.83     1,006.03
7331          1.00         0.00         0.00         0.00         0.00         0.00         0.00         0.00         0.00         0.00         0.00        18.65         38.26       871.38       202.98     1,074.36        19.65     1,054.71
5933          1.00         0.00         0.00         0.00         0.00         0.00         0.00         0.00         0.00       153.03         0.00        27.39          0.00     1,927.01       175.84     2,102.85       181.42     1,921.43
7170          1.00         0.00         0.00         0.00         0.00         0.00         0.00         0.00         0.00         0.00         0.00        21.51         38.26       871.38       158.48     1,029.86        22.51     1,007.35
7774          1.00         0.00         0.00         0.00         0.00         0.00         0.00         0.00         0.00         0.00         0.00        18.65         38.90       861.38       159.12     1,020.50        19.65     1,000.85
5618          1.00        48.00         0.00         0.00         0.00         0.00         0.00         0.00         0.00         0.00         0.00        26.65         38.19       872.51       169.53     1,042.04        75.65       966.39
5201          1.00         0.00         0.00         0.00         0.00       312.81         0.00         0.00         0.00        60.77         0.00        33.88          0.00     1,615.60       350.29     1,965.89       408.46     1,557.43
3890          1.00         0.00         0.00         0.00         0.00         0.00         0.00         0.00         0.00       178.36         0.00        54.71          0.00     2,104.51       319.12     2,423.63       234.07     2,189.56
6654          0.00         0.00         0.00         0.00         0.00         0.00         0.00         0.00         0.00         0.00         0.00         0.00          0.00         0.00         0.00         0.00         0.00         0.00
3652          1.00         0.00         0.00         0.00         0.00       380.99         0.00         0.00         0.00       162.17         0.00        50.92          0.00     2,003.28       434.83     2,438.11       595.08     1,843.03
1123          1.00         0.00         0.00         0.00         0.00         0.00         0.00         0.00         0.00        31.44         0.00        33.06          0.00     1,432.98       328.59     1,761.57        65.50     1,696.07
4044          1.00         0.00         0.00         0.00         0.00         0.00         0.00         0.00         0.00        29.53         0.00        29.43          0.00     1,415.41       362.16     1,777.57        59.96     1,717.61
7593          1.00         0.00         0.00         0.00         0.00         0.00         0.00         0.00         0.00         0.00         0.00        20.31         38.26       871.38       158.48     1,029.86        21.31     1,008.55
7765          1.00         0.00         0.00         0.00         0.00         0.00       124.60         0.00         0.00         0.00         0.00        16.69         48.97       787.95       167.39       955.34       142.29       813.05
7259          1.00         0.00         0.00         0.00         0.00         0.00         0.00         0.00         0.00         0.00         0.00        23.05         38.90       861.38       159.12     1,020.50        24.05       996.45
7312          1.00         0.00         0.00         0.00         0.00         0.00         0.00         0.00         0.00         0.00         0.00        20.20         36.05       905.88       200.77     1,106.65        21.20     1,085.45
7338          1.00         0.00         0.00         0.00         0.00         0.00         0.00         0.00         0.00         0.00         0.00        20.10         36.83       893.63       179.30     1,072.93        21.10     1,051.83
5677          1.00         0.00         0.00         0.00         0.00         0.00         0.00         0.00         0.00        23.55         0.00        29.26          0.00     1,360.42       395.93     1,756.35        53.81     1,702.54
7737          1.00         0.00         0.00         0.00         0.00         0.00         0.00         0.00         0.00         0.00         0.00        21.40         38.90       861.38       159.12     1,020.50        22.40       998.10
4008          1.00         0.00         0.00         0.00         0.00         0.00         0.00         0.00         0.00       218.86         0.00        55.71          0.00     2,352.49       359.49     2,711.98       275.57     2,436.41
6210          1.00         0.00         0.00         0.00         0.00         0.00         0.00         0.00         0.00         0.00         0.00        33.41         32.14       967.01       207.98     1,174.99        34.41     1,140.58
0849          1.00         0.00         0.00         0.00         0.00         0.00         0.00         0.00         0.00         0.00         0.00        30.95         19.62     1,061.11       158.19     1,219.30        31.95     1,187.35
7536          1.00         0.00         0.00         0.00         0.00         0.00         0.00         0.00         0.00         0.00         0.00        22.69         32.14       967.07       258.04     1,225.11        23.69     1,201.42
5237          1.00         0.00         0.00         0.00         0.00         0.00         0.00         0.00         0.00         0.00         0.00        18.65         38.26       871.38       158.48     1,029.86        19.65     1,010.21
7430          1.00         0.00         0.00         0.00         0.00         0.00         0.00         0.00         0.00       223.92         0.00        46.83          0.00     2,380.74       694.18     3,074.92       271.75     2,803.17
5181          1.00         0.00         0.00         0.00         0.00         0.00         0.00         0.00         0.00         0.00         0.00        20.29         38.26       871.38       158.48     1,029.86        21.29     1,008.57
7655          1.00         0.00         0.00         0.00         0.00         0.00         0.00         0.00         0.00         0.00         0.00        22.48         38.90       861.38       159.12     1,020.50        23.48       997.02
7057          1.00         0.00         0.00         0.00         0.00         0.00         0.00         0.00         0.00         0.00         0.00        27.78         38.90       861.38       159.12     1,020.50        28.78       991.72
5558          1.00         0.00         0.00         0.00         0.00         0.00         0.00         0.00         0.00         0.00         0.00        23.29         36.83       893.63       179.30     1,072.93        24.29     1,048.64
4746          1.00         0.00         0.00         0.00         0.00       337.44         0.00         0.00         0.00        42.16         0.00        32.64          0.00     1,444.51       242.99     1,687.50       413.24     1,274.26
7663          1.00         0.00         0.00         0.00         0.00         0.00         0.00         0.00         0.00         0.00         0.00        20.91         34.63       928.13       221.60     1,149.73        21.91     1,127.82
7407          1.00         0.00         0.00         0.00         0.00         0.00         0.00         0.00         0.00         2.11         0.00        26.38          0.00     1,227.38       209.22     1,436.60        29.49     1,407.11
6061          1.00         0.00         0.00         0.00         0.00       676.54         0.00         0.00         0.00       129.32         0.00        40.72          0.00     1,709.02       307.30     2,016.32       847.58     1,168.74
7773          1.00         0.00         0.00         0.00         0.00         0.00         0.00         0.00         0.00         0.00         0.00        18.65         38.90       861.38       159.12     1,020.50        19.65     1,000.85
7704          1.00         0.00         0.00         0.00         0.00         0.00         0.00         0.00         0.00         0.00         0.00        20.81         34.63       928.14       266.09     1,194.23        21.81     1,172.42
1424          1.00         0.00         0.00         0.00         0.00       457.22         0.00         0.00         0.00       275.75         0.00        76.61          0.00     2,669.97       409.59     3,079.56       810.58     2,268.98
5280          1.00         0.00         0.00       362.10         0.00       435.11         0.00         0.00         0.00       152.32         0.00        48.39          0.00     1,920.48       289.67     2,210.15       998.92     1,211.23
7742          1.00         0.00         0.00         0.00         0.00         0.00       124.60         0.00         0.00         0.00         0.00        17.68         50.19       765.70       146.36       912.06       143.28       768.78
7740          1.00         0.00         0.00         0.00         0.00         0.00         0.00         0.00         0.00         0.00         0.00        20.61         35.41       915.88       200.13     1,116.01        21.61     1,094.40
7778          1.00         0.00         0.00         0.00         0.00         0.00         0.00         0.00         0.00         0.00         0.00        13.32         37.80       520.82       109.93       630.75        14.32       616.43

















































EJECUTIVOS EN SERVICIOS DE ALIMENTOS, S.A. DE C.V.                                                                      Pagina: 0002
R.F.C.:                                                                                                                    5/NOV/19
REPORTE DE SUELDOS SEMANALES DEDUCCIONES


 
Codigo Desc Vales   Desc Zapatos Otras Deducc Desc Fonacot Pension Alim Desc Infonav Faltas       Inca Enferme Inca Riesgo  ISPT         Ajus ISPT    IMSS          Sub P/Empleo Tot Per Grav Tot Per Exce Total Percep Total Deducc Neto Pagado
..........................................................................................................................................................................................................................................
6461          1.00         0.00         0.00         0.00         0.00         0.00         0.00         0.00         0.00        11.74         0.00        34.53          0.00     1,251.94       339.68     1,591.62        47.27     1,544.35
6765          1.00         0.00         0.00         0.00         0.00         0.00         0.00         0.00         0.00       134.02         0.00        67.46          0.00     1,752.23       328.59     2,080.82       202.48     1,878.34
7694          1.00        48.00         0.00         0.00         0.00         0.00         0.00         0.00         0.00         0.00         0.00        21.28         38.26       871.38       202.98     1,074.36        70.28     1,004.08
7752          1.00         0.00         0.00         0.00         0.00         0.00         0.00         0.00         0.00         0.00         0.00        18.65         38.26       871.38       202.98     1,074.36        19.65     1,054.71
6657          1.00         0.00         0.00         0.00         0.00         0.00       124.60         0.00         0.00         0.00         0.00        19.12         50.19       765.70       146.36       912.06       144.72       767.34
5000          1.00         0.00         0.00         0.00         0.00         0.00         0.00         0.00         0.00         0.00         0.00        29.38          5.35     1,158.76       196.02     1,354.78        30.38     1,324.40
7649          1.00         0.00         0.00         0.00         0.00         0.00       124.60         0.00         0.00         0.00         0.00        18.06         50.19       765.70       146.36       912.06       143.66       768.40
5644          1.00         0.00       175.00         0.00         0.00       331.25         0.00         0.00         0.00        76.72         0.00        31.64          0.00     1,686.11       325.96     2,012.07       615.61     1,396.46
7519          1.00         0.00         0.00         0.00         0.00         0.00         0.00         0.00         0.00         0.00         0.00        30.80          0.30     1,205.13       220.64     1,425.77        31.80     1,393.97
6638          1.00         0.00         0.00         0.00         0.00         0.00         0.00         0.00         0.00         0.00         0.00        20.25         34.70       927.01       210.54     1,137.55        21.25     1,116.30
7734          1.00         0.00         0.00         0.00         0.00         0.00         0.00         0.00         0.00         0.00         0.00        21.31         36.83       893.63       179.30     1,072.93        22.31     1,050.62
7777          0.00         0.00         0.00         0.00         0.00         0.00       249.20         0.00         0.00         0.00         0.00         9.40         35.64       433.51        35.64       469.15       258.60       210.55
6690          1.00         0.00         0.00         0.00         0.00         0.00         0.00         0.00         0.00         0.41         0.00        22.87          0.00     1,211.82       303.77     1,515.59        24.28     1,491.31
7168          1.00         0.00         0.00         0.00         0.00         0.00         0.00         0.00         0.00         0.00         0.00        21.70         38.26       871.38       202.98     1,074.36        22.70     1,051.66
7762          1.00         0.00         0.00         0.00         0.00         0.00         0.00         0.00         0.00         0.00         0.00        18.65         38.26       871.38       158.48     1,029.86        19.65     1,010.21
6927          1.00         0.00         0.00         0.00         0.00         0.00         0.00         0.00         0.00         0.00         0.00        18.65         30.43       993.76       317.52     1,311.28        19.65     1,291.63
7764          1.00         0.00         0.00         0.00         0.00         0.00         0.00         0.00         0.00         0.00         0.00        18.65         38.90       861.38       159.12     1,020.50        19.65     1,000.85
6542          1.00         0.00         0.00         0.00         0.00         0.00         0.00         0.00         0.00         0.00         0.00        24.10         18.36     1,080.76       173.68     1,254.44        25.10     1,229.34
4314          1.00         0.00         0.00         0.00         0.00         0.00         0.00         0.00         0.00       141.25         0.00        49.10          0.00     1,818.68       355.27     2,173.95       191.35     1,982.60
3160          1.00         0.00         0.00         0.00         0.00         0.00         0.00         0.00         0.00         0.00         0.00        18.65         38.90       861.38       159.12     1,020.50        19.65     1,000.85
7485          1.00         0.00         0.00         0.00         0.00         0.00         0.00         0.00         0.00         0.00         0.00        25.72         21.79     1,027.13       231.01     1,258.14        26.72     1,231.42
7632          1.00       122.50         0.00         0.00         0.00         0.00         0.00         0.00         0.00         0.00         0.00        20.70         35.77       910.32       194.92     1,105.24       144.20       961.04
6504          1.00         0.00         0.00         0.00         0.00         0.00         0.00         0.00         0.00         0.00         0.00        26.86         38.26       871.38       158.48     1,029.86        27.86     1,002.00
7617          0.00         0.00         0.00         0.00         0.00         0.00         0.00         0.00         0.00         0.00         0.00         0.00          0.00         0.00         0.00         0.00         0.00         0.00
7604          1.00         0.00         0.00         0.00         0.00         0.00         0.00         0.00         0.00         0.00         0.00        20.07         35.41       915.88       200.13     1,116.01        21.07     1,094.94
7061          1.00         0.00         0.00         0.00         0.00         0.00         0.00         0.00         0.00         0.00         0.00        31.39          8.71     1,125.86       128.93     1,254.79        32.39     1,222.40
7627          1.00         0.00         0.00         0.00         0.00         0.00       416.52         0.00         0.00         0.00         0.00        12.08         35.33       685.91        75.51       761.42       429.60       331.82
7748          0.00         0.00         0.00         0.00         0.00         0.00         0.00         0.00         0.00         0.00         0.00         0.00          0.00         0.00         0.00         0.00         0.00         0.00
7633          1.00         0.00         0.00         0.00         0.00         0.00       124.60         0.00         0.00         0.00         0.00        17.82         41.65       921.45       160.07     1,081.52       143.42       938.10
7744          1.00         0.00         0.00         0.00         0.00         0.00         0.00         0.00         0.00       131.21         0.00        44.20          0.00     1,726.43       257.02     1,983.45       176.41     1,807.04
7428          1.00         0.00         0.00         0.00         0.00         0.00         0.00         0.00         0.00         0.00         0.00        27.05         37.55       882.51       168.89     1,051.40        28.05     1,023.35
2897          1.00         0.00         0.00         0.00         0.00         0.00         0.00         0.00         0.00         0.00         0.00        19.86         38.90       861.38       159.12     1,020.50        20.86       999.64
7558          1.00         0.00         0.00         0.00         0.00         0.00         0.00         0.00         0.00         0.00         0.00        21.76         32.14       967.07       258.04     1,225.11        22.76     1,202.35
7614          1.00         0.00         0.00         0.00         0.00         0.00         0.00         0.00         0.00        22.32         0.00        31.82          0.00     1,349.19       242.76     1,591.95        55.14     1,536.81
3318          1.00         0.00         0.00         0.00         0.00       500.52         0.00         0.00         0.00       191.06         0.00        59.25          0.00     2,183.88       313.42     2,497.30       751.83     1,745.47
7706          1.00         0.00         0.00         0.00         0.00         0.00         0.00         0.00         0.00         0.00         0.00        22.03         35.41       915.88       244.63     1,160.51        23.03     1,137.48
5139          1.00         0.00       102.00         0.00         0.00       759.20         0.00         0.00         0.00       270.04         0.00        70.68          0.00     2,638.09       490.68     3,128.77     1,202.92     1,925.85
6083          1.00         0.00         0.00         0.00         0.00         0.00         0.00         0.00         0.00         0.00         0.00        25.50         34.24       934.17       338.96     1,273.13        26.50     1,246.63
6766          1.00         0.00         0.00         0.00         0.00         0.00         0.00         0.00         0.00       132.87         0.00        28.01          0.00     1,741.70       292.69     2,034.39       161.88     1,872.51
4137          1.00         0.00         0.00         0.00         0.00         0.00         0.00         0.00         0.00       371.80         0.00        93.28          0.00     3,135.04       482.40     3,617.44       466.08     3,151.36
7542          1.00         0.00         0.00         0.00         0.00         0.00         0.00         0.00         0.00         0.00         0.00        21.05         38.26       871.38       158.48     1,029.86        22.05     1,007.81
7756          1.00         0.00         0.00         0.00         0.00         0.00         0.00         0.00         0.00         0.00         0.00        18.65         33.20       950.38       286.92     1,237.30        19.65     1,217.65
7759          1.00         0.00         0.00         0.00         0.00         0.00         0.00         0.00         0.00         0.00         0.00        18.65         38.90       861.38       159.12     1,020.50        19.65     1,000.85

















































EJECUTIVOS EN SERVICIOS DE ALIMENTOS, S.A. DE C.V.                                                                      Pagina: 0003
R.F.C.:                                                                                                                    5/NOV/19
REPORTE DE SUELDOS SEMANALES DEDUCCIONES


 
Codigo Desc Vales   Desc Zapatos Otras Deducc Desc Fonacot Pension Alim Desc Infonav Faltas       Inca Enferme Inca Riesgo  ISPT         Ajus ISPT    IMSS          Sub P/Empleo Tot Per Grav Tot Per Exce Total Percep Total Deducc Neto Pagado
..........................................................................................................................................................................................................................................
3780          1.00         0.00         0.00         0.00         0.00         0.00         0.00         0.00         0.00        52.24         0.00        35.99          0.00     1,537.21       318.94     1,856.15        89.23     1,766.92
7678          1.00         0.00         0.00         0.00         0.00         0.00         0.00         0.00         0.00        17.54         0.00        24.43          0.00     1,305.26       220.34     1,525.60        42.97     1,482.63
6205          1.00         0.00         0.00         0.00         0.00         0.00         0.00         0.00         0.00         0.00         0.00        24.96          9.33     1,116.13       352.05     1,468.18        25.96     1,442.22
5027          1.00         0.00         0.00         0.00         0.00         0.00         0.00         0.00         0.00         0.00         0.00        33.68          6.28     1,150.17       136.54     1,286.71        34.68     1,252.03
6839          1.00         0.00         0.00         0.00         0.00         0.00         0.00         0.00         0.00         0.00         0.00        26.82         34.70       927.01       210.54     1,137.55        27.82     1,109.73
5646          1.00         0.00         0.00         0.00         0.00         0.00         0.00         0.00         0.00         0.00         0.00        27.71         34.70       927.01       210.54     1,137.55        28.71     1,108.84
7750          1.00         0.00         0.00         0.00         0.00         0.00         0.00         0.00         0.00         0.00         0.00        18.65         36.12       904.76       234.21     1,138.97        19.65     1,119.32
7708          1.00         0.00         0.00         0.00         0.00         0.00         0.00         0.00         0.00         0.00         0.00        20.06         38.26       871.38       158.48     1,029.86        21.06     1,008.80
6978          1.00         0.00         0.00         0.00         0.00         0.00         0.00         0.00         0.00         0.00         0.00        22.88         38.26       871.38       158.48     1,029.86        23.88     1,005.98
7647          1.00        48.00         0.00         0.00         0.00         0.00         0.00         0.00         0.00         0.00         0.00        26.94         38.26       871.38       158.48     1,029.86        75.94       953.92
5679          1.00         0.00         0.00         0.00         0.00         0.00         0.00         0.00         0.00       162.86         0.00        31.04          0.00     2,007.65       365.55     2,373.20       194.90     2,178.30
7530          1.00         0.00         0.00         0.00         0.00         0.00         0.00         0.00         0.00         0.00         0.00        28.41         38.19       872.51       169.53     1,042.04        29.41     1,012.63
6028          1.00         0.00         0.00         0.00         0.00       399.30         0.00         0.00         0.00        61.47         0.00        32.70          0.00     1,622.05       289.86     1,911.91       494.47     1,417.44
6565          1.00         0.00         0.00         0.00         0.00         0.00         0.00         0.00         0.00         0.00         0.00        21.97         38.26       871.38       158.48     1,029.86        22.97     1,006.89
7731          1.00         0.00         0.00         0.00         0.00         0.00         0.00         0.00         0.00         0.00         0.00        19.84         35.34       917.01       211.18     1,128.19        20.84     1,107.35
7753          1.00         0.00         0.00         0.00         0.00         0.00         0.00         0.00         0.00         0.00         0.00        18.65         38.19       872.51       169.53     1,042.04        19.65     1,022.39
3676          1.00         0.00        10.00         0.00         0.00         0.00         0.00         0.00         0.00       128.90         0.00        38.66          0.00     1,705.19       328.59     2,033.78       178.56     1,855.22
3221          1.00        48.00         0.00         0.00         0.00         0.00         0.00         0.00         0.00       141.75         0.00        32.26          0.00     1,823.28       309.54     2,132.82       223.01     1,909.81
7741          1.00         0.00         0.00         0.00         0.00         0.00         0.00         0.00         0.00         0.00         0.00        19.84         36.05       905.88       200.77     1,106.65        20.84     1,085.81
7779          1.00         0.00         0.00         0.00         0.00         0.00         0.00         0.00         0.00         0.00         0.00        10.33         16.97       364.51       127.18       491.69        11.33       480.36
7269          1.00         0.00         0.00         0.00         0.00         0.00         0.00         0.00         0.00         0.00         0.00        26.70         38.26       871.38       158.48     1,029.86        27.70     1,002.16
2522          1.00         0.00         0.00         0.00         0.00         0.00         0.00         0.00         0.00         0.00         0.00        23.44         35.05       921.44       205.33     1,126.77        24.44     1,102.33
5506          1.00         0.00         0.00         0.00         0.00       224.80         0.00         0.00         0.00         0.00         0.00        25.40          8.80     1,124.48       207.84     1,332.32       251.20     1,081.12
0236          1.00         0.00         0.00         0.00         0.00       523.01         0.00         0.00         0.00       162.80         0.00        53.02          0.00     2,007.27       301.96     2,309.23       739.83     1,569.40
7080          1.00         0.00         0.00         0.00         0.00         0.00         0.00         0.00         0.00        31.23         0.00        38.71          0.00     1,431.09       377.84     1,808.93        70.94     1,737.99
5965          1.00         0.00       200.00         0.00         0.00         0.00         0.00         0.00         0.00        15.87         0.00        28.79          0.00     1,289.92       278.12     1,568.04       245.66     1,322.38
5447          1.00         0.00         0.00         0.00         0.00         0.00         0.00         0.00         0.00         0.00         0.00        22.58         38.90       861.38       159.12     1,020.50        23.58       996.92
7723          1.00         0.00         0.00         0.00         0.00         0.00         0.00         0.00         0.00        75.11         0.00        23.31          0.00     1,671.38       164.72     1,836.10        99.42     1,736.68
6685          1.00         0.00         0.00         0.00         0.00         0.00         0.00         0.00         0.00         0.00         0.00        26.46         36.12       904.76       189.71     1,094.47        27.46     1,067.01
5549          1.00         0.00         0.00         0.00         0.00         0.00         0.00         0.00         0.00         0.00         0.00        21.23         37.55       882.51       213.39     1,095.90        22.23     1,073.67
0854          1.00         0.00         0.00         0.00         0.00       326.19         0.00         0.00         0.00        58.72         0.00        36.07          0.00     1,596.80       319.60     1,916.40       421.98     1,494.42
7295          1.00         0.00         0.00         0.00         0.00         0.00         0.00         0.00         0.00         0.00         0.00        20.54         38.26       871.38       158.48     1,029.86        21.54     1,008.32
7693          1.00         0.00         0.00         0.00         0.00         0.00         0.00         0.00         0.00         0.00         0.00        23.48          8.71     1,125.86       128.93     1,254.79        24.48     1,230.31
6832          1.00         0.00         0.00         0.00         0.00         0.00         0.00         0.00         0.00         0.00         0.00        20.60         36.83       893.63       179.30     1,072.93        21.60     1,051.33
4807          1.00         0.00         0.00         0.00         0.00         0.00         0.00         0.00         0.00       510.35         0.00       110.46          0.00     3,783.66       564.20     4,347.86       621.81     3,726.05
6821          1.00         0.00         0.00         0.00         0.00         0.00       163.22         0.00         0.00         0.00         0.00        23.73         30.90     1,069.21       218.42     1,287.63       187.95     1,099.68
3169          1.00         0.00         0.00         0.00         0.00         0.00         0.00         0.00         0.00         0.00         0.00        26.80         38.26       871.38       158.48     1,029.86        27.80     1,002.06
4514          1.00         0.00         0.00         0.00         0.00       331.35         0.00         0.00         0.00        55.86         0.00        31.31          0.00     1,570.44       263.54     1,833.98       419.52     1,414.46
7104          1.00         0.00         0.00         0.00         0.00         0.00         0.00         0.00         0.00         0.00         0.00        19.96         38.90       861.38       159.12     1,020.50        20.96       999.54
7754          1.00         0.00         0.00         0.00         0.00         0.00         0.00         0.00         0.00         0.00         0.00        18.65         38.26       871.38       158.48     1,029.86        19.65     1,010.21
7717          1.00         0.00         0.00         0.00         0.00         0.00         0.00         0.00         0.00       131.49         0.00        32.04          0.00     1,728.98       283.77     2,012.75       164.53     1,848.22
6014          1.00         0.00         0.00         0.00         0.00         0.00         0.00         0.00         0.00         0.00         0.00        26.59          0.59     1,202.48       234.98     1,437.46        27.59     1,409.87
7775          1.00         0.00         0.00         0.00         0.00         0.00         0.00         0.00         0.00         0.00         0.00        18.65         38.90       861.38       159.12     1,020.50        19.65     1,000.85

















































EJECUTIVOS EN SERVICIOS DE ALIMENTOS, S.A. DE C.V.                                                                      Pagina: 0004
R.F.C.:                                                                                                                    5/NOV/19
REPORTE DE SUELDOS SEMANALES DEDUCCIONES


 
Codigo Desc Vales   Desc Zapatos Otras Deducc Desc Fonacot Pension Alim Desc Infonav Faltas       Inca Enferme Inca Riesgo  ISPT         Ajus ISPT    IMSS          Sub P/Empleo Tot Per Grav Tot Per Exce Total Percep Total Deducc Neto Pagado
..........................................................................................................................................................................................................................................
7551          1.00         0.00         0.00         0.00         0.00         0.00         0.00         0.00         0.00         0.00         0.00        25.35         38.26       871.38       158.48     1,029.86        26.35     1,003.51
7715          1.00         0.00         0.00         0.00         0.00         0.00         0.00         0.00         0.00         0.00         0.00        21.23         38.26       871.38       202.98     1,074.36        22.23     1,052.13
6985          0.00         0.00         0.00         0.00         0.00         0.00         0.00         0.00         0.00         0.00         0.00         0.00          0.00         0.00         0.00         0.00         0.00         0.00
3827          1.00         0.00         0.00         0.00         0.00         0.00         0.00         0.00         0.00         0.00         0.00        29.47         21.33     1,034.30       251.71     1,286.01        30.47     1,255.54
5412          1.00         0.00         0.00         0.00         0.00         0.00         0.00         0.00         0.00         0.00         0.00        20.00         38.90       861.38       159.12     1,020.50        21.00       999.50
7757          1.00         0.00         0.00         0.00         0.00         0.00         0.00         0.00         0.00         0.00         0.00        18.65         38.19       872.51       169.53     1,042.04        19.65     1,022.39
4504          0.00         0.00         0.00         0.00         0.00         0.00         0.00         0.00         0.00         0.00         0.00         0.00          0.00         0.00         0.00         0.00         0.00         0.00
7395          1.00         0.00         0.00         0.00         0.00         0.00         0.00         0.00         0.00         0.00         0.00        23.52         10.05     1,105.01       230.39     1,335.40        24.52     1,310.88
0214          1.00         0.00         0.00         0.00         0.00         0.00         0.00         0.00         0.00       584.79         0.00       110.44          0.00     4,132.16     1,043.54     5,175.70       696.23     4,479.47
7376          1.00         0.00         0.00         0.00         0.00         0.00         0.00         0.00         0.00        77.34         0.00        25.55          0.00     1,691.88       220.34     1,912.22       103.89     1,808.33
6321          1.00         0.00         0.00         0.00         0.00         0.00         0.00         0.00         0.00         0.00         0.00        21.72         34.24       934.17       164.50     1,098.67        22.72     1,075.95
5232          1.00         0.00         0.00         0.00         0.00         0.00         0.00         0.00         0.00         0.00         0.00        33.28         10.62     1,095.98       260.55     1,356.53        34.28     1,322.25
4958          1.00         0.00         0.00         0.00         0.00         0.00         0.00         0.00         0.00         0.00         0.00        20.17         38.26       871.38       158.48     1,029.86        21.17     1,008.69
3979          1.00         0.00         0.00         0.00         0.00         0.00         0.00         0.00         0.00       420.97         0.00        98.45          0.00     3,365.20       519.23     3,884.43       520.42     3,364.01
0442          1.00         0.00         0.00         0.00         0.00         0.00         0.00         0.00         0.00        46.67         0.00        36.01          0.00     1,486.03       311.45     1,797.48        83.68     1,713.80
7699          1.00        48.00         0.00         0.00         0.00         0.00         0.00         0.00         0.00        29.34         0.00        23.24          0.00     1,413.72       198.09     1,611.81       101.58     1,510.23
7330          0.00         0.00         0.00         0.00         0.00         0.00         0.00         0.00         0.00         0.00         0.00         0.00          0.00         0.00         0.00         0.00         0.00         0.00
7719          1.00         0.00         0.00         0.00         0.00         0.00         0.00         0.00         0.00         0.00         0.00        20.07         38.26       871.38       158.48     1,029.86        21.07     1,008.79
7772          1.00         0.00         0.00         0.00         0.00         0.00         0.00         0.00         0.00         0.00         0.00        18.65         38.26       871.38       202.98     1,074.36        19.65     1,054.71
7421          1.00         0.00         0.00         0.00         0.00         0.00         0.00         0.00         0.00         0.00         0.00        26.45         33.99       938.13       220.96     1,159.09        27.45     1,131.64
7776          1.00         0.00         0.00         0.00         0.00         0.00         0.00         0.00         0.00         0.00         0.00        15.99         38.40       691.10       134.57       825.67        16.99       808.68
7298          1.00         0.00         0.00         0.00         0.00         0.00         0.00         0.00         0.00        76.55         0.00        35.78          0.00     1,684.62       424.01     2,108.63       113.33     1,995.30
7758          1.00         0.00         0.00         0.00         0.00         0.00         0.00         0.00         0.00         0.00         0.00        18.65         38.26       871.38       158.48     1,029.86        19.65     1,010.21
5396          1.00         0.00         0.00         0.00         0.00         0.00         0.00         0.00         0.00         0.00         0.00        27.35         37.55       882.51       168.89     1,051.40        28.35     1,023.05
5704          1.00         0.00         0.00         0.00         0.00         0.00         0.00         0.00         0.00       138.97         0.00        34.52          0.00     1,797.80       463.82     2,261.62       174.49     2,087.13
7503          1.00         0.00         0.00         0.00         0.00         0.00       104.13         0.00         0.00         0.00         0.00        19.89         48.27       780.28       148.74       929.02       125.02       804.00
7588          1.00         0.00         0.00         0.00         0.00         0.00         0.00         0.00         0.00        75.22         0.00        25.35          0.00     1,672.38       220.34     1,892.72       101.57     1,791.15
5588          1.00         0.00         0.00         0.00         0.00         0.00         0.00         0.00         0.00         0.00         0.00        20.17         38.26       871.38       158.48     1,029.86        21.17     1,008.69
6203          1.00         0.00         0.00         0.00         0.00         0.00         0.00         0.00         0.00         0.00         0.00        20.90         33.99       938.13       285.75     1,223.88        21.90     1,201.98
6582          1.00         0.00         0.00         0.00         0.00         0.00         0.00         0.00         0.00         0.00         0.00        22.64         35.34       917.01       211.18     1,128.19        23.64     1,104.55
7392          1.00         0.00         0.00         0.00         0.00         0.00         0.00         0.00         0.00         0.00         0.00        18.65         38.26       871.38       158.48     1,029.86        19.65     1,010.21
7226          1.00         0.00         0.00         0.00         0.00         0.00         0.00         0.00         0.00         0.00         0.00        25.20         38.26       871.38       158.48     1,029.86        26.20     1,003.66
7664          1.00         0.00         0.00         0.00         0.00         0.00         0.00         0.00         0.00         0.00         0.00        24.04         35.41       915.88       244.63     1,160.51        25.04     1,135.47
7766          1.00         0.00         0.00         0.00         0.00         0.00         0.00         0.00         0.00         0.00         0.00        18.65         37.47       883.63       179.94     1,063.57        19.65     1,043.92
3326          1.00         0.00         0.00         0.00         0.00       352.72         0.00         0.00         0.00        30.84         0.00        34.05          0.00     1,427.46       209.19     1,636.65       418.61     1,218.04
0449          1.00         0.00       300.00         0.00         0.00       386.21         0.00         0.00         0.00        14.13         0.00        42.44          0.00     1,273.90       159.65     1,433.55       743.78       689.77
6934          1.00         0.00         0.00         0.00         0.00         0.00         0.00         0.00         0.00       342.84         0.00        84.50          0.00     2,999.45       460.71     3,460.16       428.34     3,031.82
7770          1.00         0.00         0.00         0.00         0.00         0.00         0.00         0.00         0.00        13.91         0.00        18.65          0.00     1,271.88       220.34     1,492.22        33.56     1,458.66
7137          1.00         0.00         0.00         0.00         0.00         0.00         0.00         0.00         0.00        52.77         0.00        35.86          0.00     1,542.05       224.25     1,766.30        89.63     1,676.67
7771          1.00         0.00         0.00         0.00         0.00         0.00         0.00         0.00         0.00         0.00         0.00        18.65         38.26       871.38       202.98     1,074.36        19.65     1,054.71
6682          1.00         0.00         0.00         0.00         0.00         0.00       124.60         0.00         0.00         0.00         0.00        17.70         50.19       765.70       146.36       912.06       143.30       768.76
1269          1.00         0.00         0.00         0.00         0.00         0.00         0.00         0.00         0.00         0.00         0.00        20.34         38.90       861.38       159.12     1,020.50        21.34       999.16
6918          1.00         0.00         0.00         0.00         0.00         0.00       104.13         0.00         0.00         0.00         0.00        23.16         48.27       780.28       148.74       929.02       128.29       800.73

















































EJECUTIVOS EN SERVICIOS DE ALIMENTOS, S.A. DE C.V.                                                                      Pagina: 0005
R.F.C.:                                                                                                                    5/NOV/19
REPORTE DE SUELDOS SEMANALES DEDUCCIONES


 
Codigo Desc Vales   Desc Zapatos Otras Deducc Desc Fonacot Pension Alim Desc Infonav Faltas       Inca Enferme Inca Riesgo  ISPT         Ajus ISPT    IMSS          Sub P/Empleo Tot Per Grav Tot Per Exce Total Percep Total Deducc Neto Pagado
..........................................................................................................................................................................................................................................
1419          1.00         0.00         0.00         0.00         0.00       268.68         0.00         0.00         0.00        17.59         0.00        33.72          0.00     1,305.66       189.70     1,495.36       320.99     1,174.37
7545          1.00         0.00         0.00       275.78         0.00         0.00         0.00         0.00         0.00       178.48         0.00        41.82          0.00     2,105.27       330.80     2,436.07       497.08     1,938.99
6505          1.00         0.00         0.00         0.00         0.00         0.00         0.00         0.00         0.00         0.00         0.00        24.10          7.49     1,139.06       221.10     1,360.16        25.10     1,335.06
7769          1.00         0.00         0.00         0.00         0.00         0.00         0.00         0.00         0.00       695.76         0.00        61.43          0.00     4,651.67     1,036.96     5,688.63       758.19     4,930.44
3525          1.00         0.00         0.00         0.00         0.00         0.00         0.00         0.00         0.00       142.91         0.00        31.79          0.00     1,834.01       286.48     2,120.49       175.70     1,944.79
6885          1.00         0.00         0.00         0.00         0.00         0.00         0.00         0.00         0.00         0.00         0.00        21.85         38.26       871.38       158.48     1,029.86        22.85     1,007.01
4775          1.00         0.00         0.00         0.00         0.00         0.00         0.00         0.00         0.00         0.00         0.00        26.87         34.70       927.01       210.54     1,137.55        27.87     1,109.68
7528          1.00         0.00         0.00         0.00         0.00         0.00       104.13         0.00         0.00         0.00         0.00        19.46         48.27       780.28       148.74       929.02       124.59       804.43
4832          1.00         0.00         0.00         0.00         0.00         0.00         0.00         0.00         0.00         0.00         0.00        25.15         29.72     1,004.88       250.06     1,254.94        26.15     1,228.79
3321          1.00         0.00         0.00         0.00         0.00         0.00         0.00         0.00         0.00       636.84         0.00        70.13          0.00     4,375.83     1,128.57     5,504.40       707.97     4,796.43
2112          1.00         0.00         0.00         0.00         0.00         0.00         0.00         0.00         0.00         0.00         0.00        27.11         38.26       871.38       158.48     1,029.86        28.11     1,001.75
0624          1.00         0.00         0.00         0.00         0.00         0.00         0.00         0.00         0.00       153.49         0.00        49.59          0.00     1,931.18       289.78     2,220.96       204.08     2,016.88
6877          1.00         0.00         0.00       150.28         0.00         0.00         0.00         0.00         0.00         0.00         0.00        27.90         18.36     1,080.76       173.68     1,254.44       179.18     1,075.26
4385          1.00         0.00         0.00         0.00         0.00         0.00         0.00         0.00         0.00        18.97         0.00        27.84          0.00     1,318.33       169.33     1,487.66        47.81     1,439.85
0366          1.00         0.00         0.00         0.00         0.00         0.00         0.00         0.00         0.00       343.08         0.00        85.29          0.00     3,000.58       462.49     3,463.07       429.37     3,033.70
7755          1.00         0.00         0.00         0.00         0.00         0.00         0.00         0.00         0.00         0.00         0.00        18.65         21.72     1,028.26       308.81     1,337.07        19.65     1,317.42
6206          1.00         0.00         0.00         0.00         0.00         0.00         0.00         0.00         0.00         0.00         0.00        29.28          0.59     1,202.48       234.98     1,437.46        30.28     1,407.18
7618          1.00         0.00         0.00         0.00         0.00         0.00         0.00         0.00         0.00         0.00         0.00        22.59         38.19       872.51       169.53     1,042.04        23.59     1,018.45
 
*** GLO     182.00       362.50       829.50       788.16         0.00     7,003.34     1,888.93       312.39         0.00     8,864.38         0.00     5,386.34      4,167.62   228,333.47                272,593.65    25,617.54   246,976.11
  







































































