EJECUTIVOS EN SERVICIOS DE ALIMENTOS, S.A. DE C.V.                                                                      Pagina: 0001
R.F.C.:                                                                                                                    5/NOV/19
REPORTE DE SUELDOS SEMANALES DEDUCCIONES


 
Codigo Desc Vales   Desc Zapatos Otras Deducc Desc Fonacot Pension Alim Desc Infonav Faltas       Inca Enferme Inca Riesgo  ISPT         Ajus ISPT    IMSS          Sub P/Empleo Tot Per Grav Tot Per Exce Total Percep Total Deducc Neto Pagado
..........................................................................................................................................................................................................................................
5761          1.00         0.00         0.00         0.00         0.00         0.00         0.00         0.00         0.00         0.00         0.00        22.45         35.01       871.38       155.23     1,026.61        23.45     1,003.16
7505          1.00        48.00         0.00         0.00         0.00         0.00         0.00         0.00         0.00         0.00         0.00        21.06         29.72     1,004.88       216.69     1,221.57        70.06     1,151.51
6600          1.00         0.00         0.00         0.00         0.00         0.00         0.00         0.00         0.00         0.00         0.00        20.97         26.09     1,061.63       313.18     1,374.81        21.97     1,352.84
7685          1.00         0.00         0.00         0.00         0.00         0.00         0.00         0.00         0.00        78.87         0.00        21.58          0.00     1,893.63       142.47     2,036.10       101.45     1,934.65
5933          1.00         0.00         0.00         0.00         0.00         0.00         0.00         0.00         0.00       110.23         0.00        21.94          0.00     1,971.51       153.59     2,125.10       133.17     1,991.93
7170          1.00         0.00         0.00         0.00         0.00         0.00         0.00         0.00         0.00         0.00         0.00        22.83         38.26       871.38       158.48     1,029.86        23.83     1,006.03
5618          1.00         0.00       200.00         0.00         0.00         0.00       124.60         0.00         0.00        64.55         0.00        22.67          0.00     1,871.39       201.85     2,073.24       412.82     1,660.42
5201          1.00         0.00         0.00         0.00         0.00       312.81         0.00         0.00         0.00        30.85         0.00        37.48          0.00     1,427.46       209.19     1,636.65       382.14     1,254.51
3890          1.00         0.00         0.00         0.00         0.00         0.00         0.00         0.00         0.00       178.37         0.00        54.71          0.00     2,104.51       319.12     2,423.63       234.08     2,189.55
6654          1.00         0.00         0.00         0.00         0.00         0.00         0.00         0.00       272.82         0.00         0.00        17.21         42.67       959.51       146.51     1,106.02       291.03       814.99
3652          1.00         0.00         0.00         0.00         0.00       383.82         0.00         0.00         0.00       154.01         0.00        53.17          0.00     1,935.94       367.50     2,303.44       592.00     1,711.44
1123          1.00         0.00         0.00         0.00         0.00         0.00         0.00         0.00         0.00         2.29         0.00        34.93          0.00     1,338.91       234.52     1,573.43        38.22     1,535.21
7593          1.00         0.00         0.00         0.00         0.00         0.00       104.13         0.00         0.00         0.00         0.00        21.35         50.12       802.53       172.84       975.37       126.48       848.89
7669          1.00         0.00         0.00         0.00         0.00         0.00         0.00         0.00         0.00        37.32         0.00        30.60          0.00     1,487.00       293.91     1,780.91        68.92     1,711.99
7259          1.00         0.00         0.00         0.00         0.00         0.00         0.00         0.00         0.00         0.00         0.00        20.22         35.57       861.38       155.79     1,017.17        21.22       995.95
7312          1.00         0.00         0.00         0.00         0.00         0.00         0.00         0.00         0.00         0.00         0.00        21.43         38.90       861.38       185.95     1,047.33        22.43     1,024.90
7338          1.00         0.00         0.00         0.00         0.00         0.00         0.00         0.00         0.00         0.00         0.00        21.05         38.26       871.38       158.48     1,029.86        22.05     1,007.81
5677          1.00         0.00         0.00         0.00         0.00         0.00         0.00         0.00         0.00         0.00         0.00        28.65          4.02     1,170.96       210.49     1,381.45        29.65     1,351.80
7737          1.00         0.00         0.00         0.00         0.00         0.00         0.00         0.00         0.00         0.00         0.00        10.66         34.47       350.55        82.55       433.10        11.66       421.44
4008          1.00         0.00         0.00         0.00         0.00         0.00         0.00         0.00         0.00       175.08         0.00        58.09          0.00     2,083.99       378.67     2,462.66       234.17     2,228.49
7690          1.00         0.00         0.00         0.00         0.00         0.00       104.13         0.00         0.00        42.07         0.00        17.94          0.00     1,780.28       100.47     1,880.75       165.14     1,715.61
6210          1.00         0.00         0.00         0.00         0.00         0.00         0.00         0.00         0.00       134.12         0.00        26.54          0.00     2,155.88       164.72     2,320.60       161.66     2,158.94
7697          0.00         0.00         0.00         0.00         0.00         0.00         0.00         0.00         0.00         0.00         0.00         0.00          0.00         0.00         0.00         0.00         0.00         0.00
0849          1.00         0.00         0.00         0.00         0.00         0.00         0.00         0.00         0.00       120.99         0.00        26.56          0.00     2,061.11       138.57     2,199.68       148.55     2,051.13
7536          1.00         0.00         0.00         0.00         0.00         0.00         0.00         0.00         0.00       107.24         0.00        20.74          0.00     1,961.51       220.34     2,181.85       128.98     2,052.87
7430          1.00         0.00         0.00         0.00         0.00         0.00         0.00         0.00         0.00       174.28         0.00        45.34          0.00     2,078.96       534.43     2,613.39       220.62     2,392.77
5181          1.00         0.00         0.00         0.00         0.00         0.00         0.00         0.00         0.00         0.00         0.00        21.67         38.26       871.38       158.48     1,029.86        22.67     1,007.19
7655          1.00         0.00         0.00         0.00         0.00         0.00         0.00         0.00         0.00        77.03         0.00        21.00          0.00     1,878.07       136.90     2,014.97        99.03     1,915.94
7057          1.00         0.00         0.00         0.00         0.00         0.00         0.00         0.00         0.00       105.83         0.00        24.47          0.00     1,861.38       120.22     1,981.60       131.30     1,850.30
5558          1.00         0.00         0.00         0.00         0.00         0.00         0.00         0.00         0.00         0.00         0.00        21.85         28.89     1,027.13       204.73     1,231.86        22.85     1,209.01
4746          1.00         0.00         0.00         0.00         0.00       337.44         0.00         0.00         0.00        25.88         0.00        31.93          0.00     1,381.79       180.28     1,562.07       396.25     1,165.82
7663          1.00         0.00         0.00         0.00         0.00         0.00         0.00         0.00         0.00         0.00         0.00        22.08         34.64       928.13       221.61     1,149.74        23.08     1,126.66
7407          1.00         0.00         0.00         0.00         0.00         0.00         0.00         0.00         0.00         0.00         0.00        25.09         35.02       871.38       155.24     1,026.62        26.09     1,000.53
6061          1.00         0.00         0.00         0.00         0.00       675.58         0.00         0.00         0.00       122.65         0.00        38.17          0.00     1,647.76       246.04     1,893.80       837.40     1,056.40
7735          1.00         0.00         0.00         0.00         0.00         0.00         0.00         0.00         0.00         0.00         0.00        18.65         39.27       871.38       159.49     1,030.87        19.65     1,011.22
7704          1.00         0.00         0.00         0.00         0.00         0.00         0.00         0.00         0.00         0.00         0.00        19.21         38.90       861.38       159.12     1,020.50        20.21     1,000.29
1424          1.00         0.00         0.00         0.00         0.00       457.22         0.00         0.00         0.00       317.28         0.00        92.91          0.00     2,879.73       630.37     3,510.10       868.41     2,641.69
5280          1.00         0.00         0.00         0.00         0.00       439.54         0.00         0.00         0.00       152.33         0.00        50.52          0.00     1,920.48       418.99     2,339.47       643.39     1,696.08
6461          1.00         0.00       200.00         0.00         0.00         0.00         0.00         0.00         0.00        71.10         0.00        34.93          0.00     1,536.64       346.80     1,883.44       307.03     1,576.41
6765          1.00         0.00         0.00         0.00         0.00         0.00         0.00         0.00         0.00     1,321.08         0.00        35.24          0.00     7,579.16       187.49     7,766.65     1,357.32     6,409.33
7694          1.00         0.00         0.00         0.00         0.00         0.00         0.00         0.00         0.00         0.00         0.00        21.39         45.01       871.38       209.73     1,081.11        22.39     1,058.72
6657          1.00         0.00         0.00         0.00         0.00         0.00         0.00         0.00         0.00         0.00         0.00        20.03         38.90       861.38       159.12     1,020.50        21.03       999.47
5000          1.00         0.00         0.00         0.00         0.00         0.00         0.00         0.00         0.00         0.00         0.00        28.35          8.52     1,129.61       170.05     1,299.66        29.35     1,270.31

















































EJECUTIVOS EN SERVICIOS DE ALIMENTOS, S.A. DE C.V.                                                                      Pagina: 0002
R.F.C.:                                                                                                                    5/NOV/19
REPORTE DE SUELDOS SEMANALES DEDUCCIONES


 
Codigo Desc Vales   Desc Zapatos Otras Deducc Desc Fonacot Pension Alim Desc Infonav Faltas       Inca Enferme Inca Riesgo  ISPT         Ajus ISPT    IMSS          Sub P/Empleo Tot Per Grav Tot Per Exce Total Percep Total Deducc Neto Pagado
..........................................................................................................................................................................................................................................
7586          1.00         0.00         0.00         0.00         0.00         0.00       104.13         0.00         0.00        62.78         0.00        25.56          0.00     1,780.28       100.47     1,880.75       193.47     1,687.28
7649          1.00         0.00         0.00         0.00         0.00         0.00         0.00         0.00         0.00         0.00         0.00        20.76         44.80       861.38       165.02     1,026.40        21.76     1,004.64
5644          1.00         0.00        50.00         0.00         0.00       331.25         0.00         0.00         0.00        38.24         0.00        31.10          0.00     1,408.52       289.86     1,698.38       451.59     1,246.79
7519          1.00         0.00         0.00         0.00         0.00         0.00         0.00         0.00         0.00       101.29         0.00        31.55          0.00     1,871.38       120.22     1,991.60       133.84     1,857.76
6638          1.00         0.00         0.00         0.00         0.00         0.00       124.60         0.00         0.00         0.00         0.00        18.07         53.79       765.70       149.96       915.66       143.67       771.99
7734          1.00         0.00         0.00         0.00         0.00         0.00         0.00         0.00         0.00         0.00         0.00        18.65         34.70       927.01       210.54     1,137.55        19.65     1,117.90
6690          1.00         0.00         0.00         0.00         0.00         0.00         0.00         0.00         0.00         0.00         0.00        21.85         12.82     1,061.63       344.41     1,406.04        22.85     1,383.19
7168          1.00         0.00         0.00         0.00         0.00         0.00         0.00         0.00         0.00         0.00         0.00        21.88         29.99       938.13       228.08     1,166.21        22.88     1,143.33
7681          1.00         0.00         0.00         0.00         0.00         0.00         0.00         0.00         0.00         0.00         0.00        21.26         38.90       861.38       159.12     1,020.50        22.26       998.24
6958          1.00         0.00         0.00         0.00         0.00         0.00         0.00         0.00         0.00         0.00         0.00        27.86          8.73     1,125.72       128.95     1,254.67        28.86     1,225.81
7718          1.00         0.00         0.00         0.00         0.00         0.00         0.00         0.00         0.00         0.00         0.00        18.65         38.41       871.38       203.13     1,074.51        19.65     1,054.86
4314          1.00         0.00         0.00         0.00         0.00         0.00         0.00         0.00         0.00       411.93         0.00        43.56          0.00     3,643.27       785.67     4,428.94       456.49     3,972.45
7485          1.00         0.00         0.00         0.00         0.00         0.00         0.00         0.00         0.00         0.00         0.00        22.31         44.85       971.51       198.44     1,169.95        23.31     1,146.64
7632          1.00         0.00         0.00         0.00         0.00         0.00       104.13         0.00         0.00         0.00         0.00        19.00         43.39       802.53       210.61     1,013.14       124.13       889.01
4287          1.00         0.00         0.00         0.00         0.00         0.00         0.00         0.00         0.00        15.50         0.00        31.45          0.00     1,286.40       155.32     1,441.72        47.95     1,393.77
7673          1.00         0.00         0.00         0.00         0.00         0.00       249.20         0.00         0.00         0.00         0.00        18.16         48.70       791.21       226.51     1,017.72       268.36       749.36
6504          1.00         0.00         0.00         0.00         0.00         0.00         0.00         0.00         0.00        77.88         0.00        22.62          0.00     1,893.63       142.47     2,036.10       101.50     1,934.60
7617          0.00         0.00         0.00         0.00         0.00         0.00         0.00         0.00         0.00         0.00         0.00         0.00          0.00         0.00         0.00         0.00         0.00         0.00
7604          1.00         0.00         0.00         0.00         0.00         0.00         0.00         0.00         0.00         0.00         0.00        21.38         38.26       871.38       158.48     1,029.86        22.38     1,007.48
7061          1.00         0.00         0.00         0.00         0.00         0.00         0.00         0.00         0.00       125.36         0.00        25.73          0.00     1,981.09       220.34     2,201.43       152.09     2,049.34
7627          1.00         0.00         0.00         0.00         0.00         0.00         0.00         0.00         0.00         0.00         0.00        21.28         34.99       871.38       199.71     1,071.09        22.28     1,048.81
7698          0.00         0.00         0.00         0.00         0.00         0.00       124.60         0.00         0.00         0.00         0.00        20.04         41.21       861.87        41.21       903.08       144.64       758.44
7633          1.00         0.00         0.00         0.00         0.00         0.00         0.00         0.00         0.00         0.00         0.00        20.93         30.36       994.88       250.70     1,245.58        21.93     1,223.65
7712          1.00         0.00         0.00         0.00         0.00         0.00       104.13         0.00         0.00         0.00         0.00        16.69         41.24       992.95       141.71     1,134.66       121.82     1,012.84
7428          1.00         0.00         0.00         0.00         0.00         0.00         0.00         0.00         0.00       110.88         0.00        22.37          0.00     2,004.88       220.34     2,225.22       134.25     2,090.97
2897          1.00         0.00         0.00         0.00         0.00         0.00         0.00         0.00         0.00         0.00         0.00        20.45         38.90       861.38       159.12     1,020.50        21.45       999.05
7558          1.00         0.00         0.00         0.00         0.00         0.00         0.00         0.00         0.00         0.00         0.00        21.78         36.41       900.32       195.56     1,095.88        22.78     1,073.10
6360          1.00         0.00         0.00         0.00         0.00         0.00       124.60         0.00         0.00         0.00         0.00        18.87         40.76       865.83       237.05     1,102.88       144.47       958.41
7614          1.00         0.00         0.00         0.00         0.00         0.00         0.00         0.00         0.00        12.82         0.00        31.98          0.00     1,261.74       155.32     1,417.06        45.80     1,371.26
3318          1.00         0.00         0.00         0.00         0.00       500.52         0.00         0.00         0.00       188.65         0.00        59.93          0.00     2,183.88       313.42     2,497.30       750.10     1,747.20
7706          1.00         0.00         0.00         0.00         0.00         0.00         0.00         0.00         0.00         0.00         0.00        19.98         51.27       871.38       171.49     1,042.87        20.98     1,021.89
5139          1.00         0.00         0.00         0.00         0.00       759.20         0.00         0.00         0.00       294.68         0.00        80.08          0.00     2,775.59       431.38     3,206.97     1,134.96     2,072.01
6083          1.00         0.00         0.00         0.00         0.00         0.00         0.00         0.00         0.00         9.62         0.00        23.19          0.00     1,201.17       274.88     1,476.05        33.81     1,442.24
6766          1.00         0.00         0.00         0.00         0.00         0.00         0.00         0.00         0.00         0.00         0.00        42.86          5.45     1,158.76       196.12     1,354.88        43.86     1,311.02
4137          1.00         0.00         0.00         0.00         0.00         0.00         0.00         0.00         0.00       371.81         0.00        93.93          0.00     3,135.04       482.40     3,617.44       466.74     3,150.70
7542          1.00         0.00         0.00         0.00         0.00         0.00         0.00         0.00         0.00         0.00         0.00        21.27         38.26       871.38       158.48     1,029.86        22.27     1,007.59
3780          1.00         0.00         0.00         0.00         0.00         0.00         0.00         0.00         0.00        46.45         0.00        40.34          0.00     1,521.53       303.26     1,824.79        87.79     1,737.00
7678          1.00         0.00         0.00         0.00         0.00         0.00         0.00         0.00         0.00        77.88         0.00        22.93          0.00     1,893.63       142.47     2,036.10       101.81     1,934.29
6205          1.00         0.00         0.00         0.00         0.00         0.00         0.00         0.00         0.00         0.00         0.00        21.32         38.26       871.38       202.98     1,074.36        22.32     1,052.04
5027          1.00         0.00         0.00         0.00         0.00         0.00         0.00         0.00         0.00       270.58         0.00        27.24          0.00     1,934.17       304.72     2,238.89       298.82     1,940.07
7695          1.00         0.00         0.00         0.00         0.00         0.00       124.60         0.00         0.00         0.00         0.00        20.12         48.71       799.08       178.25       977.33       145.72       831.61
7733          1.00         0.00         0.00         0.00         0.00         0.00         0.00         0.00         0.00         0.00         0.00        18.65         34.35       932.57       260.25     1,192.82        19.65     1,173.17
6839          1.00         0.00         0.00         0.00         0.00         0.00         0.00         0.00         0.00       107.38         0.00        22.03          0.00     1,927.01       175.84     2,102.85       130.41     1,972.44

















































EJECUTIVOS EN SERVICIOS DE ALIMENTOS, S.A. DE C.V.                                                                      Pagina: 0003
R.F.C.:                                                                                                                    5/NOV/19
REPORTE DE SUELDOS SEMANALES DEDUCCIONES


 
Codigo Desc Vales   Desc Zapatos Otras Deducc Desc Fonacot Pension Alim Desc Infonav Faltas       Inca Enferme Inca Riesgo  ISPT         Ajus ISPT    IMSS          Sub P/Empleo Tot Per Grav Tot Per Exce Total Percep Total Deducc Neto Pagado
..........................................................................................................................................................................................................................................
5646          1.00         0.00         0.00         0.00         0.00         0.00         0.00         0.00         0.00       105.67         0.00        22.08          0.00     1,915.88       164.72     2,080.60       128.75     1,951.85
7708          1.00         0.00         0.00         0.00         0.00         0.00         0.00         0.00         0.00         0.00         0.00        18.65         38.26       871.38       158.48     1,029.86        19.65     1,010.21
6978          1.00         0.00         0.00         0.00         0.00         0.00         0.00         0.00         0.00         0.00         0.00        21.97         26.84       893.63       169.31     1,062.94        22.97     1,039.97
6658          1.00         0.00         0.00         0.00         0.00       462.28         0.00         0.00         0.00         0.00         0.00        26.88          9.17     1,118.70       170.56     1,289.26       490.16       799.10
4458          0.00         0.00         0.00         0.00         0.00         0.00         0.00         0.00         0.00         0.00         0.00         0.00          0.00         0.00         0.00         0.00         0.00         0.00
7647          1.00         0.00         0.00         0.00         0.00         0.00         0.00         0.00         0.00       106.11         0.00        20.84          0.00     1,938.13       153.59     2,091.72       127.95     1,963.77
5679          1.00         0.00         0.00         0.00         0.00         0.00         0.00         0.00         0.00        52.40         0.00        30.79          0.00     1,497.58       467.56     1,965.14        84.19     1,880.95
7530          1.00         0.00         0.00         0.00         0.00         0.00         0.00         0.00         0.00       106.04         0.00        23.26          0.00     1,911.45       170.27     2,081.72       130.30     1,951.42
6028          1.00         0.00         0.00         0.00         0.00       399.30         0.00         0.00         0.00        47.54         0.00        32.38          0.00     1,493.93       289.86     1,783.79       480.22     1,303.57
6565          1.00         0.00         0.00         0.00         0.00         0.00         0.00         0.00         0.00         0.00         0.00        24.21         38.27       871.38       319.50     1,190.88        25.21     1,165.67
7731          1.00         0.00         0.00         0.00         0.00         0.00         0.00         0.00         0.00         0.00         0.00        18.65         38.91       861.38       159.13     1,020.51        19.65     1,000.86
3676          1.00         0.00         0.00         0.00         0.00         0.00         0.00         0.00         0.00       128.90         0.00        34.77          0.00     1,705.19       328.59     2,033.78       164.67     1,869.11
3221          1.00         0.00         0.00         0.00         0.00         0.00         0.00         0.00         0.00        40.34         0.00        42.89          0.00     1,514.74       309.54     1,824.28        84.23     1,740.05
7269          1.00         0.00         0.00         0.00         0.00         0.00         0.00         0.00         0.00       101.76         0.00        22.60          0.00     1,893.63       142.47     2,036.10       125.36     1,910.74
2522          1.00         0.00         0.00         0.00         0.00         0.00         0.00         0.00         0.00       106.25         0.00        22.11          0.00     1,932.57       225.90     2,158.47       129.36     2,029.11
7555          0.00         0.00         0.00         0.00         0.00         0.00         0.00         0.00         0.00         0.00         0.00         0.00          0.00         0.00         0.00         0.00         0.00         0.00
5506          1.00         0.00         0.00         0.00         0.00       224.80         0.00         0.00         0.00         0.00         0.00        27.26         12.28     1,182.78       269.61     1,452.39       253.06     1,199.33
0236          1.00         0.00         0.00         0.00         0.00       523.01         0.00         0.00         0.00       175.09         0.00        62.41          0.00     2,083.99       378.67     2,462.66       761.51     1,701.15
7080          1.00         0.00         0.00         0.00         0.00         0.00         0.00         0.00         0.00        35.59         0.00        37.83          0.00     1,384.05       330.80     1,714.85        74.42     1,640.43
5965          1.00         0.00         0.00         0.00         0.00         0.00         0.00         0.00         0.00         0.00         0.00        29.09          8.52     1,129.61       170.05     1,299.66        30.09     1,269.57
5447          1.00         0.00         0.00         0.00         0.00         0.00         0.00         0.00         0.00        73.48         0.00        20.95          0.00     1,861.38       120.22     1,981.60        95.43     1,886.17
7723          1.00         0.00         0.00         0.00         0.00         0.00       104.13         0.00         0.00         0.00         0.00        16.69         41.57       902.66       242.16     1,144.82       121.82     1,023.00
6685          1.00         0.00         0.00         0.00         0.00         0.00         0.00         0.00         0.00       109.23         0.00        21.55          0.00     1,893.63       142.47     2,036.10       131.78     1,904.32
5549          1.00         0.00         0.00         0.00         0.00         0.00         0.00         0.00         0.00         0.00         0.00        21.23         36.84       893.63       223.81     1,117.44        22.23     1,095.21
0854          1.00         0.00         0.00         0.00         0.00       326.19         0.00         0.00         0.00        37.38         0.00        37.23          0.00     1,487.60       220.41     1,708.01       401.80     1,306.21
7295          1.00         0.00         0.00         0.00         0.00         0.00         0.00         0.00         0.00         0.00         0.00        23.36         38.26       871.38       158.48     1,029.86        24.36     1,005.50
7693          1.00         0.00         0.00         0.00         0.00         0.00         0.00         0.00         0.00         0.00         0.00        22.71         26.13       904.76       179.72     1,084.48        23.71     1,060.77
6832          1.00         0.00         0.00         0.00         0.00         0.00         0.00         0.00         0.00         0.00         0.00        21.01         35.06       921.44       259.01     1,180.45        22.01     1,158.44
4807          1.00         0.00         0.00         0.00         0.00         0.00         0.00         0.00         0.00       510.35         0.00       130.06          0.00     3,783.66       564.20     4,347.86       641.41     3,706.45
6821          1.00         0.00         0.00         0.00         0.00         0.00         0.00         0.00         0.00        35.04         0.00        29.20          0.00     1,338.21       292.69     1,630.90        65.24     1,565.66
7705          0.00         0.00         0.00         0.00         0.00         0.00         0.00         0.00         0.00         0.00         0.00         0.00          0.00         0.00         0.00         0.00         0.00         0.00
7730          1.00         0.00         0.00         0.00         0.00         0.00         0.00         0.00         0.00         0.00         0.00        18.65         38.90       861.38       159.12     1,020.50        19.65     1,000.85
7412          0.00         0.00         0.00         0.00         0.00         0.00         0.00         0.00         0.00         0.00         0.00        18.65         31.20       981.60        31.20     1,012.80        18.65       994.15
3169          1.00         0.00         0.00         0.00         0.00         0.00         0.00         0.00         0.00        78.87         0.00        22.34          0.00     1,893.63       142.47     2,036.10       102.21     1,933.89
7728          1.00         0.00         0.00         0.00         0.00         0.00         0.00         0.00         0.00         0.00         0.00        18.65         35.41       915.88       200.13     1,116.01        19.65     1,096.36
7686          1.00         0.00         0.00         0.00         0.00         0.00         0.00         0.00         0.00         0.00         0.00        20.83         38.26       871.38       158.48     1,029.86        21.83     1,008.03
5902          0.00         0.00         0.00         0.00         0.00         0.00         0.00         0.00         0.00         0.00         0.00         0.00          0.00         0.00         0.00         0.00         0.00         0.00
4514          1.00         0.00         0.00         0.00         0.00       406.84         0.00         0.00         0.00        27.38         0.00        38.49          0.00     1,395.56       219.82     1,615.38       473.71     1,141.67
7104          1.00         0.00         0.00         0.00         0.00         0.00         0.00         0.00         0.00         0.00         0.00        20.37         38.90       861.38       159.12     1,020.50        21.37       999.13
7717          1.00         0.00         0.00         0.00         0.00         0.00         0.00         0.00         0.00        17.59         0.00        29.43          0.00     1,305.66       189.70     1,495.36        48.02     1,447.34
6014          1.00         0.00         0.00         0.00         0.00         0.00         0.00         0.00         0.00         0.00         0.00        27.66          0.59     1,202.48       234.98     1,437.46        28.66     1,408.80
7736          0.00         0.00         0.00         0.00         0.00         0.00         0.00         0.00         0.00         0.00         0.00         0.00          0.00         0.00         0.00         0.00         0.00         0.00
7551          1.00         0.00         0.00         0.00         0.00         0.00         0.00         0.00         0.00        75.47         0.00        20.78          0.00     1,871.38       120.22     1,991.60        97.25     1,894.35

















































EJECUTIVOS EN SERVICIOS DE ALIMENTOS, S.A. DE C.V.                                                                      Pagina: 0004
R.F.C.:                                                                                                                    5/NOV/19
REPORTE DE SUELDOS SEMANALES DEDUCCIONES


 
Codigo Desc Vales   Desc Zapatos Otras Deducc Desc Fonacot Pension Alim Desc Infonav Faltas       Inca Enferme Inca Riesgo  ISPT         Ajus ISPT    IMSS          Sub P/Empleo Tot Per Grav Tot Per Exce Total Percep Total Deducc Neto Pagado
..........................................................................................................................................................................................................................................
7715          1.00         0.00         0.00         0.00         0.00         0.00         0.00         0.00         0.00         0.00         0.00        18.65         35.01       871.38       199.73     1,071.11        19.65     1,051.46
6985          1.00         0.00         0.00         0.00         0.00         0.00         0.00         0.00         0.00       257.49         0.00        72.11          0.00     2,568.06       507.78     3,075.84       330.60     2,745.24
3827          1.00         0.00         0.00         0.00         0.00         0.00         0.00         0.00         0.00       121.62         0.00        25.59          0.00     2,000.92       241.51     2,242.43       148.21     2,094.22
5412          1.00         0.00         0.00         0.00         0.00         0.00         0.00         0.00         0.00         0.00         0.00        20.82         38.90       861.38       159.12     1,020.50        21.82       998.68
4504          1.00         0.00       500.00         0.00         0.00         0.00         0.00         0.00         0.00       307.35         0.00        63.17          0.00     2,846.28       557.02     3,403.30       871.52     2,531.78
7395          1.00         0.00         0.00         0.00         0.00         0.00         0.00         0.00         0.00         0.00         0.00        22.74         48.42       915.88       213.14     1,129.02        23.74     1,105.28
0214          1.00         0.00         0.00         0.00         0.00         0.00         0.00         0.00         0.00       510.35         0.00       112.73          0.00     3,783.66       564.20     4,347.86       624.08     3,723.78
7376          1.00         0.00        10.00         0.00         0.00         0.00         0.00         0.00         0.00         0.00         0.00        22.67         38.26       871.38       158.48     1,029.86        33.67       996.19
3217          1.00         0.00         0.00         0.00         0.00         0.00         0.00         0.00         0.00        70.03         0.00        33.55          0.00     1,526.72       321.83     1,848.55       104.58     1,743.97
7212          1.00         0.00         0.00         0.00         0.00       306.59       104.13         0.00         0.00         0.00         0.00        19.96         51.47       780.28       151.94       932.22       431.68       500.54
6321          1.00         0.00         0.00         0.00         0.00         0.00         0.00         0.00         0.00         0.00         0.00        22.89         34.25       934.17       164.51     1,098.68        23.89     1,074.79
5232          1.00         0.00         0.00         0.00         0.00         0.00         0.00         0.00         0.00       120.02         0.00        28.24          0.00     2,048.11       154.19     2,202.30       149.26     2,053.04
4958          1.00         0.00         0.00         0.00         0.00         0.00         0.00         0.00         0.00         0.00         0.00        21.23         38.26       871.38       158.48     1,029.86        22.23     1,007.63
7675          1.00         0.00         0.00         0.00         0.00         0.00         0.00         0.00         0.00         0.00         0.00        20.61         38.26       871.38       202.98     1,074.36        21.61     1,052.75
3979          1.00         0.00         0.00         0.00         0.00         0.00         0.00         0.00         0.00       420.97         0.00       125.37          0.00     3,365.20       519.23     3,884.43       547.34     3,337.09
0442          1.00         0.00         0.00         0.00         0.00         0.00         0.00         0.00         0.00       332.13         0.00        34.90          0.00     2,499.85       325.27     2,825.12       368.03     2,457.09
7699          1.00         0.00         0.00         0.00         0.00         0.00         0.00         0.00         0.00         0.00         0.00        24.05         25.36       971.51       223.45     1,194.96        25.05     1,169.91
7330          0.00         0.00         0.00         0.00         0.00         0.00         0.00         0.00         0.00         0.00         0.00         0.00          0.00         0.00         0.00         0.00         0.00         0.00
7719          1.00         0.00         0.00         0.00         0.00         0.00         0.00         0.00         0.00         0.00         0.00        18.65         38.26       871.38       158.48     1,029.86        19.65     1,010.21
7397          1.00         0.00         0.00         0.00         0.00         0.00         0.00         0.00         0.00         0.00         0.00        21.20         38.90       861.38       159.12     1,020.50        22.20       998.30
7421          1.00         0.00         0.00         0.00         0.00         0.00         0.00         0.00         0.00        78.87         0.00        23.25          0.00     1,893.63       142.47     2,036.10       103.12     1,932.98
7732          1.00         0.00         0.00         0.00         0.00         0.00         0.00         0.00         0.00         0.00         0.00        18.65         38.26       871.38       158.48     1,029.86        19.65     1,010.21
7595          1.00         0.00         0.00         0.00         0.00         0.00         0.00         0.00         0.00         0.00         0.00        23.51         29.72     1,004.88       250.06     1,254.94        24.51     1,230.43
7298          1.00         0.00         0.00         0.00         0.00         0.00         0.00         0.00         0.00        62.71         0.00        36.14          0.00     1,633.40       372.79     2,006.19        99.85     1,906.34
5396          1.00         0.00         0.00         0.00         0.00         0.00         0.00         0.00         0.00       112.48         0.00        23.76          0.00     1,932.57       225.90     2,158.47       137.24     2,021.23
5704          1.00         0.00         0.00         0.00         0.00         0.00         0.00         0.00         0.00        21.67         0.00        34.86          0.00     1,343.12       197.29     1,540.41        57.53     1,482.88
7503          1.00         0.00         0.00         0.00         0.00         0.00         0.00       104.13         0.00         0.00         0.00        18.63         42.42       813.66       176.26       989.92       123.76       866.16
7190          1.00         0.00         0.00         0.00         0.00         0.00         0.00         0.00         0.00       113.15         0.00        21.63          0.00     1,915.88       164.72     2,080.60       135.78     1,944.82
7642          1.00         0.00         0.00         0.00         0.00         0.00         0.00         0.00         0.00         0.00         0.00        23.34         38.26       871.38       158.48     1,029.86        24.34     1,005.52
7588          1.00         0.00         0.00         0.00         0.00         0.00         0.00         0.00         0.00        75.47         0.00        22.89          0.00     1,871.38       120.22     1,991.60        99.36     1,892.24
5588          1.00        48.00         0.00         0.00         0.00         0.00         0.00         0.00         0.00         0.00         0.00        21.23         38.26       871.38       158.48     1,029.86        70.23       959.63
6203          1.00         0.00         0.00         0.00         0.00         0.00         0.00         0.00         0.00         0.00         0.00        21.66         38.26       871.38       158.48     1,029.86        22.66     1,007.20
6582          1.00         0.00         0.00         0.00         0.00         0.00         0.00         0.00         0.00         0.00         0.00        20.82         38.90       861.38       159.12     1,020.50        21.82       998.68
7667          1.00         0.00         0.00         0.00         0.00         0.00       104.13         0.00         0.00         0.00         0.00        18.42         50.12       802.53       217.34     1,019.87       123.55       896.32
7226          1.00         0.00         0.00         0.00         0.00         0.00         0.00         0.00         0.00         0.00         0.00        22.27         47.42       871.38       167.64     1,039.02        23.27     1,015.75
7664          1.00         0.00         0.00         0.00         0.00         0.00         0.00         0.00         0.00        65.20         0.00        20.31          0.00     1,893.63       142.47     2,036.10        86.51     1,949.59
3326          1.00         0.00         0.00         0.00         0.00         0.00         0.00         0.00         0.00        30.85         0.00        42.12          0.00     1,427.46       209.19     1,636.65        73.97     1,562.68
0449          1.00         0.00       300.00         0.00         0.00       386.21         0.00         0.00         0.00       341.94         0.00        33.95          0.00     2,590.05       363.74     2,953.79     1,063.10     1,890.69
7707          1.00         0.00         0.00         0.00         0.00         0.00         0.00         0.00         0.00         0.00         0.00        18.65         38.90       861.38       159.12     1,020.50        19.65     1,000.85
6934          1.00         0.00         0.00         0.00         0.00         0.00         0.00         0.00         0.00       342.85         0.00        84.50          0.00     2,999.45       460.71     3,460.16       428.35     3,031.81
7137          1.00         0.00         0.00         0.00         0.00         0.00         0.00         0.00         0.00        52.78         0.00        36.47          0.00     1,542.05       224.25     1,766.30        90.25     1,676.05
6682          1.00         0.00         0.00         0.00         0.00         0.00       124.60         0.00         0.00         0.00         0.00        18.01         50.20       765.70       146.37       912.07       143.61       768.46
1269          1.00         0.00         0.00         0.00         0.00         0.00         0.00         0.00         0.00         0.00         0.00        20.54         38.90       861.38       320.13     1,181.51        21.54     1,159.97

















































EJECUTIVOS EN SERVICIOS DE ALIMENTOS, S.A. DE C.V.                                                                      Pagina: 0005
R.F.C.:                                                                                                                    5/NOV/19
REPORTE DE SUELDOS SEMANALES DEDUCCIONES


 
Codigo Desc Vales   Desc Zapatos Otras Deducc Desc Fonacot Pension Alim Desc Infonav Faltas       Inca Enferme Inca Riesgo  ISPT         Ajus ISPT    IMSS          Sub P/Empleo Tot Per Grav Tot Per Exce Total Percep Total Deducc Neto Pagado
..........................................................................................................................................................................................................................................
6918          1.00         0.00         0.00         0.00         0.00         0.00         0.00         0.00         0.00         0.00         0.00        22.69         29.99     1,004.88       250.33     1,255.21        23.69     1,231.52
1419          1.00         0.00         0.00         0.00         0.00       268.68         0.00         0.00         0.00         0.00         0.00        40.48         56.36     1,384.05       324.45     1,708.50       310.16     1,398.34
7545          1.00         0.00         0.00       275.78         0.00         0.00         0.00         0.00         0.00       145.14         0.00        38.08          0.00     1,854.41       518.94     2,373.35       460.00     1,913.35
7638          1.00         0.00         0.00         0.00         0.00         0.00         0.00         0.00         0.00         0.00         0.00        19.84         38.90       861.38       159.12     1,020.50        20.84       999.66
3525          1.00         0.00         0.00         0.00         0.00         0.00         0.00         0.00         0.00        18.00         0.00        33.02          0.00     1,309.36       199.04     1,508.40        52.02     1,456.38
6885          1.00         0.00         0.00         0.00         0.00         0.00         0.00         0.00         0.00         0.00         0.00        22.69         44.83       871.38       165.05     1,036.43        23.69     1,012.74
4775          1.00         0.00         0.00         0.00         0.00         0.00         0.00         0.00         0.00        71.61         0.00        22.14          0.00     1,927.01       175.84     2,102.85        94.75     2,008.10
7528          1.00         0.00         0.00         0.00         0.00         0.00         0.00         0.00         0.00         0.00         0.00        21.89         38.26       871.38       202.98     1,074.36        22.89     1,051.47
7738          1.00         0.00         0.00         0.00         0.00         0.00       104.13         0.00         0.00         0.00         0.00         6.03         16.45       385.39        36.54       421.93       111.16       310.77
4832          1.00         0.00         0.00         0.00         0.00         0.00         0.00         0.00         0.00        78.45         0.00        21.76          0.00     1,871.38       120.22     1,991.60       101.21     1,890.39
6567          1.00         0.00         0.00         0.00         0.00         0.00         0.00         0.00         0.00       106.83         0.00        20.14          0.00     1,939.26       242.59     2,181.85       127.97     2,053.88
3321          1.00         0.00         0.00         0.00         0.00         0.00         0.00         0.00         0.00       563.22         0.00        63.51          0.00     4,031.16       312.06     4,343.22       627.73     3,715.49
2112          1.00         0.00         0.00         0.00         0.00         0.00         0.00         0.00         0.00        71.75         0.00        21.12          0.00     1,871.38       120.22     1,991.60        93.87     1,897.73
0624          1.00         0.00         0.00         0.00         0.00         0.00         0.00         0.00         0.00       153.49         0.00        52.91          0.00     1,931.18       289.78     2,220.96       207.40     2,013.56
6877          1.00         0.00         0.00       150.28         0.00         0.00         0.00         0.00         0.00         0.00         0.00        32.33         18.37     1,080.76       173.69     1,254.45       183.61     1,070.84
4385          1.00         0.00         0.00         0.00         0.00         0.00         0.00         0.00         0.00         0.00         0.00        29.22          3.23     1,178.33       172.56     1,350.89        30.22     1,320.67
7378          1.00         0.00        10.00         0.00         0.00         0.00       373.80         0.00         0.00         0.00         0.00        14.29         67.02       694.35       115.10       809.45       399.09       410.36
0366          1.00         0.00         0.00         0.00         0.00         0.00         0.00         0.00         0.00       343.09         0.00        88.25          0.00     3,000.58       462.49     3,463.07       432.34     3,030.73
6206          1.00         0.00         0.00         0.00         0.00         0.00         0.00         0.00         0.00         1.61         0.00        29.12          0.00     1,158.76       190.67     1,349.43        31.73     1,317.70
7618          1.00         0.00         0.00         0.00         0.00         0.00         0.00         0.00         0.00        46.79         0.00        20.51          0.00     1,894.76       153.59     2,048.35        68.30     1,980.05
 
*** GLO     182.00        96.00     1,270.00       426.06         0.00     7,501.28     2,307.77       104.13       272.82    12,935.57         0.00     5,470.59      3,359.76   267,253.08                308,703.99    30,566.22   278,137.77
  





































































