EJECUTIVOS EN SERVICIOS DE ALIMENTOS, S.A. DE C.V.                                                                      Pagina: 0001
R.F.C.:                                                                                                                    5/NOV/19
REPORTE DE SUELDOS SEMANALES DEDUCCIONES


 
Codigo Desc Vales   Desc Zapatos Otras Deducc Desc Fonacot Pension Alim Desc Infonav Faltas       Inca Enferme Inca Riesgo  ISPT         Ajus ISPT    IMSS          Sub P/Empleo Tot Per Grav Tot Per Exce Total Percep Total Deducc Neto Pagado
..........................................................................................................................................................................................................................................
7505          1.00         0.00         0.00         0.00         0.00         0.00         0.00         0.00         0.00         0.00         0.00        23.78         29.13     1,014.04       172.17     1,186.21        24.78     1,161.43
6600          1.00         0.00         0.00         0.00         0.00         0.00         0.00         0.00         0.00         0.00         0.00        20.85         37.00       894.76       190.59     1,085.35        21.85     1,063.50
7685          1.00         0.00         0.00         0.00         0.00         0.00         0.00         0.00         0.00         0.00         0.00        23.18         29.66       871.38       149.88     1,021.26        24.18       997.08
7331          1.00         0.00         0.00         0.00         0.00         0.00         0.00         0.00         0.00         0.00         0.00        23.90         36.13       904.76       234.22     1,138.98        24.90     1,114.08
5933          1.00         0.00         0.00         0.00         0.00         0.00         0.00         0.00         0.00         0.00         0.00        26.71         50.54       871.38       170.76     1,042.14        27.71     1,014.43
7170          1.00         0.00         0.00         0.00         0.00         0.00         0.00         0.00         0.00         0.00         0.00        26.04        136.88       871.38       257.10     1,128.48        27.04     1,101.44
7774          1.00         0.00         0.00         0.00         0.00         0.00       124.60       124.60         0.00         0.00         0.00        15.86          1.86       796.77       140.74       937.51       266.06       671.45
5618          1.00         0.00         0.00         0.00         0.00         0.00         0.00         0.00         0.00         0.00         0.00        31.37          1.92     1,191.45       189.46     1,380.91        32.37     1,348.54
5201          1.00         0.00         0.00         0.00         0.00       312.81         0.00         0.00         0.00        30.85         0.00        34.58          0.00     1,427.46       209.19     1,636.65       379.24     1,257.41
3890          1.00         0.00         0.00         0.00         0.00         0.00         0.00         0.00         0.00       178.37         0.00        54.71          0.00     2,104.51       319.12     2,423.63       234.08     2,189.55
7834          1.00         0.00         0.00         0.00         0.00         0.00         0.00         0.00         0.00         0.00         0.00        22.19         29.13     1,014.04       172.17     1,186.21        23.19     1,163.02
6654          0.00         0.00         0.00         0.00         0.00         0.00         0.00         0.00         0.00         0.00         0.00         0.00          0.00         0.00         0.00         0.00         0.00         0.00
3652          1.00         0.00         0.00         0.00         0.00       380.99         0.00         0.00         0.00       202.93         0.00        62.07          0.00     2,272.23       463.69     2,735.92       646.99     2,088.93
1123          1.00         0.00         0.00         0.00         0.00         0.00         0.00         0.00         0.00       699.98         0.00        31.26          0.00     5,966.29       229.34     6,195.63       732.24     5,463.39
4044          1.00         0.00         0.00         0.00         0.00         0.00         0.00         0.00         0.00        17.59         0.00        32.10          0.00     1,305.66       252.41     1,558.07        50.69     1,507.38
7593          1.00         0.00         0.00         0.00         0.00         0.00         0.00         0.00         0.00         0.00         0.00        25.10         44.95       904.76       198.54     1,103.30        26.10     1,077.20
7259          1.00         0.00         0.00         0.00         0.00         0.00         0.00         0.00         0.00         0.00         0.00        19.86         38.90       861.38       159.12     1,020.50        20.86       999.64
7312          1.00         0.00         0.00         0.00         0.00         0.00       208.26         0.00         0.00         0.00         0.00        19.22         43.55       833.04       156.09       989.13       228.48       760.65
7338          1.00         0.00         0.00         0.00         0.00         0.00         0.00         0.00         0.00         0.00         0.00        23.65         29.13     1,014.04       172.17     1,186.21        24.65     1,161.56
5677          1.00         0.00         0.00         0.00         0.00         0.00         0.00         0.00         0.00        72.65         0.00        33.88          0.00     1,724.76       410.50     2,135.26       107.53     2,027.73
7737          1.00         0.00         0.00         0.00         0.00         0.00         0.00         0.00         0.00         0.00         0.00        20.50         38.91       861.38       159.13     1,020.51        21.50       999.01
4008          1.00         0.00         0.00         0.00         0.00         0.00         0.00         0.00         0.00       218.66         0.00        57.48          0.00     2,352.49       359.49     2,711.98       277.14     2,434.84
6210          1.00         0.00         0.00         0.00         0.00         0.00         0.00         0.00         0.00         0.00         0.00        30.26         18.77       971.44       189.05     1,160.49        31.26     1,129.23
6213          1.00         0.00         0.00         0.00         0.00         0.00         0.00         0.00         0.00         0.00         0.00        24.45         21.57     1,004.04       164.61     1,168.65        25.45     1,143.20
7812          1.00         0.00         0.00         0.00         0.00         0.00         0.00         0.00         0.00         0.00         0.00        18.65         28.93     1,017.13       304.90     1,322.03        19.65     1,302.38
0849          1.00         0.00         0.00         0.00         0.00         0.00         0.00         0.00         0.00         0.00         0.00        34.79         24.90     1,089.04       167.94     1,256.98        35.79     1,221.19
7536          1.00         0.00         0.00         0.00         0.00         0.00         0.00         0.00         0.00         0.00         0.00        23.52         23.38       950.38       232.60     1,182.98        24.52     1,158.46
5237          1.00         0.00         0.00         0.00         0.00         0.00         0.00         0.00         0.00         0.00         0.00        20.08         85.63       145.58       105.72       251.30        21.08       230.22
7430          1.00         0.00         0.00         0.00         0.00         0.00         0.00         0.00         0.00       316.11         0.00        66.35          0.00     2,922.56       738.31     3,660.87       383.46     3,277.41
5181          1.00         0.00         0.00         0.00         0.00         0.00         0.00         0.00         0.00         0.00         0.00        25.35         38.26       871.38       158.48     1,029.86        26.35     1,003.51
7827          1.00         0.00         0.00         0.00         0.00         0.00       124.60         0.00         0.00         0.00         0.00        16.69         53.14       765.70       149.31       915.01       142.29       772.72
7655          1.00         0.00         0.00         0.00         0.00         0.00         0.00         0.00         0.00         0.00         0.00        25.88         36.05       905.88       200.77     1,106.65        26.88     1,079.77
7057          1.00         0.00         0.00         0.00         0.00         0.00         0.00         0.00         0.00         0.00         0.00        23.85         38.90       861.38       159.12     1,020.50        24.85       995.65
5558          1.00         0.00         0.00         0.00         0.00         0.00         0.00         0.00         0.00         0.00         0.00        23.74         33.06     1,014.04       176.10     1,190.14        24.74     1,165.40
4746          1.00         0.00         0.00         0.00         0.00       337.44         0.00         0.00         0.00        25.87         0.00        35.29          0.00     1,381.79       180.28     1,562.07       399.60     1,162.47
7663          1.00         0.00         0.00         0.00         0.00         0.00         0.00         0.00         0.00         0.00         0.00        21.42          8.94     1,125.72       129.16     1,254.88        22.42     1,232.46
7407          1.00         0.00         0.00         0.00         0.00         0.00         0.00         0.00         0.00        27.14         0.00        25.14          0.00     1,271.88       220.34     1,492.22        53.28     1,438.94
7828          1.00         0.00         0.00         0.00         0.00         0.00         0.00         0.00         0.00         0.00         0.00        20.95         13.56     1,054.19       248.72     1,302.91        21.95     1,280.96
7837          1.00         0.00         0.00         0.00         0.00         0.00       104.13         0.00         0.00         0.00         0.00        11.36         36.11       510.89        96.39       607.28       116.49       490.79
7773          1.00         0.00         0.00         0.00         0.00         0.00         0.00         0.00         0.00         0.00         0.00        21.53         25.40       917.01       201.24     1,118.25        22.53     1,095.72
7839          1.00         0.00         0.00         0.00         0.00         0.00         0.00         0.00         0.00         2.88         0.00        14.41          0.00       353.36        53.33       406.69        18.29       388.40
1424          1.00         0.00       250.00         0.00         0.00       457.22         0.00         0.00         0.00       274.61         0.00        90.02          0.00     2,679.97       592.44     3,272.41     1,072.85     2,199.56
5280          1.00         0.00         0.00       362.10         0.00       435.11         0.00         0.00         0.00       152.33         0.00        48.39          0.00     1,920.48       289.67     2,210.15       998.93     1,211.22

















































EJECUTIVOS EN SERVICIOS DE ALIMENTOS, S.A. DE C.V.                                                                      Pagina: 0002
R.F.C.:                                                                                                                    5/NOV/19
REPORTE DE SUELDOS SEMANALES DEDUCCIONES


 
Codigo Desc Vales   Desc Zapatos Otras Deducc Desc Fonacot Pension Alim Desc Infonav Faltas       Inca Enferme Inca Riesgo  ISPT         Ajus ISPT    IMSS          Sub P/Empleo Tot Per Grav Tot Per Exce Total Percep Total Deducc Neto Pagado
..........................................................................................................................................................................................................................................
7742          1.00         0.00         0.00         0.00         0.00         0.00         0.00         0.00         0.00         0.00         0.00        19.82         38.90       861.38       159.12     1,020.50        20.82       999.68
7740          1.00         0.00         0.00         0.00         0.00         0.00       520.65         0.00         0.00         0.00         0.00         9.65         34.52       654.45        54.61       709.06       531.30       177.76
6461          1.00         0.00       200.00         0.00         0.00         0.00         0.00         0.00         0.00        26.46         0.00        31.03          0.00     1,387.17       346.80     1,733.97       258.49     1,475.48
6765          1.00         0.00         0.00         0.00         0.00         0.00         0.00         0.00         0.00       105.58         0.00        54.75          0.00     1,799.27       328.59     2,127.86       161.33     1,966.53
7694          1.00         0.00         0.00         0.00         0.00         0.00         0.00         0.00         0.00         0.00         0.00        24.24         35.01       871.38       199.73     1,071.11        25.24     1,045.87
7752          1.00         0.00         0.00         0.00         0.00         0.00         0.00         0.00         0.00         0.00         0.00        21.03         35.01       871.38       199.73     1,071.11        22.03     1,049.08
6657          0.00         0.00         0.00         0.00         0.00         0.00         0.00         0.00         0.00         0.00         0.00         0.00          0.00         0.00         0.00         0.00         0.00         0.00
5000          1.00         0.00         0.00         0.00         0.00         0.00         0.00         0.00         0.00        40.90         0.00        26.62          0.00     1,391.93       292.69     1,684.62        68.52     1,616.10
5644          1.00         0.00         0.00         0.00         0.00       331.25         0.00         0.00         0.00        33.43         0.00        32.73          0.00     1,451.23       289.86     1,741.09       398.41     1,342.68
6638          1.00         0.00         0.00         0.00         0.00         0.00         0.00         0.00         0.00         0.00         0.00        20.06         38.27       871.38       158.49     1,029.87        21.06     1,008.81
7800          1.00         0.00         0.00         0.00         0.00         0.00         0.00         0.00         0.00         0.00         0.00        18.65         36.05       905.88       200.77     1,106.65        19.65     1,087.00
6690          1.00         0.00         0.00         0.00         0.00         0.00         0.00         0.00         0.00         0.00         0.00        21.96         36.77       894.76       190.36     1,085.12        22.96     1,062.16
7168          1.00         0.00         0.00         0.00         0.00         0.00         0.00         0.00         0.00        80.01         0.00        21.69          0.00     1,618.46       325.73     1,944.19       102.70     1,841.49
7786          1.00         0.00         0.00         0.00         0.00         0.00         0.00         0.00         0.00         0.00         0.00        21.16         38.90       861.38       159.12     1,020.50        22.16       998.34
4314          1.00         0.00         0.00         0.00         0.00         0.00         0.00         0.00         0.00       207.44         0.00        55.37          0.00     2,286.19       393.50     2,679.69       263.81     2,415.88
3160          1.00         0.00         0.00         0.00         0.00         0.00         0.00         0.00         0.00         0.00         0.00        19.71         38.90       861.38       159.12     1,020.50        20.71       999.79
7632          1.00         0.00         0.00         0.00         0.00         0.00         0.00         0.00         0.00         0.00         0.00        26.72         40.02       965.94       299.30     1,265.24        27.72     1,237.52
6504          1.00         0.00         0.00         0.00         0.00         0.00         0.00         0.00         0.00         0.00         0.00        23.12         38.26       871.38       158.48     1,029.86        24.12     1,005.74
7801          1.00         0.00         0.00         0.00         0.00         0.00         0.00         0.00         0.00         0.00         0.00        18.65         38.26       871.38       158.48     1,029.86        19.65     1,010.21
7604          1.00         0.00         0.00         0.00         0.00         0.00         0.00         0.00         0.00         0.00         0.00        23.40         38.36       871.38       158.58     1,029.96        24.40     1,005.56
7061          1.00         0.00         0.00         0.00         0.00         0.00         0.00         0.00         0.00        51.07         0.00        30.88          0.00     1,526.36       220.34     1,746.70        82.95     1,663.75
7805          1.00         0.00         0.00         0.00         0.00         0.00         0.00         0.00         0.00         6.81         0.00        26.27          0.00     1,178.33       227.62     1,405.95        34.08     1,371.87
7810          1.00         0.00         0.00         0.00         0.00         0.00       580.44         0.00         0.00         0.00         0.00        29.04         63.75     1,464.49       200.92     1,665.41       610.48     1,054.93
7633          1.00         0.00         0.00         0.00         0.00         0.00         0.00         0.00         0.00         0.00         0.00        24.34         38.90       861.38       159.12     1,020.50        25.34       995.16
7428          1.00         0.00         0.00         0.00         0.00         0.00         0.00         0.00         0.00         0.00         0.00        26.34         36.13       904.76       189.72     1,094.48        27.34     1,067.14
2897          1.00         0.00         0.00         0.00         0.00         0.00         0.00         0.00         0.00         0.00         0.00        19.86         38.90       861.38       159.12     1,020.50        20.86       999.64
7811          1.00         0.00         0.00         0.00         0.00         0.00         0.00         0.00         0.00         0.00         0.00        18.65         38.90       861.38       159.12     1,020.50        19.65     1,000.85
7558          1.00         0.00         0.00         0.00         0.00         0.00         0.00         0.00         0.00         0.00         0.00        21.09         38.90       861.38       159.12     1,020.50        22.09       998.41
6360          1.00         0.00         0.00         0.00         0.00         0.00         0.00         0.00         0.00         0.00         0.00        21.10         38.26       871.38       158.48     1,029.86        22.10     1,007.76
7614          1.00         0.00         0.00         0.00         0.00         0.00         0.00         0.00         0.00        12.81         0.00        30.54          0.00     1,261.75       155.32     1,417.07        44.35     1,372.72
3318          1.00         0.00         0.00         0.00         0.00       500.52         0.00         0.00         0.00       190.65         0.00        58.55          0.00     2,183.88       313.42     2,497.30       750.72     1,746.58
7706          1.00         0.00         0.00         0.00         0.00         0.00         0.00         0.00         0.00         0.00         0.00        22.19         22.53     1,117.26       331.87     1,449.13        23.19     1,425.94
7804          1.00         0.00         0.00         0.00         0.00         0.00         0.00         0.00         0.00        55.18         0.00        36.10          0.00     1,564.18       232.66     1,796.84        92.28     1,704.56
5139          1.00         0.00         0.00         0.00         0.00       759.20         0.00         0.00         0.00     1,307.46         0.00        83.14          0.00     7,675.51       293.88     7,969.39     2,150.80     5,818.59
6083          1.00         0.00         0.00         0.00         0.00         0.00         0.00         0.00         0.00         0.00         0.00        27.13         34.49     1,000.92       276.00     1,276.92        28.13     1,248.79
6766          1.00         0.00         0.00         0.00         0.00         0.00         0.00         0.00         0.00         0.00         0.00        30.70          9.62     1,119.61       171.15     1,290.76        31.70     1,259.06
4137          1.00         0.00         0.00         0.00         0.00         0.00         0.00         0.00         0.00     2,011.12         0.00       129.14          0.00    10,945.10       763.11    11,708.21     2,141.26     9,566.95
7819          1.00         0.00         0.00         0.00         0.00         0.00         0.00         0.00         0.00         0.00         0.00        18.65         38.90       861.38       159.12     1,020.50        19.65     1,000.85
7542          1.00         0.00         0.00         0.00         0.00         0.00         0.00         0.00         0.00         0.00         0.00        20.54         48.58       871.38       168.80     1,040.18        21.54     1,018.64
7756          1.00         0.00         0.00         0.00         0.00         0.00         0.00         0.00         0.00         0.00         0.00        18.65         38.90       861.38       159.12     1,020.50        19.65     1,000.85
7759          1.00         0.00         0.00         0.00         0.00         0.00       104.13         0.00         0.00         0.00         0.00        17.85         57.12       813.66       190.96     1,004.62       122.98       881.64
3780          1.00         0.00         0.00         0.00         0.00         0.00         0.00         0.00         0.00        70.56         0.00        36.26          0.00     1,705.60       350.29     2,055.89       107.82     1,948.07
6205          1.00         0.00         0.00         0.00         0.00         0.00         0.00         0.00         0.00         0.00         0.00        25.37         45.34       964.06       210.52     1,174.58        26.37     1,148.21

















































EJECUTIVOS EN SERVICIOS DE ALIMENTOS, S.A. DE C.V.                                                                      Pagina: 0003
R.F.C.:                                                                                                                    5/NOV/19
REPORTE DE SUELDOS SEMANALES DEDUCCIONES


 
Codigo Desc Vales   Desc Zapatos Otras Deducc Desc Fonacot Pension Alim Desc Infonav Faltas       Inca Enferme Inca Riesgo  ISPT         Ajus ISPT    IMSS          Sub P/Empleo Tot Per Grav Tot Per Exce Total Percep Total Deducc Neto Pagado
..........................................................................................................................................................................................................................................
5027          1.00         0.00         0.00         0.00         0.00         0.00         0.00         0.00         0.00         0.00        68.00        28.96         97.94     1,230.04       240.98     1,471.02        97.96     1,373.06
7791          1.00         0.00         0.00         0.00         0.00         0.00         0.00         0.00         0.00         0.00         0.00        21.46         37.55       882.51       168.89     1,051.40        22.46     1,028.94
7818          1.00         0.00         0.00         0.00         0.00         0.00         0.00         0.00         0.00         0.00         0.00        22.19         29.78     1,004.04       172.82     1,176.86        23.19     1,153.67
7815          1.00         0.00         0.00         0.00         0.00         0.00         0.00         0.00         0.00         0.00         0.00        18.65         38.90       861.38       159.12     1,020.50        19.65     1,000.85
7838          1.00         0.00         0.00         0.00         0.00         0.00         0.00         0.00         0.00         0.00         0.00         9.51          4.38       472.36        85.56       557.92        10.51       547.41
7798          1.00         0.00         0.00         0.00         0.00       108.00         0.00         0.00         0.00        30.85         0.00        32.46          0.00     1,427.46       271.90     1,699.36       172.31     1,527.05
6839          1.00         0.00         0.00         0.00         0.00         0.00         0.00         0.00         0.00         0.00         0.00        23.14         23.60       927.01       199.44     1,126.45        24.14     1,102.31
5646          1.00         0.00         0.00         0.00         0.00         0.00         0.00         0.00         0.00         0.00         0.00        23.34         23.60       927.01       243.94     1,170.95        24.34     1,146.61
7750          1.00         0.00         0.00         0.00         0.00         0.00         0.00         0.00         0.00         0.00         0.00        21.54         35.01       871.38       199.73     1,071.11        22.54     1,048.57
7708          1.00         0.00         0.00         0.00         0.00         0.00         0.00         0.00         0.00         0.00         0.00        20.08         36.13       904.76       189.72     1,094.48        21.08     1,073.40
7833          1.00         0.00         0.00         0.00         0.00         0.00       249.20         0.00         0.00         0.00         0.00        14.72         54.64       730.02       126.77       856.79       264.92       591.87
6978          1.00         0.00         0.00         0.00         0.00         0.00         0.00         0.00         0.00         0.00         0.00        26.06         38.26       871.38       158.48     1,029.86        27.06     1,002.80
5679          1.00         0.00         0.00         0.00         0.00         0.00         0.00         0.00         0.00        87.69         0.00        36.82          0.00     1,337.27       371.31     1,708.58       125.51     1,583.07
7530          1.00         0.00         0.00         0.00         0.00         0.00         0.00         0.00         0.00         0.00         0.00        22.83         44.95       904.76       198.54     1,103.30        23.83     1,079.47
6028          1.00         0.00         0.00         0.00         0.00       399.30         0.00         0.00         0.00        42.89         0.00        33.15          0.00     1,451.23       362.07     1,813.30       476.34     1,336.96
6565          1.00         0.00         0.00         0.00         0.00         0.00         0.00         0.00         0.00         0.00         0.00        25.44         48.58       871.38       168.80     1,040.18        26.44     1,013.74
7731          1.00         0.00         0.00         0.00         0.00         0.00         0.00         0.00         0.00         0.00         0.00        22.01         51.64       861.38       171.86     1,033.24        23.01     1,010.23
7753          1.00         0.00         0.00         0.00         0.00         0.00         0.00         0.00         0.00         0.00         0.00        27.40         34.15     1,004.04       177.19     1,181.23        28.40     1,152.83
3676          1.00         0.00         0.00         0.00         0.00         0.00         0.00         0.00         0.00       128.91         0.00        45.80          0.00     1,705.19       328.59     2,033.78       175.71     1,858.07
7822          1.00         0.00         0.00         0.00         0.00         0.00         0.00         0.00         0.00         0.00         0.00        18.65         38.27       871.38       158.49     1,029.87        19.65     1,010.22
3221          1.00         0.00         0.00         0.00         0.00         0.00         0.00         0.00         0.00        80.97         0.00        35.58          0.00     1,801.24       309.54     2,110.78       117.55     1,993.23
7741          1.00         0.00         0.00         0.00         0.00         0.00         0.00         0.00         0.00         0.00         0.00        19.84         38.90       861.38       159.12     1,020.50        20.84       999.66
7779          1.00         0.00         0.00         0.00         0.00         0.00         0.00         0.00         0.00         0.00         0.00        26.83          9.58     1,119.91       194.04     1,313.95        27.83     1,286.12
7269          1.00         0.00         0.00         0.00         0.00         0.00         0.00         0.00         0.00         0.00         0.00        26.04         50.54       871.38       170.76     1,042.14        27.04     1,015.10
2522          1.00         0.00         0.00         0.00         0.00         0.00         0.00         0.00         0.00         0.00         0.00        27.07         37.09       977.07       307.49     1,284.56        28.07     1,256.49
5506          1.00         0.00         0.00         0.00         0.00       224.80         0.00         0.00         0.00         0.00         0.00        29.23          6.41     1,149.06       220.02     1,369.08       255.03     1,114.05
0236          1.00         0.00         0.00         0.00         0.00       523.01         0.00         0.00         0.00       890.15         0.00        64.96          0.00     6,618.89       446.07     7,064.96     1,479.12     5,585.84
7080          1.00         0.00        10.00         0.00         0.00         0.00         0.00         0.00         0.00       116.14         0.00        36.62          0.00     1,587.87       330.80     1,918.67       163.76     1,754.91
5965          1.00         0.00         0.00         0.00         0.00         0.00         0.00         0.00         0.00         0.00         0.00        26.71         17.70     1,173.33       222.95     1,396.28        27.71     1,368.57
5447          1.00         0.00         0.00         0.00         0.00         0.00         0.00         0.00         0.00         0.00         0.00        26.47         34.15     1,004.04       368.77     1,372.81        27.47     1,345.34
7723          1.00         0.00         0.00         0.00         0.00         0.00         0.00         0.00         0.00         0.00         0.00        25.72         38.26       871.38       202.98     1,074.36        26.72     1,047.64
6685          1.00         0.00         0.00         0.00         0.00         0.00         0.00         0.00         0.00         0.00         0.00        23.34         28.16     1,038.26       248.50     1,286.76        24.34     1,262.42
5549          1.00         0.00         0.00         0.00         0.00         0.00         0.00         0.00         0.00         0.00         0.00        27.57         38.27       871.38       202.99     1,074.37        28.57     1,045.80
0854          1.00         0.00         0.00         0.00         0.00       326.19         0.00         0.00         0.00         0.00         0.00        37.67         68.82     1,497.60       584.43     2,082.03       364.86     1,717.17
7295          1.00         0.00         0.00         0.00         0.00         0.00         0.00         0.00         0.00         0.00         0.00        23.12         28.74       871.38       148.96     1,020.34        24.12       996.22
6832          1.00         0.00         0.00         0.00         0.00         0.00         0.00         0.00         0.00         0.00         0.00        23.52         47.53       899.19       195.56     1,094.75        24.52     1,070.23
4807          1.00         0.00         0.00         0.00         0.00         0.00         0.00         0.00         0.00     2,358.86         0.00       141.50          0.00    12,422.17       564.20    12,986.37     2,501.36    10,485.01
6821          1.00         0.00         0.00         0.00         0.00         0.00         0.00         0.00         0.00       356.85         0.00        26.75          0.00     5,485.57       161.53     5,647.10       384.60     5,262.50
3169          1.00         0.00         0.00         0.00         0.00         0.00         0.00         0.00         0.00         0.00         0.00        26.46         50.54       871.38       170.76     1,042.14        27.46     1,014.68
4514          1.00         0.00         0.00         0.00         0.00       555.40         0.00         0.00         0.00         0.00         0.00        54.04          0.00     5,717.65       328.59     6,046.24       610.44     5,435.80
7814          1.00         0.00         0.00         0.00         0.00         0.00         0.00         0.00         0.00         0.00         0.00        22.19         21.76     1,004.04       164.80     1,168.84        23.19     1,145.65
7104          1.00         0.00         0.00         0.00         0.00         0.00         0.00         0.00         0.00         0.00         0.00        30.64         21.57     1,004.04       164.61     1,168.65        31.64     1,137.01
7754          1.00         0.00         0.00         0.00         0.00         0.00         0.00         0.00         0.00         0.00         0.00        20.07         22.08     1,138.38       209.05     1,347.43        21.07     1,326.36

















































EJECUTIVOS EN SERVICIOS DE ALIMENTOS, S.A. DE C.V.                                                                      Pagina: 0004
R.F.C.:                                                                                                                    5/NOV/19
REPORTE DE SUELDOS SEMANALES DEDUCCIONES


 
Codigo Desc Vales   Desc Zapatos Otras Deducc Desc Fonacot Pension Alim Desc Infonav Faltas       Inca Enferme Inca Riesgo  ISPT         Ajus ISPT    IMSS          Sub P/Empleo Tot Per Grav Tot Per Exce Total Percep Total Deducc Neto Pagado
..........................................................................................................................................................................................................................................
7717          1.00         0.00         0.00         0.00         0.00         0.00         0.00         0.00         0.00        42.41         0.00        33.55          0.00     1,446.77       236.73     1,683.50        76.96     1,606.54
6014          1.00         0.00         0.00         0.00         0.00         0.00         0.00         0.00         0.00         0.98         0.00        32.18          0.00     1,217.05       248.97     1,466.02        34.16     1,431.86
7775          1.00         0.00         0.00         0.00         0.00         0.00         0.00         0.00         0.00         0.00         0.00        22.22         38.91       861.38       159.13     1,020.51        23.22       997.29
7783          1.00         0.00         0.00         0.00         0.00         0.00         0.00         0.00         0.00        30.93         0.00        26.64          0.00     1,341.27       279.34     1,620.61        58.57     1,562.04
7551          1.00         0.00         0.00         0.00         0.00         0.00         0.00         0.00         0.00         0.00         0.00        31.12          1.97     1,125.86       122.19     1,248.05        32.12     1,215.93
7715          1.00         0.00         0.00         0.00         0.00         0.00         0.00         0.00         0.00         0.00         0.00        24.96         50.54       871.38       215.26     1,086.64        25.96     1,060.68
6985          0.00         0.00         0.00         0.00         0.00         0.00         0.00         0.00         0.00         0.00         0.00         0.00          0.00         0.00         0.00         0.00         0.00         0.00
3827          1.00         0.00         0.00         0.00         0.00         0.00         0.00         0.00         0.00         0.00         0.00        31.47         14.78     1,073.23       328.60     1,401.83        32.47     1,369.36
5412          1.00         0.00         0.00         0.00         0.00         0.00         0.00         0.00         0.00         0.00         0.00        22.88         38.90       861.38       159.12     1,020.50        23.88       996.62
4504          1.00         0.00         0.00         0.00         0.00         0.00         0.00         0.00         0.00       193.63         0.00        57.97          0.00     2,199.89       318.38     2,518.27       252.60     2,265.67
7395          1.00         0.00         0.00         0.00         0.00         0.00         0.00         0.00         0.00         0.00         0.00        25.75         25.93     1,064.18       272.22     1,336.40        26.75     1,309.65
0214          1.00         0.00         0.00         0.00         0.00         0.00         0.00         0.00         0.00     2,412.09         0.00       133.30          0.00    12,685.40       564.20    13,249.60     2,546.39    10,703.21
6321          1.00         0.00         0.00         0.00         0.00         0.00         0.00         0.00         0.00         0.00         0.00        24.68         41.75       934.17       172.01     1,106.18        25.68     1,080.50
5232          1.00         0.00         0.00         0.00         0.00         0.00         0.00         0.00         0.00         0.00        35.00        34.31         58.38     1,104.04       201.42     1,305.46        70.31     1,235.15
4958          1.00         0.00         0.00         0.00         0.00         0.00         0.00         0.00         0.00         0.00         0.00        23.14         48.58       871.38       168.80     1,040.18        24.14     1,016.04
3979          1.00         0.00         0.00         0.00         0.00         0.00         0.00         0.00         0.00     2,472.25         0.00       127.89          0.00    12,967.01       635.90    13,602.91     2,601.14    11,001.77
0442          1.00         0.00         0.00         0.00         0.00         0.00         0.00         0.00         0.00        98.92         0.00        39.57          0.00     1,451.47       276.89     1,728.36       139.49     1,588.87
7699          1.00         0.00         0.00         0.00         0.00         0.00       104.13         0.00         0.00         0.00         0.00        22.74         51.47       780.28       151.94       932.22       127.87       804.35
7330          0.00         0.00         0.00         0.00         0.00         0.00         0.00         0.00         0.00         0.00         0.00         0.00          0.00         0.00         0.00         0.00         0.00         0.00
7719          1.00         0.00         0.00         0.00         0.00         0.00         0.00         0.00         0.00         0.00         0.00        20.06         48.58       871.38       168.80     1,040.18        21.06     1,019.12
7421          1.00         0.00         0.00         0.00         0.00         0.00         0.00         0.00         0.00         0.00         0.00        24.46         44.83       904.76       198.42     1,103.18        25.46     1,077.72
7776          1.00         0.00         0.00         0.00         0.00         0.00         0.00         0.00         0.00         0.00         0.00        19.78         38.90       861.38       159.12     1,020.50        20.78       999.72
7823          1.00         0.00         0.00         0.00         0.00         0.00       312.39         0.00         0.00         0.00         0.00        12.76         61.54       717.37       121.82       839.19       326.15       513.04
7298          1.00         0.00         0.00         0.00         0.00         0.00         0.00         0.00         0.00       610.74         0.00        36.05          0.00     6,105.37       287.44     6,392.81       647.79     5,745.02
7758          1.00         0.00         0.00         0.00         0.00         0.00         0.00         0.00         0.00         0.00         0.00        20.38         48.58       871.38       168.80     1,040.18        21.38     1,018.80
5396          1.00         0.00         0.00         0.00         0.00         0.00         0.00         0.00         0.00         0.00         0.00        30.00         37.69       971.51       302.53     1,274.04        31.00     1,243.04
5704          1.00         0.00         0.00         0.00         0.00         0.00         0.00         0.00         0.00        63.70         0.00        39.18          0.00     1,468.55       322.72     1,791.27       103.88     1,687.39
7503          1.00         0.00         0.00         0.00         0.00         0.00         0.00         0.00         0.00         0.00         0.00        26.13         26.91     1,053.06       281.09     1,334.15        27.13     1,307.02
7588          1.00         0.00         0.00         0.00         0.00         0.00         0.00         0.00         0.00         0.00         0.00        30.36         48.58       871.38       168.80     1,040.18        31.36     1,008.82
7821          1.00         0.00         0.00         0.00         0.00         0.00         0.00         0.00         0.00         0.00         0.00        22.19         29.14     1,014.04       172.18     1,186.22        23.19     1,163.03
5588          1.00         0.00       300.00         0.00         0.00         0.00         0.00         0.00         0.00         0.00         0.00        25.44         24.73     1,082.75       189.45     1,272.20       326.44       945.76
6203          1.00         0.00         0.00         0.00         0.00         0.00         0.00         0.00         0.00         0.00         0.00        23.45          2.86     1,119.81       238.02     1,357.83        24.45     1,333.38
6582          1.00         0.00         0.00         0.00         0.00         0.00         0.00         0.00         0.00         0.00         0.00        21.99         35.63       861.38       155.85     1,017.23        22.99       994.24
7392          1.00         0.00         0.00         0.00         0.00         0.00         0.00         0.00         0.00         0.00         0.00        20.58         33.27       949.26       275.86     1,225.12        21.58     1,203.54
7226          1.00         0.00         0.00         0.00         0.00         0.00         0.00         0.00         0.00        22.36         0.00        32.49          0.00     1,414.54       243.16     1,657.70        55.85     1,601.85
7664          1.00         0.00         0.00         0.00         0.00         0.00         0.00         0.00         0.00         0.00         0.00        23.59         50.54       871.38       170.76     1,042.14        24.59     1,017.55
7766          1.00         0.00         0.00         0.00         0.00       357.28         0.00         0.00         0.00         0.00         0.00        19.83         38.90       861.38       159.12     1,020.50       378.11       642.39
3326          1.00         0.00         0.00         0.00         0.00       352.72         0.00         0.00         0.00         0.00         0.00        50.27          0.00     3,987.16       209.19     4,196.35       403.99     3,792.36
0449          1.00         0.00       250.00         0.00         0.00       386.21         0.00         0.00         0.00         0.00         0.00        40.57          1.17     1,198.39       135.31     1,333.70       677.78       655.92
6934          1.00         0.00         0.00         0.00         0.00         0.00         0.00         0.00         0.00       342.85         0.00        84.50          0.00     2,999.45       460.71     3,460.16       428.35     3,031.81
7770          1.00         0.00         0.00         0.00         0.00         0.00         0.00         0.00         0.00         0.00         0.00        24.94         49.77       871.38       169.99     1,041.37        25.94     1,015.43
7137          1.00         0.00         0.00         0.00         0.00         0.00         0.00         0.00         0.00        49.60         0.00        37.28          0.00     1,512.90       195.11     1,708.01        87.88     1,620.13
6682          1.00         0.00         0.00         0.00         0.00         0.00       124.60         0.00         0.00         0.00         0.00        17.70         50.20       765.70       146.37       912.07       143.30       768.77

















































EJECUTIVOS EN SERVICIOS DE ALIMENTOS, S.A. DE C.V.                                                                      Pagina: 0005
R.F.C.:                                                                                                                    5/NOV/19
REPORTE DE SUELDOS SEMANALES DEDUCCIONES


 
Codigo Desc Vales   Desc Zapatos Otras Deducc Desc Fonacot Pension Alim Desc Infonav Faltas       Inca Enferme Inca Riesgo  ISPT         Ajus ISPT    IMSS          Sub P/Empleo Tot Per Grav Tot Per Exce Total Percep Total Deducc Neto Pagado
..........................................................................................................................................................................................................................................
1269          1.00         0.00         0.00         0.00         0.00         0.00         0.00         0.00         0.00         0.00         0.00        19.98         38.90       861.38       159.12     1,020.50        20.98       999.52
6006          1.00         0.00         0.00         0.00         0.00         0.00         0.00         0.00         0.00         0.00         0.00        18.65         45.63       861.38       165.85     1,027.23        19.65     1,007.58
6918          1.00         0.00         0.00         0.00         0.00         0.00       124.60         0.00         0.00         0.00         0.00        18.54         60.96       765.70       157.13       922.83       144.14       778.69
1419          1.00         0.00         0.00         0.00         0.00       268.68         0.00         0.00         0.00        54.61         0.00        48.52          0.00     5,672.80       310.59     5,983.39       372.81     5,610.58
7545          1.00         0.00         0.00       275.78         0.00         0.00         0.00         0.00         0.00        36.35         0.00        41.75          0.00     1,478.12       399.82     1,877.94       354.88     1,523.06
3525          1.00         0.00         0.00         0.00         0.00         0.00         0.00         0.00         0.00        79.48         0.00        32.30          0.00     1,746.57       286.48     2,033.05       112.78     1,920.27
7813          0.00         0.00         0.00         0.00         0.00         0.00         0.00         0.00         0.00         0.00         0.00         0.00          0.00         0.00         0.00         0.00         0.00         0.00
6885          1.00         0.00         0.00         0.00         0.00         0.00         0.00         0.00         0.00         0.00         0.00        27.41         21.95     1,116.14       297.91     1,414.05        28.41     1,385.64
4775          1.00         0.00         0.00         0.00         0.00         0.00         0.00         0.00         0.00         0.00         0.00        20.17         22.39       938.13       253.86     1,191.99        21.17     1,170.82
7528          1.00         0.00         0.00         0.00         0.00         0.00         0.00         0.00         0.00         0.00         0.00        23.70         16.10     1,041.94       259.15     1,301.09        24.70     1,276.39
4832          1.00         0.00         0.00         0.00         0.00         0.00         0.00         0.00         0.00         0.00         0.00        27.40         51.27       871.38       171.49     1,042.87        28.40     1,014.47
7836          1.00         0.00         0.00         0.00         0.00         0.00         0.00         0.00         0.00         0.00         0.00        13.32         27.75       615.73       141.49       757.22        14.32       742.90
7824          1.00         0.00         0.00         0.00         0.00         0.00         0.00         0.00         0.00         0.00         0.00        18.65         29.72     1,004.88       183.31     1,188.19        19.65     1,168.54
3321          1.00         0.00         0.00         0.00         0.00         0.00         0.00         0.00         0.00       640.66         0.00        81.41          0.00     5,361.12       350.54     5,711.66       723.07     4,988.59
7831          1.00         0.00         0.00         0.00         0.00         0.00         0.00         0.00         0.00         0.00         0.00        20.95         49.57       954.06       184.61     1,138.67        21.95     1,116.72
2112          1.00         0.00         0.00         0.00         0.00         0.00         0.00         0.00         0.00         0.00         0.00        23.17         36.13       904.76       189.72     1,094.48        24.17     1,070.31
0624          1.00         0.00         0.00         0.00         0.00         0.00         0.00         0.00         0.00       696.40         0.00        64.21          0.00     5,027.99     1,042.05     6,070.04       761.61     5,308.43
6877          1.00         0.00       200.00       116.15         0.00         0.00         0.00         0.00         0.00         0.00         0.00        29.08         18.37     1,080.76       173.69     1,254.45       346.23       908.22
4385          1.00         0.00         0.00         0.00         0.00         0.00         0.00         0.00         0.00        18.97         0.00        32.83          0.00     1,318.33       169.33     1,487.66        52.80     1,434.86
7378          1.00         0.00         0.00         0.00         0.00         0.00       104.13         0.00         0.00         0.00         0.00        16.69         52.78       780.28       197.75       978.03       121.82       856.21
0366          1.00         0.00         0.00         0.00         0.00         0.00         0.00         0.00         0.00       343.09         0.00        84.82          0.00     3,000.58       462.49     3,463.07       428.91     3,034.16
7755          1.00         0.00         0.00         0.00         0.00         0.00         0.00         0.00         0.00         0.00         0.00        18.65         38.90       861.38       159.12     1,020.50        19.65     1,000.85
6206          1.00         0.00         0.00         0.00         0.00         0.00         0.00         0.00         0.00         3.29         0.00        37.14          0.00     1,348.21       292.69     1,640.90        41.43     1,599.47
7835          1.00         0.00         0.00         0.00         0.00         0.00         0.00         0.00         0.00         0.00         0.00        20.95         32.97       954.06       168.01     1,122.07        21.95     1,100.12
4366          1.00         0.00         0.00         0.00         0.00         0.00         0.00         0.00         0.00         0.00         0.00        22.19         29.13     1,014.04       172.17     1,186.21        23.19     1,163.02
7618          1.00         0.00         0.00         0.00         0.00         0.00         0.00         0.00         0.00         0.00         0.00        22.90         43.60       928.13       230.57     1,158.70        23.90     1,134.80
 
*** GLO     193.00         0.00     1,210.00       754.03         0.00     7,016.13     2,785.86       124.60         0.00    18,726.07       103.00     6,013.03      4,967.37   305,838.23                351,426.81    36,925.72   314,501.09
  































































