EJECUTIVOS EN SERVICIOS DE ALIMENTOS, S.A. DE C.V.                                                                      Pagina: 0001
R.F.C.:                                                                                                                    5/NOV/19
REPORTE DE SUELDOS SEMANALES DEDUCCIONES


 
Codigo Desc Vales   Desc Zapatos Otras Deducc Desc Fonacot Pension Alim Desc Infonav Faltas       Inca Enferme Inca Riesgo  ISPT         Ajus ISPT    IMSS          Sub P/Empleo Tot Per Grav Tot Per Exce Total Percep Total Deducc Neto Pagado
..........................................................................................................................................................................................................................................
7505          1.00         0.00         0.00         0.00         0.00         0.00         0.00         0.00         0.00        29.10         0.00        20.63          0.00     1,460.38       209.22     1,669.60        50.73     1,618.87
7335          0.00         0.00         0.00         0.00         0.00         0.00       249.20         0.00         0.00         0.00         0.00        14.72         60.26       802.15        60.26       862.41       263.92       598.49
6600          1.00         0.00         0.00         0.00         0.00         0.00         0.00         0.00         0.00         0.00         0.00        21.60         36.06       905.88       200.78     1,106.66        22.60     1,084.06
7515          1.00         0.00         0.00         0.00         0.00         0.00         0.00         0.00         0.00         0.00         0.00        20.53         32.56       960.38       241.78     1,202.16        21.53     1,180.63
5933          1.00         0.00         0.00         0.00         0.00         0.00         0.00         0.00         0.00         0.00         0.00        20.45         26.16     1,060.51       268.75     1,329.26        21.45     1,307.81
7170          1.00         0.00         0.00         0.00         0.00         0.00         0.00         0.00         0.00        45.49         0.00        24.38          0.00     1,460.38       209.22     1,669.60        70.87     1,598.73
5618          1.00         0.00         0.00         0.00         0.00         0.00         0.00         0.00         0.00         0.00         0.00        18.65         32.50       961.51       252.84     1,214.35        19.65     1,194.70
3890          1.00         0.00         0.00         0.00         0.00         0.00         0.00         0.00         0.00       166.09         0.00        52.69          0.00     2,027.79       306.84     2,334.63       219.78     2,114.85
7526          1.00         0.00        10.00         0.00         0.00         0.00         0.00         0.00         0.00        30.59         0.00        24.36          0.00     1,460.38       209.22     1,669.60        65.95     1,603.65
3652          1.00         0.00         0.00         0.00         0.00       383.82         0.00         0.00         0.00       163.15         0.00        53.96          0.00     2,019.99       433.28     2,453.27       601.93     1,851.34
2530          1.00         0.00         0.00         0.00         0.00       169.29         0.00         0.00         0.00         0.00         0.00        19.82         38.91       861.38       159.13     1,020.51       190.11       830.40
1123          1.00         0.00         0.00         0.00         0.00         0.00         0.00         0.00         0.00       262.10         0.00        30.37          0.00     2,305.84       506.92     2,812.76       293.47     2,519.29
7593          1.00         0.00         0.00         0.00         0.00         0.00         0.00         0.00         0.00         0.00         0.00        18.65         39.27       871.38       203.99     1,075.37        19.65     1,055.72
7580          1.00         0.00         0.00         0.00         0.00         0.00       124.60         0.00         0.00         0.00         0.00        16.69         50.20       765.70       146.37       912.07       142.29       769.78
7458          1.00         0.00         0.00         0.00         0.00         0.00         0.00         0.00         0.00        49.01         0.00        23.16          0.00     1,460.38       209.22     1,669.60        73.17     1,596.43
6104          1.00         0.00         0.00         0.00         0.00         0.00         0.00         0.00         0.00         0.00         0.00        27.98         32.56       960.38       241.78     1,202.16        28.98     1,173.18
7005          1.00         0.00         0.00         0.00         0.00         0.00         0.00         0.00         0.00        26.53         0.00        22.71          0.00     1,404.76       198.09     1,602.85        50.24     1,552.61
7259          1.00         0.00         0.00         0.00         0.00         0.00       104.13         0.00         0.00         0.00         0.00        18.86         46.98       813.66       180.82       994.48       123.99       870.49
7276          1.00         0.00         0.00         0.00         0.00         0.00         0.00         0.00         0.00         0.00         0.00        25.65         17.82     1,108.09       332.14     1,440.23        26.65     1,413.58
7312          1.00         0.00         0.00         0.00         0.00         0.00         0.00         0.00         0.00        20.25         0.00        21.10          0.00     1,371.38       120.22     1,491.60        42.35     1,449.25
7338          1.00         0.00         0.00         0.00         0.00         0.00         0.00         0.00         0.00         0.00         0.00        22.73         32.57       960.38       241.79     1,202.17        23.73     1,178.44
7581          1.00         0.00         0.00         0.00         0.00         0.00         0.00         0.00         0.00         0.00         0.00        18.65         32.57       960.38       241.79     1,202.17        19.65     1,182.52
5677          1.00         0.00         0.00         0.00         0.00         0.00         0.00         0.00         0.00        24.64         0.00        28.76          0.00     1,370.42       454.22     1,824.64        54.40     1,770.24
6210          1.00         0.00       150.00         0.00         0.00         0.00         0.00         0.00         0.00        29.42         0.00        25.40          0.00     1,438.13       186.97     1,625.10       205.82     1,419.28
0849          1.00         0.00         0.00         0.00         0.00         0.00         0.00         0.00         0.00         1.36         0.00        25.48          0.00     1,177.70       255.16     1,432.86        27.84     1,405.02
7536          1.00         0.00         0.00         0.00         0.00         0.00         0.00         0.00         0.00         0.00         0.00        19.83         38.91       861.38       159.13     1,020.51        20.83       999.68
7538          1.00         0.00         0.00         0.00         0.00         0.00         0.00         0.00         0.00         0.00         0.00        20.43         36.99       899.19       229.52     1,128.71        21.43     1,107.28
7430          1.00         0.00         0.00         0.00         0.00         0.00         0.00         0.00         0.00       189.86         0.00        49.65          0.00     1,804.95       534.42     2,339.37       240.51     2,098.86
5181          1.00         0.00         0.00         0.00         0.00         0.00         0.00         0.00         0.00         0.00         0.00        21.11         32.57       960.38       241.79     1,202.17        22.11     1,180.06
7057          1.00         0.00         0.00         0.00         0.00         0.00         0.00         0.00         0.00        19.61         0.00        25.05          0.00     1,361.38       120.22     1,481.60        45.66     1,435.94
5558          1.00         0.00         0.00         0.00         0.00         0.00         0.00         0.00         0.00        32.98         0.00        23.86          0.00     1,472.63       231.47     1,704.10        57.84     1,646.26
4746          1.00         0.00         0.00         0.00         0.00       338.00         0.00         0.00         0.00         0.64         0.00        31.06          0.00     1,236.79       180.28     1,417.07       370.70     1,046.37
7573          1.00         0.00         0.00         0.00         0.00         0.00         0.00         0.00         0.00         0.00         0.00        18.65         33.21       950.38       242.43     1,192.81        19.65     1,173.16
7516          1.00         0.00         0.00         0.00         0.00         0.00         0.00         0.00         0.00         0.00         0.00        21.43         38.26       871.38       202.98     1,074.36        22.43     1,051.93
7407          1.00         0.00         0.00         0.00         0.00         0.00         0.00         0.00         0.00         0.00         0.00        24.24         38.27       871.38       202.99     1,074.37        25.24     1,049.13
2107          1.00         0.00         0.00         0.00         0.00       334.63         0.00         0.00         0.00        26.36         0.00        36.92          0.00     1,386.26       262.25     1,648.51       398.91     1,249.60
1424          1.00         0.00         0.00         0.00         0.00       458.35         0.00         0.00         0.00       319.52         0.00        94.69          0.00     2,890.24       619.86     3,510.10       873.56     2,636.54
5280          1.00         0.00         0.00       316.08         0.00       433.73         0.00         0.00         0.00       152.33         0.00        51.82          0.00     1,920.48       289.67     2,210.15       954.96     1,255.19
6472          1.00         0.00         0.00         0.00         0.00     1,224.02         0.00         0.00         0.00       643.29         0.00       114.19          0.00     4,406.00     1,227.57     5,633.57     1,982.50     3,651.07
6461          1.00         0.00       200.00         0.00         0.00         0.00         0.00         0.00         0.00        17.59         0.00        26.26          0.00     1,305.62       404.63     1,710.25       244.85     1,465.40
6765          1.00         0.00         0.00         0.00         0.00         0.00       146.75         0.00         0.00         0.00         0.00        26.69         26.31     1,135.91       176.97     1,312.88       174.44     1,138.44
7012          1.00         0.00         0.00         0.00         0.00         0.00         0.00         0.00         0.00         0.00         0.00        21.57         32.58       960.38       241.80     1,202.18        22.57     1,179.61
5000          1.00         0.00         0.00         0.00         0.00         0.00         0.00         0.00         0.00         0.00         0.00        27.47          1.85     1,207.35       273.76     1,481.11        28.47     1,452.64

















































EJECUTIVOS EN SERVICIOS DE ALIMENTOS, S.A. DE C.V.                                                                      Pagina: 0002
R.F.C.:                                                                                                                    5/NOV/19
REPORTE DE SUELDOS SEMANALES DEDUCCIONES


 
Codigo Desc Vales   Desc Zapatos Otras Deducc Desc Fonacot Pension Alim Desc Infonav Faltas       Inca Enferme Inca Riesgo  ISPT         Ajus ISPT    IMSS          Sub P/Empleo Tot Per Grav Tot Per Exce Total Percep Total Deducc Neto Pagado
..........................................................................................................................................................................................................................................
7586          1.00         0.00         0.00         0.00         0.00         0.00         0.00         0.00         0.00         0.00         0.00        18.65         32.57       960.38       241.79     1,202.17        19.65     1,182.52
7206          1.00         0.00         0.00         0.00         0.00         0.00         0.00         0.00         0.00         0.00         0.00        19.93         38.91       861.38       159.13     1,020.51        20.93       999.58
5644          0.00         0.00         0.00         0.00         0.00         0.00         0.00         0.00         0.00         0.00         0.00         0.00          0.00         0.00         0.00         0.00         0.00         0.00
7519          1.00         0.00         0.00         0.00         0.00         0.00         0.00         0.00         0.00        29.10         0.00        21.85          0.00     1,460.38       209.22     1,669.60        51.95     1,617.65
7582          1.00         0.00         0.00         0.00         0.00         0.00         0.00         0.00         0.00         0.00         0.00        18.65         38.91       861.38       159.13     1,020.51        19.65     1,000.86
7292          1.00         0.00         0.00         0.00         0.00         0.00         0.00         0.00         0.00         0.00         0.00        20.73         38.91       861.38       159.13     1,020.51        21.73       998.78
6690          1.00         0.00         0.00         0.00         0.00         0.00         0.00         0.00         0.00        35.39         0.00        21.92          0.00     1,494.88       253.72     1,748.60        58.31     1,690.29
0090          1.00         0.00         0.00         0.00         0.00       489.83         0.00         0.00         0.00        29.76         0.00        34.16          0.00     1,417.46       209.19     1,626.65       554.75     1,071.90
7168          1.00         0.00         0.00         0.00         0.00         0.00         0.00         0.00         0.00         0.00         0.00        21.26         26.96       993.76       314.05     1,307.81        22.26     1,285.55
4314          1.00         0.00         0.00         0.00         0.00         0.00         0.00         0.00         0.00       132.06         0.00        51.08          0.00     1,734.22       383.65     2,117.87       184.14     1,933.73
6193          1.00         0.00         0.00         0.00         0.00         0.00         0.00         0.00         0.00         0.00         0.00        26.32          0.06     1,207.35       271.97     1,479.32        27.32     1,452.00
5332          1.00         0.00         0.00         0.00         0.00         0.00         0.00         0.00         0.00         0.00         0.00        19.81         37.48       883.63       179.95     1,063.58        20.81     1,042.77
7485          1.00         0.00         0.00         0.00         0.00         0.00         0.00         0.00         0.00        39.99         0.00        23.11          0.00     1,560.51       242.59     1,803.10        64.10     1,739.00
4287          1.00         0.00         0.00         0.00         0.00         0.00         0.00         0.00         0.00         0.00         0.00        26.19         26.07     1,080.76       181.39     1,262.15        27.19     1,234.96
6427          1.00         0.00         0.00         0.00         0.00         0.00         0.00         0.00         0.00         0.00         0.00        22.15         34.25       934.17       164.51     1,098.68        23.15     1,075.53
6504          1.00         0.00         0.00         0.00         0.00         0.00         0.00         0.00         0.00         0.00         0.00        22.90         38.27       871.38       158.49     1,029.87        23.90     1,005.97
7575          1.00         0.00       200.00         0.00         0.00         0.00         0.00         0.00         0.00         0.00         0.00        18.65          9.99     1,105.88       174.71     1,280.59       219.65     1,060.94
5745          1.00         0.00         0.00         0.00         0.00         0.00         0.00         0.00         0.00         0.00         0.00        20.28         35.41       915.88       200.13     1,116.01        21.28     1,094.73
6849          1.00         0.00         0.00         0.00         0.00         0.00         0.00         0.00         0.00        22.60         0.00        29.52          0.00     1,349.76       342.71     1,692.47        53.12     1,639.35
7061          1.00         0.00         0.00         0.00         0.00         0.00         0.00         0.00         0.00         0.00         0.00        23.32         32.57       960.38       241.79     1,202.17        24.32     1,177.85
0881          1.00         0.00         0.00         0.00         0.00         0.00         0.00         0.00         0.00       329.84         0.00        20.45          0.00     2,853.61       549.58     3,403.19       351.29     3,051.90
6334          1.00         0.00       100.00         0.00         0.00         0.00         0.00         0.00         0.00        16.82         0.00        29.31          0.00     1,385.58       282.31     1,667.89       147.13     1,520.76
2413          1.00         0.00         0.00         0.00         0.00       380.72         0.00         0.00         0.00        22.76         0.00        26.27          0.00     1,353.22       344.21     1,697.43       430.75     1,266.68
7428          1.00         0.00         0.00         0.00         0.00         0.00         0.00         0.00         0.00         0.00         0.00        23.16         32.57       960.38       241.79     1,202.17        24.16     1,178.01
7567          1.00         0.00         0.00         0.00         0.00         0.00         0.00         0.00         0.00         0.00         0.00        20.55         37.48       883.63       179.95     1,063.58        21.55     1,042.03
2897          1.00         0.00         0.00         0.00         0.00         0.00         0.00         0.00         0.00         0.00         0.00        20.73         38.91       861.38       159.13     1,020.51        21.73       998.78
7594          0.00         0.00         0.00         0.00         0.00         0.00       373.80         0.00         0.00         0.00         0.00        10.10         36.82       558.11        36.82       594.93       383.90       211.03
7558          1.00        48.00         0.00         0.00         0.00         0.00         0.00         0.00         0.00         0.00         0.00        26.12         38.27       871.38       202.99     1,074.37        75.12       999.25
6360          1.00         0.00         0.00         0.00         0.00         0.00         0.00         0.00         0.00         0.00         0.00        20.48         45.38       861.38       165.60     1,026.98        21.48     1,005.50
3318          1.00         0.00         0.00         0.00         0.00       501.65         0.00         0.00         0.00       202.33         0.00        54.80          0.00     2,254.30       447.10     2,701.40       759.78     1,941.62
5139          1.00         0.00         0.00         0.00         0.00       760.33         0.00         0.00         0.00       279.00         0.00        69.93          0.00     2,688.09       343.88     3,031.97     1,110.26     1,921.71
6083          1.00         0.00         0.00         0.00         0.00         0.00         0.00         0.00         0.00         0.00         0.00        23.01         12.70     1,067.67       320.96     1,388.63        24.01     1,364.62
6766          1.00         0.00         0.00         0.00         0.00         0.00         0.00         0.00         0.00         6.90         0.00        30.73          0.00     1,207.35       271.91     1,479.26        38.63     1,440.63
4137          1.00         0.00         0.00         0.00         0.00         0.00         0.00         0.00         0.00       318.64         0.00       101.47          0.00     2,886.12       442.57     3,328.69       421.11     2,907.58
7542          1.00         0.00         0.00         0.00         0.00         0.00         0.00         0.00         0.00         0.00         0.00        20.59         32.57       960.38       241.79     1,202.17        21.59     1,180.58
3780          1.00         0.00         0.00         0.00         0.00         0.00         0.00         0.00         0.00        45.42         0.00        34.85          0.00     1,474.50       256.22     1,730.72        81.27     1,649.45
7571          1.00         0.00         0.00         0.00         0.00         0.00         0.00         0.00         0.00         0.00         0.00        18.65         29.72     1,004.88       283.44     1,288.32        19.65     1,268.67
6205          1.00         0.00         0.00         0.00         0.00         0.00         0.00         0.00         0.00        20.25         0.00        23.39          0.00     1,371.38       164.72     1,536.10        44.64     1,491.46
5027          1.00         0.00         0.00         0.00         0.00         0.00         0.00         0.00         0.00        90.63         0.00        30.19          0.00     1,739.17       219.26     1,958.43       121.82     1,836.61
7245          1.00         0.00         0.00         0.00         0.00         0.00         0.00         0.00         0.00         0.00         0.00        20.06         38.27       871.38       158.49     1,029.87        21.06     1,008.81
6839          1.00         0.00         0.00         0.00         0.00         0.00         0.00         0.00         0.00         0.00         0.00        20.23         35.41       915.88       200.13     1,116.01        21.23     1,094.78
5646          1.00         0.00         0.00         0.00         0.00         0.00         0.00         0.00         0.00         0.00         0.00        20.48         31.15       982.63       262.62     1,245.25        21.48     1,223.77
6978          1.00         0.00         0.00         0.00         0.00         0.00         0.00         0.00         0.00         0.00         0.00        21.55         38.27       871.38       158.49     1,029.87        22.55     1,007.32

















































EJECUTIVOS EN SERVICIOS DE ALIMENTOS, S.A. DE C.V.                                                                      Pagina: 0003
R.F.C.:                                                                                                                    5/NOV/19
REPORTE DE SUELDOS SEMANALES DEDUCCIONES


 
Codigo Desc Vales   Desc Zapatos Otras Deducc Desc Fonacot Pension Alim Desc Infonav Faltas       Inca Enferme Inca Riesgo  ISPT         Ajus ISPT    IMSS          Sub P/Empleo Tot Per Grav Tot Per Exce Total Percep Total Deducc Neto Pagado
..........................................................................................................................................................................................................................................
6658          1.00         0.00         0.00         0.00         0.00       463.40         0.00         0.00         0.00         0.00         0.00        25.04          1.92     1,191.09       225.69     1,416.78       489.44       927.34
4458          1.00         0.00         0.00         0.00         0.00         0.00         0.00         0.00         0.00       116.22         0.00        40.97          0.00     1,588.61       236.57     1,825.18       158.19     1,666.99
7522          1.00         0.00         0.00         0.00         0.00         0.00         0.00         0.00         0.00         0.00         0.00        22.53         28.29     1,027.13       304.26     1,331.39        23.53     1,307.86
7574          1.00         0.00         0.00         0.00         0.00         0.00         0.00         0.00         0.00         0.00         0.00        18.65         38.91       861.38       159.13     1,020.51        19.65     1,000.86
5679          1.00         0.00         0.00         0.00         0.00         0.00         0.00         0.00         0.00        23.38         0.00        30.13          0.00     1,294.92       344.21     1,639.13        54.51     1,584.62
7417          1.00         0.00         0.00         0.00         0.00         0.00         0.00         0.00         0.00         0.00         0.00        21.44         11.03     1,093.88       398.25     1,492.13        22.44     1,469.69
7583          1.00         0.00         0.00         0.00         0.00         0.00         0.00         0.00         0.00         0.00         0.00        18.65         32.58       960.38       241.80     1,202.18        19.65     1,182.53
7530          1.00         0.00         0.00         0.00         0.00         0.00         0.00         0.00         0.00        24.54         0.00        20.17          0.00     1,383.63       142.47     1,526.10        45.71     1,480.39
7239          1.00         0.00         0.00         0.00         0.00         0.00         0.00         0.00         0.00         0.00         0.00        19.82         38.91       861.38       159.13     1,020.51        20.82       999.69
6028          1.00         0.00         0.00         0.00         0.00       400.43         0.00         0.00         0.00         0.00         0.00        26.66         32.10     1,298.50       394.03     1,692.53       428.09     1,264.44
6565          1.00         0.00         0.00         0.00         0.00         0.00         0.00         0.00         0.00         0.00         0.00        22.08         20.37     1,049.38       318.59     1,367.97        23.08     1,344.89
3218          1.00         0.00         0.00         0.00         0.00         0.00         0.00         0.00         0.00         0.00         0.00        23.10         28.55     1,023.17       292.31     1,315.48        24.10     1,291.38
3676          1.00         0.00         0.00         0.00         0.00         0.00         0.00         0.00         0.00        45.15         0.00        34.98          0.00     1,471.97       415.46     1,887.43        81.13     1,806.30
0445          1.00         0.00         0.00         0.00         0.00         0.00         0.00         0.00         0.00         0.00         0.00        27.47          1.85     1,207.42       273.77     1,481.19        28.47     1,452.72
5901          1.00         0.00         0.00         0.00         0.00         0.00         0.00         0.00         0.00         0.00         0.00        22.54         33.21       950.38       269.26     1,219.64        23.54     1,196.10
7269          1.00         0.00         0.00         0.00         0.00         0.00         0.00         0.00         0.00         0.00         0.00        21.43         38.26       871.38       158.48     1,029.86        22.43     1,007.43
2522          1.00         0.00         0.00         0.00         0.00         0.00         0.00         0.00         0.00         0.00         0.00        23.77         31.86       971.51       296.70     1,268.21        24.77     1,243.44
7555          1.00         0.00         0.00         0.00         0.00         0.00         0.00         0.00         0.00         0.00         0.00        21.36         38.91       861.38       159.13     1,020.51        22.36       998.15
0116          1.00         0.00         0.00         0.00         0.00         0.00         0.00         0.00         0.00        53.84         0.00        40.21          0.00     1,551.87       300.35     1,852.22        95.05     1,757.17
5506          1.00         0.00         0.00         0.00         0.00       160.57         0.00         0.00         0.00         0.00         0.00        26.07          5.90     1,153.63       234.08     1,387.71       187.64     1,200.07
0236          1.00         0.00         0.00         0.00         0.00       524.15         0.00         0.00         0.00       162.81         0.00        54.20          0.00     2,007.27       378.67     2,385.94       742.16     1,643.78
7080          1.00         0.00         0.00         0.00         0.00         0.00         0.00         0.00         0.00        72.34         0.00        38.59          0.00     1,634.91       377.84     2,012.75       111.93     1,900.82
5965          1.00         0.00         0.00         0.00         0.00         0.00         0.00         0.00         0.00         6.90         0.00        26.89          0.00     1,207.35       271.91     1,479.26        34.79     1,444.47
7457          1.00         0.00         0.00         0.00         0.00         0.00         0.00         0.00         0.00         0.00         0.00        20.07         32.57       960.38       241.79     1,202.17        21.07     1,181.10
5447          1.00         0.00         0.00         0.00         0.00         0.00         0.00         0.00         0.00         0.00         0.00        20.16         45.40       861.38       165.62     1,027.00        21.16     1,005.84
6685          1.00         0.00         0.00         0.00         0.00         0.00         0.00         0.00         0.00        44.00         0.00        20.71          0.00     1,460.38       209.22     1,669.60        65.71     1,603.89
7489          1.00         0.00         0.00         0.00         0.00         0.00         0.00         0.00         0.00         0.00         0.00        22.04         30.20     1,004.88       283.92     1,288.80        23.04     1,265.76
5549          1.00         0.00         0.00         0.00         0.00         0.00         0.00         0.00         0.00         0.00         0.00        21.11         38.26       871.38       202.98     1,074.36        22.11     1,052.25
7554          1.00         0.00         0.00         0.00         0.00         0.00         0.00         0.00         0.00         0.00         0.00        20.27         32.57       960.38       241.79     1,202.17        21.27     1,180.90
4914          1.00         0.00         0.00         0.00         0.00         0.00       104.13         0.00         0.00         0.00         0.00        16.69         39.27       869.28       228.74     1,098.02       121.82       976.20
6349          1.00         0.00         0.00         0.00         0.00         0.00         0.00         0.00         0.00         0.00         0.00        20.26         44.72       871.38       164.94     1,036.32        21.26     1,015.06
7484          1.00         0.00         0.00         0.00         0.00         0.00         0.00         0.00         0.00         0.00         0.00        20.16         30.43       993.76       273.02     1,266.78        21.16     1,245.62
7592          1.00         0.00       300.00         0.00         0.00         0.00         0.00         0.00         0.00         7.29         0.00        18.65          0.00     1,228.13       186.97     1,415.10       326.94     1,088.16
0854          1.00         0.00         0.00         0.00         0.00       327.32         0.00         0.00         0.00        53.83         0.00        36.20          0.00     1,551.71       274.51     1,826.22       418.35     1,407.87
7295          1.00         0.00         0.00         0.00         0.00         0.00         0.00         0.00         0.00         0.00         0.00        21.30         32.57       960.38       241.79     1,202.17        22.30     1,179.87
6832          1.00         0.00         0.00         0.00         0.00         0.00         0.00         0.00         0.00         0.00         0.00        20.58         38.27       871.38       202.99     1,074.37        21.58     1,052.79
4807          1.00         0.00         0.00         0.00         0.00         0.00         0.00         0.00         0.00       458.43         0.00       125.53          0.00     3,540.55       547.28     4,087.83       584.96     3,502.87
6821          1.00         0.00         0.00         0.00         0.00         0.00         0.00         0.00         0.00         0.00         0.00        26.69          9.74     1,109.91       194.20     1,304.11        27.69     1,276.42
7596          1.00         0.00         0.00         0.00         0.00         0.00         0.00         0.00         0.00         0.00         0.00        10.66         30.20       417.30       145.03       562.33        11.66       550.67
3169          1.00         0.00         0.00         0.00         0.00         0.00         0.00         0.00         0.00         0.00         0.00        21.65         38.27       871.38       158.49     1,029.87        22.65     1,007.22
6944          1.00         0.00         0.00         0.00         0.00         0.00         0.00         0.00         0.00         0.00         0.00        26.98          9.10     1,119.91       251.85     1,371.76        27.98     1,343.78
5737          1.00         0.00         0.00         0.00         0.00         0.00         0.00         0.00         0.00         0.00         0.00        18.65         26.87     1,049.38       369.59     1,418.97        19.65     1,399.32
5902          0.00         0.00         0.00         0.00         0.00         0.00         0.00         0.00         0.00         0.00         0.00         0.00          0.00         0.00         0.00         0.00         0.00         0.00

















































EJECUTIVOS EN SERVICIOS DE ALIMENTOS, S.A. DE C.V.                                                                      Pagina: 0004
R.F.C.:                                                                                                                    5/NOV/19
REPORTE DE SUELDOS SEMANALES DEDUCCIONES


 
Codigo Desc Vales   Desc Zapatos Otras Deducc Desc Fonacot Pension Alim Desc Infonav Faltas       Inca Enferme Inca Riesgo  ISPT         Ajus ISPT    IMSS          Sub P/Empleo Tot Per Grav Tot Per Exce Total Percep Total Deducc Neto Pagado
..........................................................................................................................................................................................................................................
4514          1.00         0.00         0.00         0.00         0.00       318.08         0.00         0.00         0.00         6.96         0.00        30.05          0.00     1,294.92       285.92     1,580.84       356.09     1,224.75
6014          1.00         0.00         0.00         0.00         0.00         0.00         0.00         0.00         0.00         0.00         0.00        25.75          6.41     1,149.06       220.02     1,369.08        26.75     1,342.33
7551          1.00         0.00         0.00         0.00         0.00         0.00         0.00         0.00         0.00         0.00         0.00        18.65         32.57       960.38       241.79     1,202.17        19.65     1,182.52
7590          0.00         0.00         0.00         0.00         0.00         0.00         0.00         0.00         0.00         0.00         0.00        18.65         31.21       981.60        31.21     1,012.81        18.65       994.16
6985          1.00         0.00         0.00         0.00         0.00         0.00         0.00         0.00         0.00       241.37         0.00        69.33          0.00     2,478.06       687.78     3,165.84       311.70     2,854.14
6831          1.00         0.00         0.00         0.00         0.00         0.00         0.00         0.00         0.00         0.00         0.00        20.29         31.78       972.63       263.25     1,235.88        21.29     1,214.59
3827          1.00         0.00         0.00         0.00         0.00         0.00         0.00         0.00         0.00         0.00         0.00        23.61         19.21     1,067.67       327.47     1,395.14        24.61     1,370.53
5412          0.00         0.00         0.00         0.00         0.00         0.00         0.00         0.00         0.00         0.00         0.00         0.00          0.00         0.00         0.00         0.00         0.00         0.00
4504          1.00         0.00         0.00         0.00         0.00         0.00         0.00         0.00         0.00       193.63         0.00        57.61          0.00     2,199.89       318.38     2,518.27       252.24     2,266.03
7395          1.00         0.00         0.00         0.00         0.00         0.00         0.00         0.00         0.00         0.00         0.00        20.53         38.27       871.38       158.49     1,029.87        21.53     1,008.34
0214          1.00         0.00         0.00         0.00         0.00         0.00         0.00         0.00         0.00       480.26         0.00       128.58          0.00     3,642.75       563.64     4,206.39       609.84     3,596.55
7376          1.00         0.00         0.00         0.00         0.00         0.00         0.00         0.00         0.00        57.55         0.00        23.43          0.00     1,593.88       242.59     1,836.47        81.98     1,754.49
7212          1.00         0.00         0.00         0.00         0.00       358.25         0.00         0.00         0.00        20.25         0.00        20.80          0.00     1,371.38       120.22     1,491.60       400.30     1,091.30
6321          1.00         0.00         0.00         0.00         0.00         0.00         0.00         0.00         0.00         0.00         0.00        21.82         34.24       934.17       164.50     1,098.67        22.82     1,075.85
5232          1.00         0.00         0.00         0.00         0.00         0.00         0.00         0.00         0.00         0.00         0.00        22.87         30.76       988.63       251.77     1,240.40        23.87     1,216.53
4958          1.00        48.00         0.00         0.00         0.00         0.00         0.00         0.00         0.00         0.00         0.00        22.72         32.57       960.38       241.79     1,202.17        71.72     1,130.45
3979          1.00         0.00         0.00         0.00         0.00         0.00         0.00         0.00         0.00       394.31         0.00       142.68          0.00     3,240.39       499.26     3,739.65       537.99     3,201.66
0442          1.00         0.00         0.00         0.00         0.00         0.00         0.00         0.00         0.00        24.44         0.00        31.74          0.00     1,368.62       234.60     1,603.22        57.18     1,546.04
7330          0.00         0.00         0.00         0.00         0.00         0.00         0.00         0.00         0.00         0.00         0.00         0.00          0.00         0.00         0.00         0.00         0.00         0.00
7243          1.00         0.00         0.00         0.00         0.00         0.00         0.00         0.00         0.00         0.00         0.00        21.11         45.40       861.38       165.62     1,027.00        22.11     1,004.89
7591          1.00         0.00         0.00         0.00         0.00         0.00         0.00         0.00         0.00         0.00         0.00        18.65         37.83       878.07       174.73     1,052.80        19.65     1,033.15
7397          1.00        48.00         0.00         0.00         0.00         0.00       104.13         0.00         0.00         0.00         0.00        18.90         54.73       780.28       155.20       935.48       172.03       763.45
7421          1.00         0.00         0.00         0.00         0.00         0.00         0.00         0.00         0.00        29.10         0.00        22.63          0.00     1,460.38       209.22     1,669.60        52.73     1,616.87
7595          1.00         0.00         0.00         0.00         0.00         0.00         0.00         0.00         0.00         0.00         0.00        15.99         34.01       727.93       134.48       862.41        16.99       845.42
7298          1.00         0.00         0.00         0.00         0.00         0.00         0.00         0.00         0.00        40.26         0.00        34.24          0.00     1,427.05       210.72     1,637.77        75.50     1,562.27
5396          1.00         0.00         0.00         0.00         0.00         0.00         0.00         0.00         0.00         0.00         0.00        23.66         32.58       960.38       286.30     1,246.68        24.66     1,222.02
5704          1.00         0.00         0.00         0.00         0.00         0.00         0.00         0.00         0.00        54.35         0.00        32.63          0.00     1,556.52       503.27     2,059.79        87.98     1,971.81
7503          1.00         0.00         0.00         0.00         0.00         0.00         0.00         0.00         0.00         0.00         0.00        20.06         32.57       960.38       241.79     1,202.17        21.06     1,181.11
7557          1.00         0.00         0.00         0.00         0.00         0.00       208.26         0.00         0.00         0.00         0.00        18.70         47.12       748.83       127.49       876.32       227.96       648.36
7190          1.00         0.00         0.00         0.00         0.00         0.00         0.00         0.00         0.00         0.00         0.00        20.77         41.63       960.38       250.85     1,211.23        21.77     1,189.46
7280          1.00         0.00         0.00         0.00         0.00         0.00       104.13         0.00         0.00         0.00         0.00        18.86         51.53       780.28       152.00       932.28       123.99       808.29
7588          1.00         0.00         0.00         0.00         0.00         0.00         0.00         0.00         0.00         0.00         0.00        18.65         32.57       960.38       241.79     1,202.17        19.65     1,182.52
5588          1.00         0.00         0.00         0.00         0.00         0.00         0.00         0.00         0.00         0.00         0.00        23.67         32.57       960.38       241.79     1,202.17        24.67     1,177.50
6203          1.00         0.00         0.00         0.00         0.00         0.00         0.00         0.00         0.00         0.00         0.00        21.83         38.27       871.38       256.66     1,128.04        22.83     1,105.21
6582          1.00         0.00         0.00         0.00         0.00         0.00         0.00         0.00         0.00         0.00         0.00        21.01         45.40       861.38       165.62     1,027.00        22.01     1,004.99
7226          1.00         0.00         0.00         0.00         0.00         0.00         0.00         0.00         0.00        29.10         0.00        20.80          0.00     1,460.38       209.22     1,669.60        50.90     1,618.70
7272          0.00         0.00         0.00         0.00         0.00         0.00         0.00         0.00         0.00         0.00         0.00         0.00          0.00         0.00         0.00         0.00         0.00         0.00
3326          1.00         0.00         0.00         0.00         0.00         0.00         0.00         0.00         0.00         0.00         0.00        35.29          4.43     1,552.89       339.05     1,891.94        36.29     1,855.65
3960          1.00         0.00         0.00         0.00         0.00       284.57         0.00         0.00         0.00        42.76         0.00        31.83          0.00     1,450.07       302.72     1,752.79       360.16     1,392.63
2233          1.00         0.00         0.00         0.00         0.00         0.00         0.00         0.00         0.00        67.48         0.00        40.27          0.00     1,731.75       545.69     2,277.44       108.75     2,168.69
7584          1.00         0.00         0.00         0.00         0.00         0.00         0.00         0.00         0.00         0.00         0.00        18.65         38.91       861.38       159.13     1,020.51        19.65     1,000.86
0449          1.00         0.00       250.00         0.00         0.00       383.40         0.00         0.00         0.00        98.67         0.00        34.80          0.00     1,876.98       312.72     2,189.70       767.87     1,421.83
6934          1.00         0.00         0.00         0.00         0.00         0.00         0.00         0.00         0.00       342.85         0.00        85.62          0.00     2,999.45       460.71     3,460.16       429.47     3,030.69

















































EJECUTIVOS EN SERVICIOS DE ALIMENTOS, S.A. DE C.V.                                                                      Pagina: 0005
R.F.C.:                                                                                                                    5/NOV/19
REPORTE DE SUELDOS SEMANALES DEDUCCIONES


 
Codigo Desc Vales   Desc Zapatos Otras Deducc Desc Fonacot Pension Alim Desc Infonav Faltas       Inca Enferme Inca Riesgo  ISPT         Ajus ISPT    IMSS          Sub P/Empleo Tot Per Grav Tot Per Exce Total Percep Total Deducc Neto Pagado
..........................................................................................................................................................................................................................................
7137          1.00         0.00         0.00         0.00         0.00         0.00         0.00         0.00         0.00        67.65         0.00        34.27          0.00     1,591.80       369.99     1,961.79       102.92     1,858.87
6682          1.00         0.00         0.00         0.00         0.00         0.00       124.60         0.00         0.00         0.00         0.00        18.03         50.20       765.70       146.37       912.07       143.63       768.44
1269          1.00         0.00         0.00         0.00         0.00         0.00         0.00         0.00         0.00         0.00         0.00        23.38         38.26       871.38       158.48     1,029.86        24.38     1,005.48
6006          1.00         0.00         0.00         0.00         0.00         0.00         0.00         0.00         0.00         0.00         0.00        23.21         32.57       960.38       241.79     1,202.17        24.21     1,177.96
1419          1.00         0.00         0.00         0.00         0.00       268.68         0.00         0.00         0.00        47.53         0.00        34.49          0.00     1,493.81       377.84     1,871.65       351.70     1,519.95
7545          1.00         0.00         0.00         0.00         0.00         0.00         0.00         0.00         0.00        22.71         0.00        34.53          0.00     1,352.70       299.44     1,652.14        58.24     1,593.90
5905          1.00         0.00         0.00         0.00         0.00         0.00         0.00         0.00         0.00       150.25         0.00        41.85          0.00     1,901.45       456.23     2,357.68       193.10     2,164.58
7462          1.00         0.00         0.00         0.00         0.00         0.00         0.00         0.00         0.00         0.00         0.00        21.71         31.85       971.51       296.69     1,268.20        22.71     1,245.49
3525          1.00         0.00         0.00         0.00         0.00         0.00         0.00         0.00         0.00         0.00         0.00        29.89          0.06     1,207.35       271.97     1,479.32        30.89     1,448.43
2451          1.00         0.00         0.00         0.00         0.00         0.00         0.00         0.00         0.00         0.00         0.00        20.99         36.85       893.63       223.82     1,117.45        21.99     1,095.46
6885          1.00         0.00         0.00         0.00         0.00         0.00       104.13         0.00         0.00         0.00         0.00        19.23         58.78       780.28       159.25       939.53       124.36       815.17
4775          1.00         0.00         0.00         0.00         0.00         0.00         0.00         0.00         0.00        20.25         0.00        21.97          0.00     1,371.38       227.56     1,598.94        43.22     1,555.72
7528          1.00         0.00         0.00         0.00         0.00         0.00         0.00         0.00         0.00         0.00         0.00        21.10         28.29     1,027.13       315.38     1,342.51        22.10     1,320.41
5671          1.00         0.00         0.00         0.00         0.00         0.00         0.00         0.00         0.00       148.28         0.00        47.88          0.00     1,883.24       283.71     2,166.95       197.16     1,969.79
4832          1.00         0.00         0.00         0.00         0.00         0.00         0.00         0.00         0.00         0.00         0.00        22.05         32.58       960.38       241.80     1,202.18        23.05     1,179.13
6567          1.00         0.00         0.00         0.00         0.00         0.00         0.00         0.00         0.00        20.25         0.00        24.20          0.00     1,371.38       120.22     1,491.60        45.45     1,446.15
3321          1.00         0.00         0.00         0.00         0.00         0.00         0.00         0.00         0.00       192.66         0.00        55.28          0.00     2,193.82       434.34     2,628.16       248.94     2,379.22
7577          1.00         0.00         0.00         0.00         0.00         0.00         0.00         0.00         0.00         0.00         0.00        18.65         38.91       861.38       159.13     1,020.51        19.65     1,000.86
2112          1.00         0.00         0.00         0.00         0.00         0.00         0.00         0.00         0.00         0.00         0.00        20.82         38.27       871.38       292.66     1,164.04        21.82     1,142.22
0624          1.00         0.00         0.00         0.00         0.00         0.00         0.00         0.00         0.00       168.66         0.00        50.39          0.00     2,061.75       430.35     2,492.10       220.05     2,272.05
6877          1.00         0.00         0.00       141.34         0.00         0.00         0.00         0.00         0.00        65.78         0.00        24.60          0.00     1,694.86       209.22     1,904.08       232.72     1,671.36
4385          1.00         0.00         0.00         0.00         0.00         0.00         0.00         0.00         0.00        16.43         0.00        30.62          0.00     1,294.92       285.92     1,580.84        48.05     1,532.79
7378          1.00         0.00         0.00         0.00         0.00         0.00         0.00         0.00         0.00         0.00         0.00        19.82         38.91       861.38       159.13     1,020.51        20.82       999.69
0366          1.00         0.00         0.00         0.00         0.00         0.00         0.00         0.00         0.00       319.35         0.00       100.00          0.00     2,889.42       444.70     3,334.12       420.35     2,913.77
6206          1.00         0.00         0.00         0.00         0.00         0.00         0.00         0.00         0.00         6.90         0.00        26.76          0.00     1,207.35       271.91     1,479.26        34.66     1,444.60
 
*** GLO     189.00       144.00     1,210.00       457.42         0.00     8,963.22     1,747.86         0.00         0.00     8,310.17         0.00     5,659.04      3,708.44   246,049.67                296,657.58    26,680.71   269,976.87
  
































































