EJECUTIVOS EN SERVICIOS DE ALIMENTOS, S.A. DE C.V.                                                                      Pagina: 0001
R.F.C.:                                                                                                                    5/NOV/19
REPORTE DE SUELDOS SEMANALES DEDUCCIONES


 
Codigo Desc Vales   Desc Zapatos Otras Deducc Desc Fonacot Pension Alim Desc Infonav Faltas       Inca Enferme Inca Riesgo  ISPT         Ajus ISPT    IMSS          Sub P/Empleo Tot Per Grav Tot Per Exce Total Percep Total Deducc Neto Pagado
..........................................................................................................................................................................................................................................
7505          1.00         0.00         0.00         0.00         0.00         0.00         0.00         0.00         0.00         0.00         0.00        23.78         29.14     1,014.04       172.18     1,186.22        24.78     1,161.44
6600          1.00         0.00         0.00         0.00         0.00         0.00       124.60         0.00         0.00         0.00         0.00        18.65         49.54       793.51       173.52       967.03       144.25       822.78
7685          1.00         0.00         0.00         0.00         0.00         0.00         0.00         0.00         0.00        87.74         0.00        23.18          0.00     1,871.38       120.22     1,991.60       111.92     1,879.68
7331          1.00         0.00         0.00         0.00         0.00         0.00         0.00         0.00         0.00        87.74         0.00        23.90          0.00     1,871.38       164.72     2,036.10       112.64     1,923.46
5933          1.00         0.00         0.00         0.00         0.00         0.00         0.00         0.00         0.00       129.94         0.00        26.71          0.00     2,071.63       186.97     2,258.60       157.65     2,100.95
7170          1.00         0.00         0.00         0.00         0.00         0.00         0.00         0.00         0.00       109.13         0.00        26.04          0.00     1,871.38       120.22     1,991.60       136.17     1,855.43
7774          1.00         0.00         0.00         0.00         0.00         0.00         0.00         0.00         0.00         0.00         0.00        21.09         37.48       883.63       179.95     1,063.58        22.09     1,041.49
5618          1.00         0.00         0.00         0.00         0.00         0.00       124.60         0.00         0.00        81.05         0.00        28.06          0.00     1,879.83       114.43     1,994.26       234.71     1,759.55
5201          1.00         0.00         0.00         0.00         0.00       312.81         0.00         0.00         0.00        30.84         0.00        34.58          0.00     1,427.46       209.19     1,636.65       379.23     1,257.42
3890          1.00         0.00         0.00         0.00         0.00         0.00         0.00         0.00         0.00       178.37         0.00        54.71          0.00     2,104.51       319.12     2,423.63       234.08     2,189.55
6654          0.00         0.00         0.00         0.00         0.00         0.00         0.00         0.00         0.00         0.00         0.00         0.00          0.00         0.00         0.00         0.00         0.00         0.00
3652          1.00         0.00         0.00         0.00         0.00       380.99         0.00         0.00         0.00       154.01         0.00        62.07          0.00     1,935.94       367.50     2,303.44       598.07     1,705.37
1123          1.00         0.00         0.00         0.00         0.00         0.00         0.00         0.00         0.00       129.99         0.00        31.26          0.00     1,715.19       328.59     2,043.78       162.25     1,881.53
4044          1.00         0.00         0.00         0.00         0.00         0.00         0.00         0.00         0.00        17.59         0.00        32.10          0.00     1,305.66       252.41     1,558.07        50.69     1,507.38
7593          1.00         0.00         0.00         0.00         0.00         0.00         0.00         0.00         0.00        89.23         0.00        25.10          0.00     1,871.38       120.22     1,991.60       115.33     1,876.27
7802          1.00         0.00         0.00         0.00         0.00         0.00         0.00         0.00         0.00         0.00         0.00         7.99         24.04       291.17        64.22       355.39         8.99       346.40
7780          0.00         0.00         0.00         0.00         0.00         0.00       312.39         0.00         0.00         0.00         0.00        13.69         51.03       777.65        51.03       828.68       326.08       502.60
7259          1.00         0.00         0.00         0.00         0.00         0.00         0.00         0.00         0.00         0.00         0.00        19.86         38.91       861.38       159.13     1,020.51        20.86       999.65
7312          1.00         0.00         0.00         0.00         0.00         0.00       104.13         0.00         0.00         0.00         0.00        19.72         40.54       847.03       207.76     1,054.79       124.85       929.94
7338          1.00         0.00         0.00         0.00         0.00         0.00       104.13         0.00         0.00         0.00         0.00        21.16         37.96       899.51       157.50     1,057.01       126.29       930.72
5677          1.00         0.00         0.00         0.00         0.00         0.00         0.00         0.00         0.00        25.13         0.00        33.88          0.00     1,374.99       410.50     1,785.49        60.01     1,725.48
7737          1.00         0.00         0.00         0.00         0.00         0.00         0.00         0.00         0.00         0.00         0.00        20.50         45.48       861.38       165.70     1,027.08        21.50     1,005.58
4008          1.00         0.00         0.00         0.00         0.00         0.00         0.00         0.00         0.00       162.81         0.00        57.48          0.00     2,007.27       301.96     2,309.23       221.29     2,087.94
6210          1.00         0.00         0.00         0.00         0.00         0.00         0.00         0.00         0.00        84.35         0.00        30.26          0.00     1,921.38       120.22     2,041.60       115.61     1,925.99
6213          1.00         0.00         0.00         0.00         0.00         0.00         0.00         0.00         0.00         0.00         0.00        24.45         29.14     1,014.04       172.18     1,186.22        25.45     1,160.77
7793          1.00         0.00         0.00         0.00         0.00         0.00       312.39         0.00         0.00         0.00         0.00        13.61         54.06       717.37       114.34       831.71       327.00       504.71
0849          1.00         0.00         0.00         0.00         0.00         0.00         0.00         0.00         0.00         0.00         0.00        34.79         11.07     1,089.04       154.11     1,243.15        35.79     1,207.36
7536          1.00         0.00         0.00         0.00         0.00         0.00         0.00         0.00         0.00         0.00         0.00        23.52         37.48       883.63       179.95     1,063.58        24.52     1,039.06
5237          1.00         0.00         0.00         0.00         0.00         0.00         0.00         0.00         0.00         0.00         0.00        20.08         38.27       871.38       158.49     1,029.87        21.08     1,008.79
7430          1.00         0.00         0.00         0.00         0.00         0.00         0.00         0.00         0.00       347.66         0.00        58.63          0.00     3,112.52       392.42     3,504.94       407.29     3,097.65
5181          1.00         0.00       250.00         0.00         0.00         0.00         0.00         0.00         0.00         0.00         0.00        25.35         38.27       871.38       158.49     1,029.87       276.35       753.52
7655          1.00         0.00         0.00         0.00         0.00         0.00         0.00         0.00         0.00        86.20         0.00        25.88          0.00     1,861.38       120.22     1,981.60       113.08     1,868.52
7057          1.00         0.00         0.00         0.00         0.00         0.00         0.00         0.00         0.00        86.20         0.00        23.85          0.00     1,861.38       120.22     1,981.60       111.05     1,870.55
6986          0.00         0.00         0.00         0.00         0.00         0.00         0.00         0.00         0.00         0.00         0.00         0.00          0.00         0.00         0.00         0.00         0.00         0.00
5558          1.00         0.00         0.00         0.00         0.00         0.00         0.00         0.00         0.00       128.58         0.00        23.74          0.00     2,014.04       143.04     2,157.08       153.32     2,003.76
4746          1.00         0.00         0.00         0.00         0.00       337.44         0.00         0.00         0.00        86.00         0.00        35.29          0.00     1,695.36       446.81     2,142.17       459.73     1,682.44
7663          1.00         0.00         0.00         0.00         0.00         0.00         0.00         0.00         0.00         0.00         0.00        21.42         29.65     1,006.01       294.49     1,300.50        22.42     1,278.08
7407          1.00         0.00       200.00         0.00         0.00         0.00         0.00         0.00         0.00        97.09         0.00        25.14          0.00     2,060.51       175.84     2,236.35       323.23     1,913.12
6061          1.00         0.00         0.00         0.00         0.00       676.54         0.00         0.00         0.00       172.21         0.00        46.50          0.00     2,076.58       429.82     2,506.40       896.25     1,610.15
7773          1.00         0.00         0.00         0.00         0.00         0.00         0.00         0.00         0.00         0.00         0.00        21.53         44.16       883.63       186.63     1,070.26        22.53     1,047.73
7704          0.00         0.00         0.00         0.00         0.00         0.00       416.52         0.00         0.00         0.00         0.00        12.04         50.10       726.09        50.10       776.19       428.56       347.63
7797          1.00         0.00         0.00         0.00         0.00         0.00         0.00         0.00         0.00         0.00         0.00        23.30         29.14     1,014.04       172.18     1,186.22        24.30     1,161.92
1424          1.00         0.00         0.00         0.00         0.00       457.22         0.00         0.00         0.00       534.22         0.00        90.02          0.00     3,895.38       724.99     4,620.37     1,082.46     3,537.91

















































EJECUTIVOS EN SERVICIOS DE ALIMENTOS, S.A. DE C.V.                                                                      Pagina: 0002
R.F.C.:                                                                                                                    5/NOV/19
REPORTE DE SUELDOS SEMANALES DEDUCCIONES


 
Codigo Desc Vales   Desc Zapatos Otras Deducc Desc Fonacot Pension Alim Desc Infonav Faltas       Inca Enferme Inca Riesgo  ISPT         Ajus ISPT    IMSS          Sub P/Empleo Tot Per Grav Tot Per Exce Total Percep Total Deducc Neto Pagado
..........................................................................................................................................................................................................................................
5280          1.00         0.00         0.00       362.10         0.00       435.11         0.00         0.00         0.00       152.33         0.00        48.39          0.00     1,920.48       289.67     2,210.15       998.93     1,211.22
7742          1.00         0.00         0.00         0.00         0.00         0.00         0.00         0.00         0.00         0.00         0.00        19.82         45.48       861.38       165.70     1,027.08        20.82     1,006.26
7740          1.00         0.00         0.00         0.00         0.00         0.00         0.00         0.00         0.00         0.00         0.00        20.37         38.27       871.38       158.49     1,029.87        21.37     1,008.50
7799          1.00         0.00         0.00         0.00         0.00         0.00         0.00         0.00         0.00         0.00         0.00        18.65         25.45     1,071.63       212.42     1,284.05        19.65     1,264.40
6461          1.00         0.00       200.00         0.00         0.00         0.00         0.00         0.00         0.00        63.97         0.00        31.03          0.00     1,557.99       289.86     1,847.85       296.00     1,551.85
6765          1.00         0.00         0.00         0.00         0.00         0.00         0.00         0.00         0.00        39.82         0.00        54.75          0.00     1,422.98       328.59     1,751.57        95.57     1,656.00
7694          1.00         0.00         0.00         0.00         0.00         0.00         0.00         0.00         0.00         0.00         0.00        24.24         38.27       871.38       202.99     1,074.37        25.24     1,049.13
7752          1.00         0.00         0.00         0.00         0.00         0.00         0.00         0.00         0.00         0.00         0.00        21.03         28.44       971.51       226.53     1,198.04        22.03     1,176.01
6657          1.00         0.00         0.00         0.00         0.00         0.00         0.00         0.00         0.00         0.00         0.00        19.90         32.32       927.01       208.16     1,135.17        20.90     1,114.27
5000          1.00         0.00        10.00         0.00         0.00         0.00         0.00         0.00         0.00         0.00         0.00        26.62          8.48     1,129.61       170.01     1,299.62        37.62     1,262.00
5644          1.00         0.00       125.00         0.00         0.00       331.25         0.00         0.00         0.00        19.48         0.00        32.73          0.00     1,259.06       289.86     1,548.92       509.46     1,039.46
6638          1.00         0.00         0.00         0.00         0.00         0.00         0.00         0.00         0.00         0.00         0.00        20.06         60.72       871.38       180.94     1,052.32        21.06     1,031.26
7734          1.00         0.00         0.00         0.00         0.00         0.00         0.00         0.00         0.00        90.77         0.00        20.07          0.00     1,899.19       148.03     2,047.22       111.84     1,935.38
7800          1.00         0.00         0.00         0.00         0.00         0.00         0.00         0.00         0.00         0.00         0.00        18.65         44.45       861.38       164.67     1,026.05        19.65     1,006.40
6690          1.00         0.00         0.00         0.00         0.00         0.00         0.00         0.00         0.00         0.00         0.00        21.96         36.42       900.32       195.57     1,095.89        22.96     1,072.93
6280          1.00         0.00         0.00         0.00         0.00         0.00         0.00         0.00         0.00       141.38         0.00        44.89          0.00     1,819.82       273.57     2,093.39       187.27     1,906.12
7168          1.00         0.00         0.00         0.00         0.00         0.00         0.00         0.00         0.00        87.74         0.00        21.69          0.00     1,871.38       164.72     2,036.10       110.43     1,925.67
7786          1.00         0.00         0.00         0.00         0.00         0.00         0.00         0.00         0.00         0.00         0.00        21.16         38.91       861.38       159.13     1,020.51        22.16       998.35
6542          1.00         0.00         0.00         0.00         0.00         0.00       163.22         0.00         0.00         0.00         0.00        23.25         43.51       979.83       167.76     1,147.59       187.47       960.12
4314          1.00         0.00         0.00         0.00         0.00         0.00         0.00         0.00         0.00       170.40         0.00        55.37          0.00     2,056.83       347.62     2,404.45       226.77     2,177.68
3160          1.00         0.00         0.00         0.00         0.00         0.00       124.60         0.00         0.00         0.00         0.00        17.64         50.20       765.70       146.37       912.07       143.24       768.83
7632          1.00         0.00         0.00         0.00         0.00         0.00         0.00         0.00         0.00        76.51         0.00        26.72          0.00     1,871.38       120.22     1,991.60       104.23     1,887.37
7673          1.00         0.00         0.00         0.00         0.00         0.00         0.00         0.00         0.00         0.00         0.00        20.37         38.91       861.38       159.13     1,020.51        21.37       999.14
6504          1.00         0.00         0.00         0.00         0.00         0.00         0.00         0.00         0.00        89.98         0.00        23.12          0.00     1,871.38       120.22     1,991.60       114.10     1,877.50
7801          1.00         0.00         0.00         0.00         0.00         0.00         0.00         0.00         0.00         0.00         0.00        10.66         28.95       436.76        89.23       525.99        11.66       514.33
7604          1.00         0.00         0.00         0.00         0.00         0.00         0.00         0.00         0.00         0.00         0.00        23.40         38.27       871.38       158.49     1,029.87        24.40     1,005.47
7061          1.00         0.00         0.00         0.00         0.00         0.00         0.00         0.00         0.00         0.00         0.00        30.88          8.72     1,125.86       128.94     1,254.80        31.88     1,222.92
7782          1.00         0.00         0.00         0.00         0.00         0.00       312.39         0.00         0.00         0.00         0.00        14.12         44.65       717.37       104.93       822.30       327.51       494.79
7748          0.00         0.00         0.00         0.00         0.00         0.00         0.00         0.00         0.00         0.00         0.00         0.00          0.00         0.00         0.00         0.00         0.00         0.00
7633          1.00         0.00         0.00         0.00         0.00         0.00         0.00         0.00         0.00        74.74         0.00        24.34          0.00     1,872.51       131.34     2,003.85       100.08     1,903.77
7428          1.00         0.00         0.00         0.00         0.00         0.00         0.00         0.00         0.00        87.74         0.00        26.34          0.00     1,871.38       120.22     1,991.60       115.08     1,876.52
2897          1.00         0.00         0.00         0.00         0.00         0.00         0.00         0.00         0.00         0.00         0.00        19.86         38.91       861.38       159.13     1,020.51        20.86       999.65
7558          1.00         0.00         0.00         0.00         0.00         0.00         0.00         0.00         0.00        99.30         0.00        21.09          0.00     1,972.63       231.46     2,204.09       121.39     2,082.70
6360          1.00         0.00         0.00         0.00         0.00         0.00       104.13         0.00         0.00         0.00         0.00        18.88         44.84       847.03       178.68     1,025.71       124.01       901.70
7614          1.00         0.00         0.00         0.00         0.00         0.00         0.00         0.00         0.00        15.74         0.00        30.54          0.00     1,334.62       228.18     1,562.80        47.28     1,515.52
3318          1.00         0.00         0.00         0.00         0.00       500.52         0.00         0.00         0.00       214.39         0.00        58.55          0.00     2,329.62       532.03     2,861.65       774.46     2,087.19
7706          1.00         0.00         0.00         0.00         0.00         0.00         0.00         0.00         0.00         0.00         0.00        22.19         31.07       983.76       273.66     1,257.42        23.19     1,234.23
5139          1.00         0.00         0.00         0.00         0.00       759.20         0.00         0.00         0.00       270.04         0.00        83.14          0.00     2,638.09       293.88     2,931.97     1,113.38     1,818.59
6083          1.00         0.00         0.00         0.00         0.00         0.00         0.00         0.00         0.00       148.99         0.00        27.13          0.00     2,234.55       274.88     2,509.43       177.12     2,332.31
6766          1.00         0.00         0.00         0.00         0.00         0.00         0.00         0.00         0.00         0.00         0.00        30.70          2.18     1,192.48       236.57     1,429.05        31.70     1,397.35
4137          1.00         0.00         0.00         0.00         0.00         0.00         0.00         0.00         0.00       371.81         0.00       129.14          0.00     3,135.04       482.40     3,617.44       501.95     3,115.49
7542          1.00        48.00         0.00         0.00         0.00         0.00         0.00         0.00         0.00        87.74         0.00        20.54          0.00     1,871.38       120.22     1,991.60       157.28     1,834.32
7756          1.00         0.00         0.00         0.00         0.00         0.00         0.00         0.00         0.00         0.00         0.00        21.60         29.65     1,006.01       294.49     1,300.50        22.60     1,277.90

















































EJECUTIVOS EN SERVICIOS DE ALIMENTOS, S.A. DE C.V.                                                                      Pagina: 0003
R.F.C.:                                                                                                                    5/NOV/19
REPORTE DE SUELDOS SEMANALES DEDUCCIONES


 
Codigo Desc Vales   Desc Zapatos Otras Deducc Desc Fonacot Pension Alim Desc Infonav Faltas       Inca Enferme Inca Riesgo  ISPT         Ajus ISPT    IMSS          Sub P/Empleo Tot Per Grav Tot Per Exce Total Percep Total Deducc Neto Pagado
..........................................................................................................................................................................................................................................
7759          1.00         0.00         0.00         0.00         0.00         0.00         0.00         0.00         0.00         0.00         0.00        19.95         38.91       861.38       159.13     1,020.51        20.95       999.56
3780          1.00         0.00         0.00         0.00         0.00         0.00         0.00         0.00         0.00        56.07         0.00        36.26          0.00     1,572.34       264.06     1,836.40        93.33     1,743.07
7678          1.00         0.00         0.00         0.00         0.00         0.00         0.00         0.00         0.00         0.00         0.00        25.69         45.48       861.38       165.70     1,027.08        26.69     1,000.39
6205          1.00         0.00         0.00         0.00         0.00         0.00         0.00         0.00         0.00         0.00         0.00        23.06         12.44     1,071.63       277.28     1,348.91        24.06     1,324.85
5027          1.00         0.00         0.00         0.00         0.00         0.00         0.00         0.00         0.00       253.85         0.00        28.96          0.00     2,230.04       143.04     2,373.08       283.81     2,089.27
7791          1.00         0.00         0.00         0.00         0.00         0.00         0.00         0.00         0.00         0.00         0.00        21.46         38.27       871.38       158.49     1,029.87        22.46     1,007.41
7798          0.00         0.00         0.00         0.00         0.00         0.00         0.00         0.00         0.00         0.00         0.00         0.00          0.00         0.00         0.00         0.00         0.00         0.00
6839          1.00         0.00         0.00         0.00         0.00         0.00         0.00         0.00         0.00       116.92         0.00        23.14          0.00     1,938.13       186.97     2,125.10       141.06     1,984.04
5646          1.00         0.00         0.00         0.00         0.00         0.00         0.00         0.00         0.00        99.84         0.00        23.34          0.00     1,982.63       198.09     2,180.72       124.18     2,056.54
7750          1.00         0.00         0.00         0.00         0.00         0.00       104.13         0.00         0.00         0.00         0.00        19.27         44.61       847.03       178.45     1,025.48       124.40       901.08
7708          1.00         0.00         0.00         0.00         0.00         0.00         0.00         0.00         0.00         0.00         0.00        20.08         38.27       871.38       158.49     1,029.87        21.08     1,008.79
6978          1.00         0.00         0.00         0.00         0.00         0.00         0.00         0.00         0.00        87.74         0.00        26.06          0.00     1,871.38       120.22     1,991.60       114.80     1,876.80
7647          1.00         0.00         0.00         0.00         0.00         0.00         0.00         0.00         0.00        92.58         0.00        26.11          0.00     1,915.88       164.72     2,080.60       119.69     1,960.91
5679          1.00         0.00         0.00         0.00         0.00         0.00         0.00         0.00         0.00         6.81         0.00        36.82          0.00     1,293.55       248.96     1,542.51        44.63     1,497.88
7530          1.00         0.00         0.00         0.00         0.00         0.00         0.00         0.00         0.00        86.20         0.00        22.83          0.00     1,861.38       120.22     1,981.60       110.03     1,871.57
6028          1.00         0.00         0.00         0.00         0.00       399.30         0.00         0.00         0.00        40.57         0.00        33.15          0.00     1,429.88       289.86     1,719.74       474.02     1,245.72
6565          1.00         0.00         0.00         0.00         0.00         0.00         0.00         0.00         0.00        87.74         0.00        25.44          0.00     1,871.38       120.22     1,991.60       114.18     1,877.42
7731          1.00         0.00         0.00         0.00         0.00         0.00         0.00         0.00         0.00         0.00         0.00        22.01         30.36       994.88       250.70     1,245.58        23.01     1,222.57
7753          1.00         0.00         0.00         0.00         0.00         0.00         0.00         0.00         0.00       127.04         0.00        27.40          0.00     2,004.04       143.04     2,147.08       155.44     1,991.64
3676          1.00         0.00         0.00         0.00         0.00         0.00         0.00         0.00         0.00         0.00         0.00        45.80          5.77     1,540.57       334.36     1,874.93        46.80     1,828.13
3221          1.00         0.00         0.00         0.00         0.00         0.00         0.00         0.00         0.00        20.36         0.00        35.58          0.00     1,331.09       338.92     1,670.01        56.94     1,613.07
7741          1.00         0.00         0.00         0.00         0.00         0.00         0.00         0.00         0.00         0.00         0.00        19.84         40.85       939.26       238.94     1,178.20        20.84     1,157.36
7779          1.00         0.00         0.00         0.00         0.00         0.00         0.00         0.00         0.00         0.00         0.00        26.83          6.89     1,149.06       278.79     1,427.85        27.83     1,400.02
7269          1.00         0.00         0.00         0.00         0.00         0.00         0.00         0.00         0.00        88.99         0.00        26.04          0.00     1,871.38       120.22     1,991.60       116.03     1,875.57
2522          1.00         0.00         0.00         0.00         0.00         0.00         0.00         0.00         0.00        92.12         0.00        27.07          0.00     1,904.76       153.59     2,058.35       120.19     1,938.16
5506          1.00         0.00         0.00         0.00         0.00       160.57       326.45         0.00         0.00         0.00         0.00        23.08         49.95       938.90       143.14     1,082.04       511.10       570.94
0236          1.00         0.00         0.00         0.00         0.00       523.01         0.00         0.00         0.00       162.81         0.00        64.96          0.00     2,007.27       301.96     2,309.23       751.78     1,557.45
7080          1.00         0.00         0.00         0.00         0.00         0.00         0.00         0.00         0.00        25.61         0.00        36.62          0.00     1,368.38       252.41     1,620.79        63.23     1,557.56
5965          1.00         0.00         0.00         0.00         0.00         0.00         0.00         0.00         0.00         0.00         0.00        26.71          8.48     1,129.61       170.01     1,299.62        27.71     1,271.91
5447          1.00         0.00         0.00         0.00         0.00         0.00         0.00         0.00         0.00         0.00         0.00        26.47         29.77     1,004.04       172.81     1,176.85        27.47     1,149.38
7723          1.00        48.00         0.00         0.00         0.00         0.00         0.00         0.00         0.00         0.00         0.00        25.72         38.27       871.38       202.99     1,074.37        74.72       999.65
6685          1.00         0.00         0.00         0.00         0.00         0.00         0.00         0.00         0.00         0.00         0.00        23.34         29.98     1,004.88       250.32     1,255.20        24.34     1,230.86
5549          1.00         0.00         0.00         0.00         0.00         0.00         0.00         0.00         0.00        87.74         0.00        27.57          0.00     1,871.38       164.72     2,036.10       116.31     1,919.79
0854          1.00         0.00         0.00         0.00         0.00       326.19         0.00         0.00         0.00        82.13         0.00        37.67          0.00     1,659.75       292.55     1,952.30       446.99     1,505.31
7295          1.00         0.00         0.00         0.00         0.00         0.00         0.00         0.00         0.00        87.74         0.00        23.12          0.00     1,871.38       120.22     1,991.60       111.86     1,879.74
7693          0.00         0.00         0.00         0.00         0.00         0.00       104.13         0.00         0.00         0.00         0.00        23.35         28.14     1,093.42        28.14     1,121.56       127.48       994.08
6832          1.00         0.00         0.00         0.00         0.00         0.00         0.00         0.00         0.00        90.16         0.00        23.52          0.00     1,893.63       142.47     2,036.10       114.68     1,921.42
4807          1.00         0.00         0.00         0.00         0.00         0.00         0.00         0.00         0.00       510.36         0.00       141.50          0.00     3,783.66       564.20     4,347.86       652.86     3,695.00
6821          1.00         0.00         0.00         0.00         0.00         0.00         0.00         0.00         0.00         0.00         0.00        26.75         19.29     1,192.48       253.68     1,446.16        27.75     1,418.41
3169          1.00         0.00         0.00         0.00         0.00         0.00         0.00         0.00         0.00        87.74         0.00        26.46          0.00     1,871.38       120.22     1,991.60       115.20     1,876.40
4514          1.00         0.00        10.00         0.00         0.00       555.40         0.00         0.00         0.00        16.09         0.00        54.04          0.00     1,291.87       187.49     1,479.36       636.53       842.83
7104          1.00         0.00         0.00         0.00         0.00         0.00         0.00         0.00         0.00       127.04         0.00        30.64          0.00     2,004.04       143.04     2,147.08       158.68     1,988.40
7754          1.00         0.00         0.00         0.00         0.00         0.00         0.00         0.00         0.00         0.00         0.00        20.07         38.27       871.38       158.49     1,029.87        21.07     1,008.80

















































EJECUTIVOS EN SERVICIOS DE ALIMENTOS, S.A. DE C.V.                                                                      Pagina: 0004
R.F.C.:                                                                                                                    5/NOV/19
REPORTE DE SUELDOS SEMANALES DEDUCCIONES


 
Codigo Desc Vales   Desc Zapatos Otras Deducc Desc Fonacot Pension Alim Desc Infonav Faltas       Inca Enferme Inca Riesgo  ISPT         Ajus ISPT    IMSS          Sub P/Empleo Tot Per Grav Tot Per Exce Total Percep Total Deducc Neto Pagado
..........................................................................................................................................................................................................................................
7717          1.00         0.00         0.00         0.00         0.00         0.00         0.00         0.00         0.00        17.59         0.00        33.55          0.00     1,305.66       189.70     1,495.36        52.14     1,443.22
6014          1.00         0.00         0.00         0.00         0.00         0.00         0.00         0.00         0.00         0.99         0.00        32.18          0.00     1,217.05       248.97     1,466.02        34.17     1,431.85
7775          1.00         0.00         0.00         0.00         0.00         0.00       124.60         0.00         0.00         0.00         0.00        19.88         45.93       843.58       219.97     1,063.55       145.48       918.07
7783          1.00         0.00         0.00         0.00         0.00         0.00         0.00         0.00         0.00        39.52         0.00        26.64          0.00     1,443.28       293.91     1,737.19        67.16     1,670.03
7551          1.00         0.00         0.00         0.00         0.00         0.00         0.00         0.00         0.00        36.54         0.00        31.12          0.00     1,392.86       186.97     1,579.83        68.66     1,511.17
7715          1.00         0.00         0.00         0.00         0.00         0.00         0.00         0.00         0.00         0.00         0.00        24.96         46.82       871.38       211.54     1,082.92        25.96     1,056.96
6985          1.00         0.00         0.00         0.00         0.00         0.00         0.00         0.00         0.00       330.27         0.00        83.48          0.00     2,940.56       687.78     3,628.34       414.75     3,213.59
3827          1.00         0.00         0.00         0.00         0.00         0.00         0.00         0.00         0.00         0.00         0.00        31.47         31.75       973.11       200.94     1,174.05        32.47     1,141.58
5412          1.00         0.00         0.00         0.00         0.00         0.00         0.00         0.00         0.00         0.00         0.00        22.88         35.34       917.01       211.18     1,128.19        23.88     1,104.31
7757          0.00         0.00         0.00         0.00         0.00         0.00       124.60         0.00         0.00         0.00         0.00        18.03         44.93       861.87        44.93       906.80       142.63       764.17
4504          1.00         0.00       500.00         0.00         0.00         0.00         0.00         0.00         0.00       193.63         0.00        57.97          0.00     2,199.89       318.38     2,518.27       752.60     1,765.67
7395          1.00         0.00         0.00         0.00         0.00         0.00         0.00         0.00         0.00         0.00         0.00        23.45         37.52       927.01       213.36     1,140.37        24.45     1,115.92
0214          1.00         0.00         0.00         0.00         0.00         0.00         0.00         0.00         0.00       510.36         0.00       133.30          0.00     3,783.66       564.20     4,347.86       644.66     3,703.20
7376          1.00         0.00         0.00         0.00         0.00         0.00       104.13         0.00         0.00       115.80         0.00        31.05          0.00     2,074.51       119.54     2,194.05       251.98     1,942.07
6321          1.00         0.00         0.00         0.00         0.00         0.00         0.00         0.00         0.00       118.55         0.00        24.68          0.00     1,934.17       130.26     2,064.43       144.23     1,920.20
5232          1.00         0.00         0.00         0.00         0.00         0.00         0.00         0.00         0.00       129.14         0.00        34.31          0.00     2,104.04       143.04     2,247.08       164.45     2,082.63
4958          1.00         0.00         0.00         0.00         0.00         0.00         0.00         0.00         0.00        87.74         0.00        23.14          0.00     1,871.38       120.22     1,991.60       111.88     1,879.72
3979          1.00         0.00         0.00         0.00         0.00         0.00         0.00         0.00         0.00       470.81         0.00       127.89          0.00     3,598.55       635.90     4,234.45       599.70     3,634.75
0442          1.00         0.00         0.00         0.00         0.00         0.00         0.00         0.00         0.00       280.20         0.00        39.57          0.00     2,472.21       297.62     2,769.83       320.77     2,449.06
7699          1.00         0.00         0.00         0.00         0.00         0.00         0.00         0.00         0.00         0.00         0.00        25.42         38.27       871.38       202.99     1,074.37        26.42     1,047.95
7330          0.00         0.00         0.00         0.00         0.00         0.00         0.00         0.00         0.00         0.00         0.00         0.00          0.00         0.00         0.00         0.00         0.00         0.00
7719          1.00         0.00         0.00         0.00         0.00         0.00         0.00         0.00         0.00         0.00         0.00        20.06         44.72       871.38       164.94     1,036.32        21.06     1,015.26
7421          1.00         0.00         0.00         0.00         0.00         0.00         0.00         0.00         0.00        93.15         0.00        24.46          0.00     1,893.63       142.47     2,036.10       118.61     1,917.49
7787          1.00         0.00         0.00         0.00         0.00         0.00         0.00         0.00         0.00         0.00         0.00        20.04          0.31     1,205.13       220.65     1,425.78        21.04     1,404.74
7776          1.00         0.00         0.00         0.00         0.00         0.00         0.00         0.00         0.00         0.00         0.00        19.78         38.91       861.38       159.13     1,020.51        20.78       999.73
7298          1.00         0.00         0.00         0.00         0.00         0.00         0.00         0.00         0.00        55.28         0.00        36.05          0.00     1,565.12       304.51     1,869.63        92.33     1,777.30
7758          1.00         0.00         0.00         0.00         0.00         0.00         0.00         0.00         0.00         0.00         0.00        20.38         38.27       871.38       158.49     1,029.87        21.38     1,008.49
5396          1.00         0.00         0.00         0.00         0.00         0.00         0.00         0.00         0.00        91.27         0.00        30.00          0.00     1,899.19       148.03     2,047.22       122.27     1,924.95
5704          1.00         0.00         0.00         0.00         0.00         0.00         0.00         0.00         0.00        63.54         0.00        39.18          0.00     1,641.01       448.15     2,089.16       103.72     1,985.44
7503          1.00         0.00         0.00         0.00         0.00         0.00       208.26         0.00         0.00         0.00         0.00        18.81         54.40       782.21       168.14       950.35       228.07       722.28
7588          1.00         0.00         0.00         0.00         0.00         0.00         0.00         0.00         0.00       141.70         0.00        30.36          0.00     2,138.38       186.97     2,325.35       173.06     2,152.29
5588          1.00         0.00         0.00         0.00         0.00         0.00         0.00         0.00         0.00         0.00         0.00        25.44         38.27       871.38       158.49     1,029.87        26.44     1,003.43
6203          1.00         0.00         0.00         0.00         0.00         0.00         0.00       312.39         0.00         0.00         0.00        12.08         43.33       761.87       192.61       954.48       325.47       629.01
6582          1.00         0.00         0.00         0.00         0.00         0.00         0.00         0.00         0.00         0.00         0.00        21.99         21.46     1,083.88       330.80     1,414.68        22.99     1,391.69
7392          1.00         0.00         0.00         0.00         0.00         0.00       104.13         0.00         0.00        66.50         0.00        18.41          0.00     1,780.28       100.47     1,880.75       190.04     1,690.71
7226          1.00        48.00         0.00         0.00         0.00         0.00         0.00         0.00         0.00       128.58         0.00        32.49          0.00     2,014.04       143.04     2,157.08       210.07     1,947.01
7664          1.00        48.00         0.00         0.00         0.00         0.00         0.00         0.00         0.00       121.19         0.00        23.59          0.00     2,004.88       186.97     2,191.85       193.78     1,998.07
7766          1.00         0.00         0.00         0.00         0.00       357.28         0.00         0.00         0.00         0.00         0.00        19.83         38.91       861.38       159.13     1,020.51       378.11       642.40
3326          1.00         0.00         0.00         0.00         0.00       352.72         0.00         0.00         0.00        30.84         0.00        50.27          0.00     1,427.46       209.19     1,636.65       434.83     1,201.82
0449          1.00         0.00       300.00         0.00         0.00       386.21         0.00         0.00         0.00       274.99         0.00        40.57          0.00     2,360.44       287.21     2,647.65     1,002.77     1,644.88
6934          1.00         0.00         0.00         0.00         0.00         0.00         0.00         0.00         0.00       342.85         0.00        84.50          0.00     2,999.45       460.71     3,460.16       428.35     3,031.81
7770          1.00         0.00         0.00         0.00         0.00         0.00       104.13         0.00         0.00         0.00         0.00        22.31         66.49       847.03       200.33     1,047.36       127.44       919.92
7137          1.00         0.00         0.00         0.00         0.00         0.00         0.00         0.00         0.00        49.60         0.00        37.28          0.00     1,512.90       195.11     1,708.01        87.88     1,620.13

















































EJECUTIVOS EN SERVICIOS DE ALIMENTOS, S.A. DE C.V.                                                                      Pagina: 0005
R.F.C.:                                                                                                                    5/NOV/19
REPORTE DE SUELDOS SEMANALES DEDUCCIONES


 
Codigo Desc Vales   Desc Zapatos Otras Deducc Desc Fonacot Pension Alim Desc Infonav Faltas       Inca Enferme Inca Riesgo  ISPT         Ajus ISPT    IMSS          Sub P/Empleo Tot Per Grav Tot Per Exce Total Percep Total Deducc Neto Pagado
..........................................................................................................................................................................................................................................
6682          1.00         0.00         0.00         0.00         0.00         0.00       124.60         0.00         0.00         0.00         0.00        17.70         50.20       765.70       146.37       912.07       143.30       768.77
1269          1.00         0.00         0.00         0.00         0.00         0.00         0.00         0.00         0.00         0.00         0.00        19.98         35.34       917.01       211.18     1,128.19        20.98     1,107.21
6918          1.00         0.00         0.00         0.00         0.00         0.00         0.00         0.00         0.00         0.00         0.00        20.72         29.65     1,006.01       294.49     1,300.50        21.72     1,278.78
1419          0.00         0.00         0.00         0.00         0.00         0.00         0.00         0.00         0.00         0.00         0.00         0.00          0.00         0.00         0.00         0.00         0.00         0.00
7545          1.00         0.00         0.00       275.78         0.00         0.00         0.00         0.00         0.00       175.85         0.00        41.75          0.00     2,136.63       518.94     2,655.57       494.38     2,161.19
6505          1.00         0.00         0.00         0.00         0.00         0.00         0.00         0.00         0.00         0.00         0.00        25.22         11.98     1,080.76       167.30     1,248.06        26.22     1,221.84
3525          1.00         0.00         0.00         0.00         0.00         0.00         0.00         0.00         0.00        12.41         0.00        32.30          0.00     1,338.51       228.18     1,566.69        45.71     1,520.98
6885          1.00         0.00         0.00         0.00         0.00         0.00         0.00         0.00         0.00         0.00         0.00        27.41         38.27       871.38       158.49     1,029.87        28.41     1,001.46
4775          1.00         0.00         0.00         0.00         0.00         0.00         0.00         0.00         0.00       116.92         0.00        20.17          0.00     1,938.13       186.97     2,125.10       138.09     1,987.01
7528          1.00         0.00         0.00         0.00         0.00         0.00         0.00         0.00         0.00         0.00         0.00        21.39         32.57       960.38       286.29     1,246.67        22.39     1,224.28
4832          1.00         0.00         0.00         0.00         0.00         0.00         0.00         0.00         0.00       215.25         0.00        27.40          0.00     2,038.26       220.34     2,258.60       243.65     2,014.95
3321          1.00         0.00         0.00         0.00         0.00         0.00         0.00         0.00         0.00       215.38         0.00        81.41          0.00     2,335.88       350.54     2,686.42       297.79     2,388.63
2112          1.00         0.00         0.00         0.00         0.00         0.00         0.00         0.00         0.00        87.74         0.00        23.17          0.00     1,871.38       120.22     1,991.60       111.91     1,879.69
0624          1.00         0.00         0.00         0.00         0.00         0.00         0.00         0.00         0.00       149.03         0.00        64.21          0.00     1,921.18       289.78     2,210.96       214.24     1,996.72
6877          1.00         0.00         0.00       116.15         0.00         0.00         0.00         0.00         0.00         0.00         0.00        29.08         18.36     1,080.76       173.68     1,254.44       146.23     1,108.21
4385          1.00         0.00         0.00         0.00         0.00         0.00         0.00         0.00         0.00        18.97         0.00        32.83          0.00     1,318.33       169.33     1,487.66        52.80     1,434.86
0366          1.00         0.00         0.00         0.00         0.00         0.00         0.00         0.00         0.00       404.75         0.00        84.82          0.00     3,289.23       751.14     4,040.37       490.57     3,549.80
7755          1.00         0.00         0.00         0.00         0.00         0.00         0.00         0.00         0.00         0.00         0.00        23.38         32.50       961.51       252.84     1,214.35        24.38     1,189.97
6206          1.00         0.00         0.00         0.00         0.00         0.00         0.00         0.00         0.00         8.01         0.00        37.14          0.00     1,304.49       292.69     1,597.18        46.15     1,551.03
7618          1.00        48.00         0.00         0.00         0.00         0.00         0.00         0.00         0.00         0.00         0.00        22.90         45.48       861.38       165.70     1,027.08        71.90       955.18
 
*** GLO     182.00       240.00     1,595.00       754.03         0.00     7,251.76     3,632.26       312.39         0.00    12,938.14         0.00     5,920.10      3,016.51   275,438.56                316,461.83    32,825.68   283,636.15
  





































































