EJECUTIVOS EN SERVICIOS DE ALIMENTOS, S.A. DE C.V.                                                                      Pagina: 0001
R.F.C.:                                                                                                                    5/NOV/19
REPORTE DE SUELDOS SEMANALES DEDUCCIONES


 
Codigo Desc Vales   Desc Zapatos Otras Deducc Desc Fonacot Pension Alim Desc Infonav Faltas       Inca Enferme Inca Riesgo  ISPT         Ajus ISPT    IMSS          Sub P/Empleo Tot Per Grav Tot Per Exce Total Percep Total Deducc Neto Pagado
..........................................................................................................................................................................................................................................
7505          1.00         0.00         0.00         0.00         0.00         0.00         0.00         0.00         0.00         0.00         0.00        20.63         36.84       893.47       179.15     1,072.62        21.63     1,050.99
7335          1.00         0.00       250.00         0.00         0.00         0.00         0.00         0.00         0.00         0.00         0.00        18.65         13.68     1,111.38       133.90     1,245.28       269.65       975.63
6600          1.00         0.00         0.00         0.00         0.00         0.00         0.00         0.00         0.00         0.00         0.00        21.60         42.85       883.47       185.16     1,068.63        22.60     1,046.03
7515          1.00         0.00         0.00         0.00         0.00         0.00         0.00         0.00         0.00         0.00         0.00        20.53         50.54       871.38       170.76     1,042.14        21.53     1,020.61
5933          1.00         0.00         0.00         0.00         0.00         0.00         0.00         0.00         0.00         0.00         0.00        20.45         48.14       893.47       190.45     1,083.92        21.45     1,062.47
7170          1.00         0.00         0.00         0.00         0.00         0.00         0.00         0.00         0.00         0.00         0.00        24.38         48.58       871.38       168.80     1,040.18        25.38     1,014.80
5618          1.00         0.00         0.00         0.00         0.00         0.00         0.00         0.00         0.00         0.00         0.00        10.66         34.47       350.54        82.55       433.09        11.66       421.43
3890          1.00         0.00         0.00         0.00         0.00         0.00         0.00         0.00         0.00       166.09         0.00        53.77          0.00     2,027.79       306.84     2,334.63       220.86     2,113.77
7526          1.00         0.00         0.00         0.00         0.00         0.00         0.00         0.00         0.00         0.00         0.00        24.36        100.90     1,202.73       287.39     1,490.12        25.36     1,464.76
3652          1.00         0.00         0.00         0.00         0.00       383.82         0.00         0.00         0.00       144.02         0.00        55.04          0.00     1,866.08       279.37     2,145.45       583.88     1,561.57
2530          1.00         0.00         0.00         0.00         0.00       158.67         0.00         0.00         0.00         0.00         0.00        19.82         45.63       861.38       165.85     1,027.23       179.49       847.74
1123          1.00         0.00         0.00         0.00         0.00         0.00         0.00         0.00         0.00        11.19         0.00        30.37          0.00     1,246.79       180.28     1,427.07        42.56     1,384.51
7580          1.00         0.00         0.00         0.00         0.00         0.00         0.00         0.00         0.00         0.00         0.00        18.65         39.00       861.38       159.22     1,020.60        19.65     1,000.95
7458          1.00         0.00         0.00         0.00         0.00         0.00         0.00         0.00         0.00         0.00         0.00        23.16         48.58       871.38       168.80     1,040.18        24.16     1,016.02
6104          1.00         0.00         0.00         0.00         0.00         0.00         0.00         0.00         0.00         0.00         0.00        27.98        126.14       970.79       345.76     1,316.55        28.98     1,287.57
7005          1.00         0.00         0.00         0.00         0.00         0.00         0.00         0.00         0.00         0.00         0.00        22.71         48.58       871.38       168.80     1,040.18        23.71     1,016.47
7259          1.00        48.00         0.00         0.00         0.00         0.00         0.00         0.00         0.00         0.00         0.00        21.08         43.15       904.52       196.50     1,101.02        70.08     1,030.94
7276          1.00         0.00         0.00         0.00         0.00         0.00         0.00         0.00         0.00         1.81         0.00        25.65          0.00     1,224.68       197.73     1,422.41        28.46     1,393.95
7312          1.00         0.00         0.00         0.00         0.00         0.00         0.00         0.00         0.00         0.00         0.00        21.10         48.58       871.38       168.80     1,040.18        22.10     1,018.08
7338          1.00         0.00         0.00         0.00         0.00         0.00         0.00         0.00         0.00         0.00         0.00        22.73         46.17       893.47       188.48     1,081.95        23.73     1,058.22
7581          1.00         0.00         0.00         0.00         0.00         0.00         0.00         0.00         0.00         0.00         0.00        18.65         35.08       871.38       155.30     1,026.68        19.65     1,007.03
5677          1.00         0.00         0.00         0.00         0.00         0.00         0.00         0.00         0.00         0.00         0.00        28.76          7.69     1,137.24       170.44     1,307.68        29.76     1,277.92
7531          1.00         0.00         0.00         0.00         0.00         0.00       413.52         0.00         0.00         0.00         0.00        14.59        125.46       682.93       165.64       848.57       429.11       419.46
6210          1.00         0.00       150.00         0.00         0.00         0.00         0.00         0.00         0.00         0.00         0.00        25.40         19.41       965.56       183.81     1,149.37       176.40       972.97
0849          1.00         0.00         0.00         0.00         0.00         0.00         0.00         0.00         0.00         0.00         0.00        25.48          9.02     1,061.11       147.59     1,208.70        26.48     1,182.22
7536          1.00         0.00         0.00         0.00         0.00         0.00         0.00         0.00         0.00         0.00         0.00        19.83         49.23       883.47       191.54     1,075.01        20.83     1,054.18
7538          1.00         0.00         0.00         0.00         0.00         0.00         0.00         0.00         0.00         0.00         0.00        20.43         28.18       871.38       192.58     1,063.96        21.43     1,042.53
7430          1.00         0.00         0.00         0.00         0.00         0.00         0.00         0.00         0.00        78.06         0.00        50.74          0.00     1,698.44       427.91     2,126.35       129.80     1,996.55
5181          1.00         0.00         0.00         0.00         0.00         0.00         0.00         0.00         0.00         0.00         0.00        21.11         50.54       871.38       170.76     1,042.14        22.11     1,020.03
7463          1.00         0.00         0.00         0.00         0.00         0.00         0.00         0.00         0.00         0.00         0.00        20.83         39.74       970.79       303.54     1,274.33        21.83     1,252.50
7057          1.00         0.00         0.00         0.00         0.00         0.00         0.00         0.00         0.00         0.00         0.00        25.05        138.05       861.38       258.27     1,119.65        26.05     1,093.60
5558          1.00         0.00         0.00         0.00         0.00         0.00         0.00         0.00         0.00         0.00         0.00        23.86         47.26       883.47       189.57     1,073.04        24.86     1,048.18
4746          1.00         0.00         0.00         0.00         0.00       316.68         0.00         0.00         0.00         0.00         0.00        31.06         92.08     1,283.83       319.39     1,603.22       348.74     1,254.48
7573          1.00         0.00         0.00         0.00         0.00         0.00         0.00         0.00         0.00         0.00         0.00        18.65         44.46       861.38       164.68     1,026.06        19.65     1,006.41
7516          1.00         0.00         0.00         0.00         0.00         0.00         0.00         0.00         0.00         0.00         0.00        21.43         22.45       937.65       175.80     1,113.45        22.43     1,091.02
7407          1.00         0.00         0.00         0.00         0.00         0.00         0.00         0.00         0.00         0.00         0.00        24.24         50.54       871.38       170.76     1,042.14        25.24     1,016.90
7540          1.00         0.00         0.00         0.00         0.00         0.00         0.00         0.00         0.00         0.00         0.00        20.12         49.23       883.47       191.54     1,075.01        21.12     1,053.89
2107          1.00         0.00         0.00         0.00         0.00       313.52         0.00         0.00         0.00        27.87         0.00        36.92          0.00     1,400.09       276.07     1,676.16       379.31     1,296.85
1424          1.00         0.00         0.00         0.00         0.00       429.40         0.00         0.00         0.00       334.49         0.00        95.78          0.00     2,960.33       689.95     3,650.28       860.67     2,789.61
5280          1.00         0.00         0.00       316.08         0.00       433.73         0.00         0.00         0.00       152.33         0.00        52.90          0.00     1,920.48       289.67     2,210.15       956.04     1,254.11
6472          1.00         0.00         0.00         0.00         0.00     1,224.02         0.00         0.00         0.00       573.18         0.00       115.27          0.00     4,077.78       889.13     4,966.91     1,913.47     3,053.44
6461          1.00         0.00         0.00         0.00         0.00         0.00         0.00         0.00         0.00         0.00         0.00        26.26          2.38     1,220.20       342.96     1,563.16        27.26     1,535.90
6765          1.00         0.00         0.00         0.00         0.00         0.00         0.00         0.00         0.00         2.37         0.00        29.83          0.00     1,236.79       180.28     1,417.07        33.20     1,383.87

















































EJECUTIVOS EN SERVICIOS DE ALIMENTOS, S.A. DE C.V.                                                                      Pagina: 0002
R.F.C.:                                                                                                                    5/NOV/19
REPORTE DE SUELDOS SEMANALES DEDUCCIONES


 
Codigo Desc Vales   Desc Zapatos Otras Deducc Desc Fonacot Pension Alim Desc Infonav Faltas       Inca Enferme Inca Riesgo  ISPT         Ajus ISPT    IMSS          Sub P/Empleo Tot Per Grav Tot Per Exce Total Percep Total Deducc Neto Pagado
..........................................................................................................................................................................................................................................
7012          1.00         0.00         0.00         0.00         0.00         0.00         0.00         0.00         0.00         0.00         0.00        21.57         48.58       871.38       168.80     1,040.18        22.57     1,017.61
5000          1.00         0.00         0.00         0.00         0.00         0.00         0.00         0.00         0.00         0.00         0.00        27.47         12.76     1,090.76       168.08     1,258.84        28.47     1,230.37
7586          1.00         0.00         0.00         0.00         0.00         0.00         0.00         0.00         0.00         0.00         0.00        10.66         28.96       436.75        89.24       525.99        11.66       514.33
7206          1.00         0.00         0.00         0.00         0.00         0.00         0.00         0.00         0.00         0.00         0.00        19.93         51.63       861.38       171.85     1,033.23        20.93     1,012.30
5644          1.00         0.00        30.00         0.00         0.00        88.97         0.00       666.19         0.00         0.00         0.00         8.14         67.99     1,052.00        93.98     1,145.98       794.30       351.68
7519          1.00         0.00         0.00         0.00         0.00         0.00         0.00         0.00         0.00         0.00         0.00        21.85         48.58       871.38       168.80     1,040.18        22.85     1,017.33
7582          1.00         0.00         0.00         0.00         0.00         0.00         0.00         0.00         0.00         0.00         0.00        18.65         44.45       861.38       164.67     1,026.05        19.65     1,006.40
7292          1.00         0.00         0.00         0.00         0.00         0.00         0.00         0.00         0.00         0.00         0.00        20.73         36.78       894.52       190.13     1,084.65        21.73     1,062.92
6690          1.00         0.00         0.00         0.00         0.00         0.00         0.00         0.00         0.00         0.00         0.00        21.92         47.26       883.47       189.57     1,073.04        22.92     1,050.12
0090          1.00         0.00         0.00         0.00         0.00       458.89         0.00         0.00         0.00        39.22         0.00        34.16          0.00     1,417.46       209.19     1,626.65       533.27     1,093.38
7587          1.00         0.00         0.00         0.00         0.00         0.00         0.00         0.00         0.00         0.00         0.00        10.66         34.47       350.54        82.55       433.09        11.66       421.43
7168          1.00         0.00         0.00         0.00         0.00         0.00         0.00         0.00         0.00         0.00         0.00        21.26         48.14       893.47       234.63     1,128.10        22.26     1,105.84
6958          0.00         0.00       100.00         0.00         0.00         0.00         0.00         0.00         0.00         0.00         0.00        21.20         84.99       204.31        84.99       289.30       121.20       168.10
4314          1.00         0.00         0.00         0.00         0.00         0.00         0.00         0.00         0.00        73.64         0.00        52.16          0.00     1,657.76       246.04     1,903.80       126.80     1,777.00
6193          1.00         0.00         0.00         0.00         0.00         0.00         0.00         0.00         0.00         0.00         0.00        26.32         10.96     1,090.76       166.28     1,257.04        27.32     1,229.72
5332          1.00         0.00         0.00         0.00         0.00         0.00         0.00         0.00         0.00         0.00         0.00        19.81         38.90       861.38       159.12     1,020.50        20.81       999.69
7485          1.00         0.00         0.00         0.00         0.00         0.00         0.00         0.00         0.00         0.00         0.00        23.11         17.65       981.83       182.05     1,163.88        24.11     1,139.77
7579          1.00         0.00         0.00         0.00         0.00         0.00       123.70         0.00         0.00         0.00         0.00        16.69         78.93       283.97       102.97       386.94       141.39       245.55
4287          1.00         0.00         0.00         0.00         0.00         0.00       163.22         0.00         0.00         0.00         0.00        23.43         48.91       979.83       173.16     1,152.99       187.65       965.34
6427          1.00         0.00         0.00         0.00         0.00         0.00         0.00         0.00         0.00         0.00         0.00        22.15         34.25       934.17       164.51     1,098.68        23.15     1,075.53
6504          1.00         0.00         0.00         0.00         0.00         0.00         0.00         0.00         0.00         0.00         0.00        22.90         38.26       871.38       158.48     1,029.86        23.90     1,005.96
7575          1.00         0.00       250.00         0.00         0.00         0.00         0.00         0.00         0.00         0.00         0.00        18.65         10.51     1,111.38       130.73     1,242.11       269.65       972.46
5745          1.00         0.00         0.00         0.00         0.00         0.00         0.00         0.00         0.00         0.00         0.00        20.28         44.54       926.61       219.98     1,146.59        21.28     1,125.31
6884          1.00         0.00         0.00         0.00         0.00         0.00         0.00         0.00         0.00         0.00         0.00        20.55         44.83       871.38       165.05     1,036.43        21.55     1,014.88
6849          1.00         0.00         0.00         0.00         0.00         0.00         0.00         0.00         0.00        81.44         0.00        29.52          0.00     1,269.00       263.80     1,532.80       111.96     1,420.84
7061          1.00         0.00         0.00         0.00         0.00         0.00         0.00         0.00         0.00         0.00         0.00        23.32        136.96       871.38       257.18     1,128.56        24.32     1,104.24
0881          1.00         0.00         0.00         0.00         0.00         0.00         0.00         0.00         0.00         0.00         0.00        20.45         51.63       861.38       171.85     1,033.23        21.45     1,011.78
6334          1.00         0.00         0.00         0.00         0.00         0.00         0.00         0.00         0.00        27.82         0.00        29.31          0.00     1,271.71       200.46     1,472.17        58.13     1,414.04
2413          1.00         0.00         0.00         0.00         0.00       361.79         0.00         0.00         0.00         0.00         0.00        26.27          1.97     1,207.48       200.44     1,407.92       389.06     1,018.86
7428          1.00         0.00         0.00         0.00         0.00         0.00         0.00         0.00         0.00         0.00         0.00        23.16         50.54       871.38       170.76     1,042.14        24.16     1,017.98
7567          1.00         0.00         0.00         0.00         0.00         0.00         0.00         0.00         0.00         0.00         0.00        20.55         38.90       861.38       159.12     1,020.50        21.55       998.95
2897          1.00         0.00         0.00         0.00         0.00         0.00         0.00         0.00         0.00         0.00         0.00        20.73         51.63       861.38       171.85     1,033.23        21.73     1,011.50
7558          1.00         0.00         0.00         0.00         0.00         0.00         0.00         0.00         0.00         0.00         0.00        26.12         47.26       883.47       189.57     1,073.04        27.12     1,045.92
6360          1.00         0.00         0.00         0.00         0.00         0.00         0.00         0.00         0.00         0.00         0.00        20.48         37.48       883.47       179.79     1,063.26        21.48     1,041.78
3318          1.00         0.00         0.00         0.00         0.00       469.96         0.00         0.00         0.00       179.02         0.00        55.88          0.00     2,108.56       301.36     2,409.92       705.86     1,704.06
5139          1.00         0.00         0.00         0.00         0.00       712.24         0.00         0.00         0.00       270.04         0.00        71.01          0.00     2,638.09       293.88     2,931.97     1,054.29     1,877.68
6083          1.00         0.00         0.00         0.00         0.00         0.00         0.00         0.00         0.00         0.00         0.00        23.01         19.22       967.31       226.79     1,194.10        24.01     1,170.09
6766          1.00         0.00         0.00         0.00         0.00         0.00         0.00         0.00         0.00         0.00         0.00        30.73          5.79     1,090.76       161.11     1,251.87        31.73     1,220.14
4137          1.00         0.00         0.00         0.00         0.00         0.00         0.00         0.00         0.00       318.64         0.00       102.55          0.00     2,886.12       442.57     3,328.69       422.19     2,906.50
7542          1.00         0.00         0.00         0.00         0.00         0.00         0.00         0.00         0.00         0.00         0.00        20.59         50.54       871.38       170.76     1,042.14        21.59     1,020.55
3780          1.00         0.00         0.00         0.00         0.00         0.00         0.00         0.00         0.00        30.85         0.00        34.85          0.00     1,427.46       271.90     1,699.36        66.70     1,632.66
7571          1.00         0.00         0.00         0.00         0.00         0.00         0.00         0.00         0.00         0.00         0.00        18.65         36.85       893.47       179.16     1,072.63        19.65     1,052.98
6205          1.00         0.00         0.00         0.00         0.00         0.00         0.00         0.00         0.00         0.00         0.00        23.39         36.13     1,003.92       266.80     1,270.72        24.39     1,246.33

















































EJECUTIVOS EN SERVICIOS DE ALIMENTOS, S.A. DE C.V.                                                                      Pagina: 0003
R.F.C.:                                                                                                                    5/NOV/19
REPORTE DE SUELDOS SEMANALES DEDUCCIONES


 
Codigo Desc Vales   Desc Zapatos Otras Deducc Desc Fonacot Pension Alim Desc Infonav Faltas       Inca Enferme Inca Riesgo  ISPT         Ajus ISPT    IMSS          Sub P/Empleo Tot Per Grav Tot Per Exce Total Percep Total Deducc Neto Pagado
..........................................................................................................................................................................................................................................
5027          1.00         0.00         0.00         0.00         0.00         0.00         0.00         0.00         0.00         0.00         0.00        30.19         12.28     1,183.31       175.67     1,358.98        31.19     1,327.79
7245          1.00         0.00         0.00         0.00         0.00         0.00         0.00         0.00         0.00         0.00         0.00        20.06         35.01       871.38       155.23     1,026.61        21.06     1,005.55
6839          1.00         0.00         0.00         0.00         0.00         0.00         0.00         0.00         0.00         0.00         0.00        20.23         44.54       926.61       219.98     1,146.59        21.23     1,125.36
5646          1.00         0.00         0.00         0.00         0.00         0.00         0.00         0.00         0.00         0.00         0.00        20.48         46.94       904.52       200.29     1,104.81        21.48     1,083.33
6978          1.00         0.00         0.00         0.00         0.00         0.00         0.00         0.00         0.00         0.00         0.00        21.55         50.54       871.38       170.76     1,042.14        22.55     1,019.59
6658          1.00         0.00         0.00         0.00         0.00       185.83         0.00         0.00         0.00        55.71         0.00        10.73          0.00       477.00       203.68       680.68       253.27       427.41
4458          1.00         0.00         0.00         0.00         0.00         0.00         0.00         0.00         0.00       112.16         0.00        41.53          0.00     1,690.71       338.67     2,029.38       154.69     1,874.69
7522          1.00         0.00         0.00         0.00         0.00         0.00       103.38         0.00         0.00         0.00         0.00        20.16         48.59       779.55       149.06       928.61       124.54       804.07
7574          1.00         0.00         0.00         0.00         0.00         0.00         0.00         0.00         0.00         0.00         0.00        18.65         38.91       861.38       159.13     1,020.51        19.65     1,000.86
5679          1.00         0.00         0.00         0.00         0.00         0.00         0.00         0.00         0.00         0.00         0.00        30.13         17.15     1,178.33       244.77     1,423.10        31.13     1,391.97
7417          1.00         0.00         0.00         0.00         0.00         0.00         0.00         0.00         0.00         0.00         0.00        21.44         11.63     1,037.06       341.70     1,378.76        22.44     1,356.32
7583          1.00         0.00         0.00         0.00         0.00         0.00         0.00         0.00         0.00         0.00         0.00        18.65         38.26       871.38       158.48     1,029.86        19.65     1,010.21
7530          1.00         0.00         0.00         0.00         0.00         0.00         0.00         0.00         0.00         0.00         0.00        20.17         49.10       883.47       191.41     1,074.88        21.17     1,053.71
7239          1.00         0.00         0.00         0.00         0.00         0.00         0.00         0.00         0.00         0.00         0.00        19.82         44.77       861.38       164.99     1,026.37        20.82     1,005.55
6028          1.00         0.00       100.00         0.00         0.00       375.15         0.00         0.00         0.00         1.33         0.00        26.66          0.00     1,220.21       283.64     1,503.85       504.14       999.71
6565          1.00         0.00         0.00         0.00         0.00         0.00         0.00         0.00         0.00         0.00         0.00        22.08         43.76       926.61       219.20     1,145.81        23.08     1,122.73
3218          1.00         0.00         0.00         0.00         0.00         0.00         0.00         0.00         0.00         0.00         0.00        23.10         34.25       934.17       208.69     1,142.86        24.10     1,118.76
3676          1.00         0.00         0.00         0.00         0.00         0.00         0.00         0.00         0.00        40.03         0.00        34.98          0.00     1,424.93       321.38     1,746.31        76.01     1,670.30
0445          1.00         0.00         0.00         0.00         0.00         0.00         0.00         0.00         0.00         0.00         0.00        27.47         11.60     1,080.83       166.93     1,247.76        28.47     1,219.29
5901          1.00         0.00         0.00         0.00         0.00         0.00         0.00         0.00         0.00         0.00         0.00        22.54         51.63       861.38       171.85     1,033.23        23.54     1,009.69
7269          1.00         0.00         0.00         0.00         0.00         0.00         0.00         0.00         0.00         0.00         0.00        21.43         50.55       871.38       170.77     1,042.15        22.43     1,019.72
2522          1.00         0.00         0.00         0.00         0.00         0.00         0.00         0.00         0.00         0.00         0.00        23.77         50.54       871.38       170.76     1,042.14        24.77     1,017.37
7555          1.00         0.00         0.00         0.00         0.00         0.00         0.00         0.00         0.00         0.00         0.00        21.36         46.06       894.52       199.41     1,093.93        22.36     1,071.57
0116          1.00         0.00         0.00         0.00         0.00         0.00         0.00         0.00         0.00        57.76         0.00        40.64          0.00     1,587.87       207.65     1,795.52        99.40     1,696.12
5506          1.00         0.00         0.00         0.00         0.00         0.00         0.00         0.00         0.00         0.00         0.00        26.07         21.55     1,153.63       249.73     1,403.36        27.07     1,376.29
7167          1.00        48.00         0.00         0.00         0.00         0.00       103.38         0.00         0.00         0.00         0.00        21.31         51.51       779.55       151.98       931.53       173.69       757.84
0236          1.00         0.00         0.00         0.00         0.00       491.03         0.00         0.00         0.00       162.81         0.00        55.28          0.00     2,007.27       301.96     2,309.23       710.12     1,599.11
7080          1.00         0.00         0.00         0.00         0.00         0.00         0.00         0.00         0.00        22.71         0.00        38.75          0.00     1,352.70       236.73     1,589.43        62.46     1,526.97
5965          1.00         0.00         0.00         0.00         0.00         0.00         0.00         0.00         0.00         0.00         0.00        26.89         10.96     1,090.76       166.28     1,257.04        27.89     1,229.15
7457          1.00         0.00         0.00         0.00         0.00         0.00         0.00         0.00         0.00         0.00         0.00        20.07         45.29       871.38       165.51     1,036.89        21.07     1,015.82
5447          1.00         0.00         0.00         0.00         0.00         0.00         0.00         0.00         0.00         0.00         0.00        20.16         49.23       883.47       191.54     1,075.01        21.16     1,053.85
6685          1.00         0.00         0.00         0.00         0.00         0.00         0.00         0.00         0.00         0.00         0.00        20.71         50.54       871.38       170.76     1,042.14        21.71     1,020.43
7489          1.00         0.00         0.00         0.00         0.00         0.00         0.00         0.00         0.00         0.00         0.00        22.04          8.03     1,070.19       194.52     1,264.71        23.04     1,241.67
5549          1.00         0.00         0.00         0.00         0.00         0.00         0.00         0.00         0.00         0.00         0.00        21.11         50.54       871.38       214.94     1,086.32        22.11     1,064.21
7554          1.00         0.00         0.00         0.00         0.00         0.00         0.00         0.00         0.00         0.00         0.00        20.27         50.54       871.38       170.76     1,042.14        21.27     1,020.87
4914          1.00         0.00         0.00         0.00         0.00         0.00         0.00         0.00         0.00         0.00         0.00        18.65         36.23       871.38       156.45     1,027.83        19.65     1,008.18
6349          1.00         0.00         0.00         0.00         0.00         0.00         0.00         0.00         0.00         0.00         0.00        20.26         38.26       871.38       158.48     1,029.86        21.26     1,008.60
7484          1.00         0.00         0.00         0.00         0.00         0.00         0.00         0.00         0.00         0.00         0.00        20.16         17.86     1,037.05       204.35     1,241.40        21.16     1,220.24
0854          1.00         0.00         0.00         0.00         0.00       306.68         0.00         0.00         0.00        42.40         0.00        36.20          0.00     1,533.67       328.62     1,862.29       386.28     1,476.01
7295          1.00        48.00         0.00         0.00         0.00         0.00         0.00         0.00         0.00         0.00         0.00        21.30         48.58       871.38       168.80     1,040.18        70.30       969.88
6832          1.00         0.00         0.00         0.00         0.00         0.00         0.00         0.00         0.00         0.00         0.00        20.58         50.54       871.38       170.76     1,042.14        21.58     1,020.56
4807          1.00         0.00         0.00         0.00         0.00         0.00         0.00         0.00         0.00       458.43         0.00       126.61          0.00     3,540.55       528.43     4,068.98       586.04     3,482.94
6821          1.00         0.00         0.00         0.00         0.00         0.00         0.00         0.00         0.00         0.00         0.00        26.69         19.00     1,080.76       174.32     1,255.08        27.69     1,227.39

















































EJECUTIVOS EN SERVICIOS DE ALIMENTOS, S.A. DE C.V.                                                                      Pagina: 0004
R.F.C.:                                                                                                                    5/NOV/19
REPORTE DE SUELDOS SEMANALES DEDUCCIONES


 
Codigo Desc Vales   Desc Zapatos Otras Deducc Desc Fonacot Pension Alim Desc Infonav Faltas       Inca Enferme Inca Riesgo  ISPT         Ajus ISPT    IMSS          Sub P/Empleo Tot Per Grav Tot Per Exce Total Percep Total Deducc Neto Pagado
..........................................................................................................................................................................................................................................
3169          1.00         0.00         0.00         0.00         0.00         0.00         0.00         0.00         0.00         0.00         0.00        21.65         38.26       871.38       158.48     1,029.86        22.65     1,007.21
6944          1.00         0.00         0.00         0.00         0.00         0.00         0.00       409.23         0.00         0.00         0.00        15.42         39.33       923.66       117.21     1,040.87       425.65       615.22
5737          1.00         0.00         0.00         0.00         0.00         0.00         0.00         0.00         0.00         0.00         0.00        13.32         29.89       582.34       154.44       736.78        14.32       722.46
5902          0.00         0.00         0.00         0.00         0.00         0.00         0.00         0.00         0.00         0.00         0.00         0.00          0.00         0.00         0.00         0.00         0.00         0.00
4514          1.00         0.00         0.00         0.00         0.00       318.08         0.00         0.00         0.00         0.00         0.00        30.05          3.23     1,178.33       172.56     1,350.89       349.13     1,001.76
6014          1.00         0.00         0.00         0.00         0.00         0.00         0.00         0.00         0.00         0.00         0.00        25.75          4.82     1,163.63       233.00     1,396.63        26.75     1,369.88
7551          1.00         0.00         0.00         0.00         0.00         0.00         0.00         0.00         0.00         0.00         0.00        18.65         21.30     1,136.46       207.79     1,344.25        19.65     1,324.60
6985          1.00         0.00         0.00         0.00         0.00         0.00         0.00         0.00         0.00       209.11         0.00        70.41          0.00     2,298.06       507.78     2,805.84       280.52     2,525.32
6831          1.00         0.00         0.00         0.00         0.00         0.00         0.00         0.00         0.00         0.00         0.00        20.29         24.74       916.61       200.18     1,116.79        21.29     1,095.50
3827          1.00         0.00         0.00         0.00         0.00         0.00         0.00         0.00         0.00         0.00         0.00        23.61         38.15       967.31       201.54     1,168.85        24.61     1,144.24
5412          0.00         0.00         0.00         0.00         0.00         0.00         0.00         0.00         0.00         0.00         0.00         0.00          0.00         0.00         0.00         0.00         0.00         0.00
4504          1.00         0.00         0.00         0.00         0.00         0.00         0.00         0.00         0.00       193.63         0.00        58.69          0.00     2,199.89       318.38     2,518.27       253.32     2,264.95
7395          1.00         0.00         0.00         0.00         0.00         0.00         0.00         0.00         0.00         0.00         0.00        20.53         40.94       959.74       260.56     1,220.30        21.53     1,198.77
0214          1.00         0.00         0.00         0.00         0.00         0.00         0.00         0.00         0.00       480.26         0.00       129.66          0.00     3,642.75       528.43     4,171.18       610.92     3,560.26
7376          1.00         0.00         0.00         0.00         0.00         0.00         0.00         0.00         0.00         0.00         0.00        23.43         48.58       871.38       168.80     1,040.18        24.43     1,015.75
7212          1.00         0.00         0.00         0.00         0.00       335.65         0.00         0.00         0.00         0.00         0.00        20.80         48.58       871.38       168.80     1,040.18       357.45       682.73
6321          1.00         0.00         0.00         0.00         0.00         0.00       103.38         0.00         0.00         0.00         0.00        19.52         65.67       832.02       174.53     1,006.55       123.90       882.65
5232          1.00         0.00         0.00         0.00         0.00         0.00         0.00         0.00         0.00         0.00         0.00        22.87        130.71       928.79       291.87     1,220.66        23.87     1,196.79
4958          1.00         0.00         0.00         0.00         0.00         0.00         0.00         0.00         0.00         0.00         0.00        22.72         48.58       871.38       168.80     1,040.18        23.72     1,016.46
3979          1.00         0.00         0.00         0.00         0.00         0.00         0.00         0.00         0.00       394.31         0.00       143.76          0.00     3,240.39       499.26     3,739.65       539.07     3,200.58
0442          1.00         0.00         0.00         0.00         0.00         0.00         0.00         0.00         0.00         0.00         0.00        31.74         56.53     1,382.44       360.25     1,742.69        32.74     1,709.95
7330          0.00         0.00         0.00         0.00         0.00         0.00         0.00         0.00         0.00         0.00         0.00         0.00          0.00         0.00         0.00         0.00         0.00         0.00
7243          1.00         0.00         0.00         0.00         0.00         0.00         0.00         0.00         0.00         0.00         0.00        21.11         31.82       916.61       207.26     1,123.87        22.11     1,101.76
7467          1.00         0.00         0.00         0.00         0.00         0.00         0.00         0.00         0.00         0.00         0.00        20.76         50.54       871.38       214.94     1,086.32        21.76     1,064.56
7397          1.00         0.00         0.00         0.00         0.00         0.00       103.38         0.00         0.00         0.00         0.00        18.90         70.26       779.55       170.73       950.28       123.28       827.00
7421          1.00         0.00         0.00         0.00         0.00         0.00         0.00         0.00         0.00         0.00         0.00        22.63         32.52     1,037.06       185.87     1,222.93        23.63     1,199.30
7298          1.00         0.00         0.00         0.00         0.00         0.00         0.00         0.00         0.00        51.40         0.00        34.24          0.00     1,529.48       313.14     1,842.62        86.64     1,755.98
5396          1.00        48.00         0.00         0.00         0.00         0.00         0.00         0.00         0.00         0.00         0.00        23.66         34.03       937.65       264.70     1,202.35        72.66     1,129.69
5704          1.00         0.00         0.00         0.00         0.00         0.00         0.00         0.00         0.00        17.59         0.00        32.63          0.00     1,305.66       252.41     1,558.07        51.22     1,506.85
7503          1.00         0.00         0.00         0.00         0.00         0.00         0.00         0.00         0.00         0.00         0.00        20.06         35.01       871.38       155.23     1,026.61        21.06     1,005.55
7557          1.00         0.00         0.00         0.00         0.00         0.00       103.38         0.00         0.00         0.00         0.00        21.20         70.66       779.55       171.13       950.68       125.58       825.10
7190          1.00         0.00         0.00         0.00         0.00         0.00         0.00         0.00         0.00         0.00         0.00        20.77         38.26       871.38       158.48     1,029.86        21.77     1,008.09
7280          1.00         0.00         0.00         0.00         0.00         0.00       103.38         0.00         0.00         0.00         0.00        18.86         68.95       801.64       191.51       993.15       123.24       869.91
5588          1.00         0.00         0.00         0.00         0.00         0.00         0.00         0.00         0.00         0.00         0.00        23.67         50.54       871.38       170.76     1,042.14        24.67     1,017.47
6203          1.00         0.00         0.00         0.00         0.00         0.00         0.00         0.00         0.00         0.00         0.00        21.83         50.54       871.38       214.94     1,086.32        22.83     1,063.49
6582          1.00         0.00         0.00         0.00         0.00         0.00         0.00         0.00         0.00         0.00         0.00        21.01         36.79       894.52       190.14     1,084.66        22.01     1,062.65
7226          1.00         0.00         0.00         0.00         0.00         0.00         0.00         0.00         0.00         0.00         0.00        20.80         48.58       871.38       168.80     1,040.18        21.80     1,018.38
7272          1.00         0.00         0.00         0.00         0.00         0.00       103.38         0.00         0.00         0.00         0.00        17.95         48.57       779.55       149.04       928.59       122.33       806.26
3326          1.00         0.00         0.00         0.00         0.00         0.00         0.00         0.00         0.00        30.85         0.00        35.29          0.00     1,427.46       209.19     1,636.65        67.14     1,569.51
3960          1.00         0.00         0.00         0.00         0.00       266.64         0.00         0.00         0.00         8.53         0.00        31.83          0.00     1,222.34       207.22     1,429.56       308.00     1,121.56
2233          0.00         0.00         0.00         0.00         0.00         0.00         0.00         0.00         0.00         0.00         0.00         0.00          0.00         0.00         0.00         0.00         0.00         0.00
7584          1.00         0.00         0.00         0.00         0.00         0.00         0.00         0.00         0.00         0.00         0.00        18.65         38.90       861.38       159.12     1,020.50        19.65     1,000.85
0449          1.00         0.00       250.00         0.00         0.00       383.40         0.00         0.00         0.00         0.00         0.00        34.80         66.15     1,294.06       295.96     1,590.02       669.20       920.82

















































EJECUTIVOS EN SERVICIOS DE ALIMENTOS, S.A. DE C.V.                                                                      Pagina: 0005
R.F.C.:                                                                                                                    5/NOV/19
REPORTE DE SUELDOS SEMANALES DEDUCCIONES


 
Codigo Desc Vales   Desc Zapatos Otras Deducc Desc Fonacot Pension Alim Desc Infonav Faltas       Inca Enferme Inca Riesgo  ISPT         Ajus ISPT    IMSS          Sub P/Empleo Tot Per Grav Tot Per Exce Total Percep Total Deducc Neto Pagado
..........................................................................................................................................................................................................................................
6934          1.00         0.00         0.00         0.00         0.00         0.00         0.00         0.00         0.00       342.85         0.00        86.70          0.00     2,999.45       460.71     3,460.16       430.55     3,029.61
7137          1.00         0.00         0.00         0.00         0.00         0.00         0.00         0.00         0.00        19.44         0.00        34.27          0.00     1,387.77       253.40     1,641.17        54.71     1,586.46
6682          1.00         0.00         0.00         0.00         0.00         0.00       123.70         0.00         0.00         0.00         0.00        18.03         50.20       764.80       146.37       911.17       142.73       768.44
1269          1.00         0.00         0.00         0.00         0.00         0.00         0.00         0.00         0.00         0.00         0.00        23.38         38.26       871.38       158.48     1,029.86        24.38     1,005.48
7523          1.00         0.00         0.00         0.00         0.00         0.00         0.00         0.00         0.00         0.00         0.00        20.06         45.55       893.47       187.86     1,081.33        21.06     1,060.27
6006          1.00         0.00         0.00         0.00         0.00         0.00         0.00         0.00         0.00         0.00         0.00        23.21         48.58       871.38       168.80     1,040.18        24.21     1,015.97
1419          1.00         0.00         0.00         0.00         0.00       268.68         0.00         0.00         0.00        21.00         0.00        34.49          0.00     1,337.02       221.05     1,558.07       325.17     1,232.90
7453          0.00         0.00         0.00         0.00         0.00         0.00       206.76         0.00         0.00         0.00         0.00        17.02         44.15       827.71        44.15       871.86       223.78       648.08
7545          1.00         0.00         0.00         0.00         0.00         0.00         0.00         0.00         0.00        17.60         0.00        34.53          0.00     1,305.66       189.70     1,495.36        53.13     1,442.23
5905          1.00         0.00         0.00         0.00         0.00         0.00         0.00         0.00         0.00       105.90         0.00        42.56          0.00     1,493.80       330.80     1,824.60       149.46     1,675.14
7462          1.00         0.00         0.00         0.00         0.00         0.00         0.00         0.00         0.00         0.00         0.00        21.71         50.54       871.38       170.76     1,042.14        22.71     1,019.43
3525          1.00         0.00         0.00         0.00         0.00         0.00         0.00         0.00         0.00        51.24         0.00        29.89          0.00     1,527.97       242.76     1,770.73        82.13     1,688.60
2451          1.00         0.00         0.00         0.00         0.00         0.00         0.00         0.00         0.00         0.00         0.00        20.99         48.14       893.47       234.63     1,128.10        21.99     1,106.11
6885          1.00         0.00         0.00         0.00         0.00         0.00         0.00         0.00         0.00         0.00         0.00        21.49          9.23     1,059.15       184.67     1,243.82        22.49     1,221.33
4775          1.00         0.00         0.00         0.00         0.00         0.00         0.00         0.00         0.00         0.00         0.00        21.97         48.58       871.38       212.98     1,084.36        22.97     1,061.39
7528          1.00         0.00         0.00         0.00         0.00         0.00         0.00         0.00         0.00         0.00         0.00        21.10         12.83     1,026.01       331.86     1,357.87        22.10     1,335.77
5671          1.00         0.00         0.00         0.00         0.00         0.00         0.00         0.00         0.00       148.27         0.00        48.96          0.00     1,883.24       283.71     2,166.95       198.23     1,968.72
4832          1.00         0.00         0.00         0.00         0.00         0.00         0.00         0.00         0.00         0.00         0.00        22.05         48.58       871.38       168.80     1,040.18        23.05     1,017.13
6567          1.00         0.00         0.00         0.00         0.00         0.00         0.00         0.00         0.00         0.00         0.00        24.20        136.96       871.38       257.18     1,128.56        25.20     1,103.36
3321          1.00         0.00         0.00         0.00         0.00         0.00         0.00         0.00         0.00       161.88         0.00        56.36          0.00     2,001.43       241.96     2,243.39       219.24     2,024.15
7577          1.00         0.00         0.00         0.00         0.00         0.00         0.00         0.00         0.00         0.00         0.00        18.65         36.87       861.38       157.09     1,018.47        19.65       998.82
2112          1.00         0.00         0.00         0.00         0.00         0.00         0.00         0.00         0.00         0.00         0.00        20.82         50.54       871.38       170.76     1,042.14        21.82     1,020.32
0624          1.00         0.00         0.00         0.00         0.00         0.00         0.00         0.00         0.00       184.37         0.00        51.47          0.00     2,142.03       342.49     2,484.52       236.84     2,247.68
6877          1.00         0.00         0.00       141.34         0.00         0.00         0.00         0.00         0.00         0.00         0.00        24.60         66.21       861.38       186.43     1,047.81       166.94       880.87
4385          1.00         0.00         0.00         0.00         0.00         0.00         0.00         0.00         0.00         3.74         0.00        30.62          0.00     1,178.33       396.11     1,574.44        35.36     1,539.08
7378          1.00         0.00         0.00         0.00         0.00         0.00       123.70         0.00         0.00         0.00         0.00        17.73         69.32       764.80       165.49       930.29       142.43       787.86
0366          1.00         0.00         0.00         0.00         0.00         0.00         0.00         0.00         0.00       319.34         0.00       101.08          0.00     2,889.42       444.70     3,334.12       421.42     2,912.70
6206          1.00         0.00         0.00         0.00         0.00         0.00         0.00         0.00         0.00         0.00         0.00        26.76         10.96     1,090.76       200.95     1,291.71        27.76     1,263.95
 
*** GLO     194.00       192.00     1,130.00       457.42         0.00     8,282.83     1,878.26     1,075.42         0.00     6,226.73         0.00     5,704.48      6,621.56   222,441.92                265,374.59    25,141.14   240,233.45
  





























































