EJECUTIVOS EN SERVICIOS DE ALIMENTOS, S.A. DE C.V.                                                                      Pagina: 0001
R.F.C.:                                                                                                                    5/NOV/19
REPORTE DE SUELDOS SEMANALES DEDUCCIONES


 
Codigo Desc Vales   Desc Zapatos Otras Deducc Desc Fonacot Pension Alim Desc Infonav Faltas       Inca Enferme Inca Riesgo  ISPT         Ajus ISPT    IMSS          Sub P/Empleo Tot Per Grav Tot Per Exce Total Percep Total Deducc Neto Pagado
..........................................................................................................................................................................................................................................
5761          1.00         0.00         0.00         0.00         0.00         0.00       104.13         0.00         0.00         0.00         0.00        20.09         49.14       780.28       149.61       929.89       125.22       804.67
7505          1.00         0.00         0.00         0.00         0.00         0.00         0.00         0.00         0.00         0.00         0.00        21.06         38.26       871.38       158.48     1,029.86        22.06     1,007.80
6600          1.00         0.00         0.00         0.00         0.00         0.00         0.00         0.00         0.00         0.00         0.00        20.97         36.77       894.76       297.70     1,192.46        21.97     1,170.49
7685          1.00         0.00         0.00         0.00         0.00         0.00         0.00         0.00         0.00         0.00         0.00        21.58         38.26       871.38       202.98     1,074.36        22.58     1,051.78
5933          1.00         0.00         0.00         0.00         0.00         0.00         0.00         0.00         0.00         0.00         0.00        21.94         55.44       960.38       264.66     1,225.04        22.94     1,202.10
7170          1.00         0.00         0.00         0.00         0.00         0.00         0.00         0.00         0.00         0.00         0.00        22.83         12.19     1,071.63       165.78     1,237.41        23.83     1,213.58
5618          1.00         0.00       200.00         0.00         0.00         0.00         0.00         0.00         0.00         0.00         0.00        25.34         49.09       861.38       169.31     1,030.69       226.34       804.35
5201          1.00         0.00         0.00         0.00         0.00       312.81         0.00         0.00         0.00        30.85         0.00        37.48          0.00     1,427.46       209.19     1,636.65       382.14     1,254.51
3890          1.00         0.00         0.00         0.00         0.00         0.00         0.00         0.00         0.00       178.37         0.00        54.71          0.00     2,104.51       319.12     2,423.63       234.08     2,189.55
7688          1.00         0.00         0.00         0.00         0.00         0.00       249.20         0.00         0.00         0.00         0.00        15.94         50.44       730.02        98.52       828.54       266.14       562.40
6654          1.00         0.00         0.00         0.00         0.00         0.00         0.00         0.00         0.00         0.00         0.00        24.10         12.75     1,090.76       226.36     1,317.12        25.10     1,292.02
3652          1.00         0.00         0.00         0.00         0.00       383.82         0.00         0.00         0.00       154.01         0.00        53.17          0.00     1,935.94       367.50     2,303.44       592.00     1,711.44
1123          1.00         0.00         0.00         0.00         0.00         0.00         0.00         0.00         0.00        66.50         0.00        34.93          0.00     1,668.16       328.59     1,996.75       102.43     1,894.32
7593          1.00         0.00         0.00         0.00         0.00         0.00         0.00         0.00         0.00         0.00         0.00        23.86         28.18       871.38       148.40     1,019.78        24.86       994.92
7669          1.00         0.00         0.00         0.00         0.00         0.00       136.41         0.00         0.00         0.00         0.00        27.38        134.08     1,034.20       270.09     1,304.29       164.79     1,139.50
7259          1.00         0.00         0.00         0.00         0.00         0.00         0.00         0.00         0.00         0.00         0.00        20.22         44.37       928.13       197.96     1,126.09        21.22     1,104.87
7312          1.00         0.00         0.00         0.00         0.00         0.00         0.00         0.00         0.00         0.00         0.00        21.43         28.18       871.38       148.40     1,019.78        22.43       997.35
7338          1.00         0.00         0.00         0.00         0.00         0.00         0.00         0.00         0.00         0.00         0.00        21.05         38.26       871.38       158.48     1,029.86        22.05     1,007.81
7600          1.00         0.00         0.00         0.00         0.00         0.00         0.00         0.00         0.00         0.00         0.00        22.36         44.80       861.38       165.02     1,026.40        23.36     1,003.04
5677          1.00         0.00         0.00         0.00         0.00         0.00         0.00         0.00         0.00         0.00         0.00        28.65          8.77     1,127.24       171.52     1,298.76        29.65     1,269.11
4008          1.00         0.00         0.00         0.00         0.00         0.00         0.00         0.00         0.00       149.79         0.00        58.09          0.00     2,007.27       301.96     2,309.23       208.88     2,100.35
7690          1.00         0.00         0.00         0.00         0.00         0.00         0.00         0.00         0.00        13.27         0.00        20.05          0.00     1,372.01       220.34     1,592.35        34.32     1,558.03
6210          1.00         0.00         0.00         0.00         0.00         0.00         0.00         0.00         0.00         0.00         0.00        26.54        131.51       921.38       278.56     1,199.94        27.54     1,172.40
7701          1.00         0.00         0.00         0.00         0.00         0.00       258.75         0.00         0.00         0.00         0.00        22.77         53.56     1,076.28       268.43     1,344.71       282.52     1,062.19
7697          1.00         0.00         0.00         0.00         0.00         0.00         0.00         0.00         0.00       230.74         0.00        46.96          0.00     1,720.10       387.90     2,108.00       278.70     1,829.30
0849          1.00         0.00         0.00         0.00         0.00         0.00         0.00         0.00         0.00        90.27         0.00        26.56          0.00     1,778.74       293.23     2,071.97       117.83     1,954.14
7536          1.00         0.00         0.00         0.00         0.00         0.00         0.00         0.00         0.00         0.00         0.00        20.74         34.30       883.63       176.77     1,060.40        21.74     1,038.66
7430          1.00         0.00         0.00         0.00         0.00         0.00         0.00         0.00         0.00       113.56         0.00        45.34          0.00     1,564.18       232.66     1,796.84       159.90     1,636.94
5181          1.00         0.00         0.00         0.00         0.00         0.00         0.00         0.00         0.00         0.00         0.00        21.67         38.26       871.38       158.48     1,029.86        22.67     1,007.19
7655          1.00         0.00         0.00         0.00         0.00         0.00         0.00         0.00         0.00         0.00         0.00        21.00         38.19       872.51       169.53     1,042.04        22.00     1,020.04
7057          1.00         0.00         0.00         0.00         0.00         0.00         0.00         0.00         0.00         0.00         0.00        24.47         49.67       861.38       169.89     1,031.27        25.47     1,005.80
5558          1.00         0.00         0.00         0.00         0.00         0.00         0.00         0.00         0.00         0.00         0.00        21.85         30.36       994.88       250.70     1,245.58        22.85     1,222.73
4746          1.00         0.00         0.00         0.00         0.00       337.44         0.00         0.00         0.00        25.88         0.00        31.93          0.00     1,381.79       301.00     1,682.79       396.25     1,286.54
7643          1.00         0.00         0.00         0.00         0.00         0.00         0.00         0.00         0.00         0.00         0.00        20.10         34.63       878.07       171.53     1,049.60        21.10     1,028.50
7573          1.00         0.00         0.00         0.00         0.00         0.00         0.00         0.00         0.00         0.00         0.00        21.32        114.19       350.55       162.27       512.82        22.32       490.50
7663          1.00         0.00         0.00         0.00         0.00         0.00         0.00         0.00         0.00         0.00         0.00        22.08         35.35       917.01       211.19     1,128.20        23.08     1,105.12
7407          1.00         0.00         0.00         0.00         0.00         0.00         0.00         0.00         0.00         0.00         0.00        25.09         61.49       904.76       215.08     1,119.84        26.09     1,093.75
7704          1.00         0.00         0.00         0.00         0.00         0.00         0.00         0.00         0.00         0.00         0.00        19.21         38.90       861.38       159.12     1,020.50        20.21     1,000.29
1424          1.00         0.00         0.00         0.00         0.00       457.22         0.00         0.00         0.00       277.55         0.00        92.91          0.00     2,679.97       409.59     3,089.56       828.68     2,260.88
5280          1.00         0.00         0.00         0.00         0.00       439.54         0.00         0.00         0.00       152.33         0.00        50.52          0.00     1,920.48       289.67     2,210.15       643.39     1,566.76
6461          1.00         0.00       200.00         0.00         0.00         0.00         0.00         0.00         0.00        71.29         0.00        34.93          0.00     1,636.28       425.09     2,061.37       307.22     1,754.15
6765          1.00         0.00         0.00         0.00         0.00         0.00         0.00         0.00         0.00        15.01         0.00        35.24          0.00     1,281.87       187.49     1,469.36        51.25     1,418.11
7694          1.00         0.00         0.00         0.00         0.00         0.00         0.00         0.00         0.00         0.00         0.00        21.39         38.26       871.38       202.98     1,074.36        22.39     1,051.97

















































EJECUTIVOS EN SERVICIOS DE ALIMENTOS, S.A. DE C.V.                                                                      Pagina: 0002
R.F.C.:                                                                                                                    5/NOV/19
REPORTE DE SUELDOS SEMANALES DEDUCCIONES


 
Codigo Desc Vales   Desc Zapatos Otras Deducc Desc Fonacot Pension Alim Desc Infonav Faltas       Inca Enferme Inca Riesgo  ISPT         Ajus ISPT    IMSS          Sub P/Empleo Tot Per Grav Tot Per Exce Total Percep Total Deducc Neto Pagado
..........................................................................................................................................................................................................................................
6657          1.00         0.00         0.00         0.00         0.00         0.00         0.00         0.00         0.00         0.00         0.00        20.03         37.48       883.63       224.45     1,108.08        21.03     1,087.05
5000          1.00         0.00         0.00         0.00         0.00         0.00         0.00         0.00         0.00         0.00         0.00        28.35          8.65     1,129.61       170.18     1,299.79        29.35     1,270.44
7586          1.00         0.00         0.00         0.00         0.00         0.00         0.00         0.00         0.00        56.25         0.00        28.57          0.00     1,227.38       209.22     1,436.60        85.82     1,350.78
7649          1.00         0.00         0.00         0.00         0.00         0.00         0.00         0.00         0.00         0.00         0.00        20.76         35.34       917.01       211.18     1,128.19        21.76     1,106.43
5644          1.00         0.00         0.00         0.00         0.00       331.25         0.00         0.00         0.00        38.08         0.00        31.10          0.00     1,493.93       289.86     1,783.79       401.43     1,382.36
7519          1.00         0.00         0.00         0.00         0.00         0.00         0.00         0.00         0.00       107.18         0.00        31.55          0.00     1,505.51       220.34     1,725.85       139.73     1,586.12
6638          1.00         0.00         0.00         0.00         0.00         0.00         0.00         0.00         0.00         0.00         0.00        20.20         44.80       861.38       165.02     1,026.40        21.20     1,005.20
6690          1.00         0.00         0.00         0.00         0.00         0.00         0.00         0.00         0.00         0.00         0.00        21.85         32.50       961.51       252.84     1,214.35        22.85     1,191.50
7168          0.00         0.00         0.00         0.00         0.00         0.00         0.00         0.00         0.00         0.00         0.00        21.88         12.77     1,125.10       124.02     1,249.12        21.88     1,227.24
7684          0.00         0.00         0.00         0.00         0.00         0.00       312.39         0.00         0.00         0.00         0.00        16.39         58.44       777.65        58.44       836.09       328.78       507.31
7681          1.00         0.00         0.00         0.00         0.00         0.00         0.00         0.00         0.00         0.00         0.00        21.26         44.80       861.38       165.02     1,026.40        22.26     1,004.14
6958          1.00         0.00         0.00         0.00         0.00         0.00         0.00         0.00         0.00         0.00         0.00        27.86          3.74     1,125.72       123.96     1,249.68        28.86     1,220.82
7718          1.00         0.00         0.00         0.00         0.00         0.00         0.00         0.00         0.00         0.00         0.00        18.65         38.26       871.38       202.98     1,074.36        19.65     1,054.71
6542          1.00         0.00         0.00         0.00         0.00         0.00         0.00         0.00         0.00         0.00         0.00        24.07         49.05       905.88       213.77     1,119.65        25.07     1,094.58
4314          1.00         0.00         0.00         0.00         0.00         0.00         0.00         0.00         0.00       130.44         0.00        43.56          0.00     1,719.29       317.04     2,036.33       175.00     1,861.33
7485          1.00         0.00         0.00         0.00         0.00         0.00         0.00         0.00         0.00         0.00         0.00        22.31         65.13       871.38       229.85     1,101.23        23.31     1,077.92
7714          1.00         0.00         0.00         0.00         0.00         0.00       249.20         0.00         0.00         0.00         0.00        14.72         50.10       730.02       122.23       852.25       264.92       587.33
7632          1.00         0.00         0.00         0.00         0.00         0.00         0.00         0.00         0.00         0.00         0.00        21.24         43.47       893.63       230.44     1,124.07        22.24     1,101.83
4287          1.00         0.00         0.00         0.00         0.00         0.00         0.00         0.00         0.00         7.76         0.00        31.45          0.00     1,286.40       155.32     1,441.72        40.21     1,401.51
7673          1.00         0.00         0.00         0.00         0.00         0.00         0.00         0.00         0.00         0.00         0.00        23.00         33.29       883.63       175.76     1,059.39        24.00     1,035.39
7696          1.00         0.00         0.00         0.00         0.00         0.00       104.13         0.00         0.00         0.00         0.00        20.91         48.57       780.28       149.04       929.32       126.04       803.28
6504          1.00         0.00         0.00         0.00         0.00         0.00         0.00         0.00         0.00         0.00         0.00        22.62         48.58       871.38       168.80     1,040.18        23.62     1,016.56
7716          0.00         0.00         0.00         0.00         0.00         0.00         0.00         0.00         0.00         0.00         0.00         0.00          0.00         0.00         0.00         0.00         0.00         0.00
5745          1.00         0.00         0.00         0.00         0.00         0.00         0.00         0.00         0.00         0.00         0.00        20.64         38.27       871.38       202.99     1,074.37        21.64     1,052.73
7617          1.00         0.00         0.00         0.00         0.00         0.00         0.00         0.00         0.00        55.09         0.00        32.84          0.00     1,526.36       220.34     1,746.70        88.93     1,657.77
7604          1.00         0.00         0.00         0.00         0.00         0.00         0.00         0.00         0.00         0.00         0.00        21.38         35.01       871.38       155.23     1,026.61        22.38     1,004.23
7061          1.00         0.00         0.00         0.00         0.00         0.00         0.00         0.00         0.00         0.00         0.00        25.73         11.96     1,138.38       198.93     1,337.31        26.73     1,310.58
7627          1.00         0.00         0.00         0.00         0.00         0.00         0.00         0.00         0.00         0.00         0.00        21.28         35.01       871.38       155.23     1,026.61        22.28     1,004.33
7698          1.00         0.00         0.00         0.00         0.00         0.00         0.00         0.00         0.00         0.00         0.00        22.40         38.90       861.38       159.12     1,020.50        23.40       997.10
7633          1.00         0.00         0.00         0.00         0.00         0.00       124.60         0.00         0.00         0.00         0.00        18.72         52.27       787.95       170.69       958.64       144.32       814.32
3894          0.00         0.00         0.00         0.00         0.00         0.00         0.00         0.00         0.00         0.00         0.00         0.00          0.00         0.00         0.00         0.00         0.00         0.00
7712          1.00         0.00         0.00         0.00         0.00         0.00         0.00         0.00         0.00         0.00         0.00        18.65          8.72     1,125.86       173.44     1,299.30        19.65     1,279.65
7428          1.00         0.00         0.00         0.00         0.00         0.00         0.00         0.00         0.00         0.00         0.00        22.37         48.58       871.38       168.80     1,040.18        23.37     1,016.81
2897          1.00         0.00         0.00         0.00         0.00         0.00         0.00         0.00         0.00         0.00         0.00        20.45         44.80       861.38       165.02     1,026.40        21.45     1,004.95
7558          1.00         0.00         0.00         0.00         0.00         0.00       124.60         0.00         0.00         0.00         0.00        19.48         47.04       765.70       143.21       908.91       145.08       763.83
6360          1.00         0.00         0.00         0.00         0.00         0.00       124.60         0.00         0.00         0.00         0.00        18.87         50.23       821.33       202.02     1,023.35       144.47       878.88
7726          1.00         0.00         0.00         0.00         0.00         0.00         0.00         0.00         0.00         0.00         0.00         7.99         24.04       291.17        64.22       355.39         8.99       346.40
7614          1.00         0.00         0.00         0.00         0.00         0.00         0.00         0.00         0.00        21.32         0.00        26.53          0.00     1,416.24       220.34     1,636.58        48.85     1,587.73
3318          1.00         0.00         0.00         0.00         0.00       500.52         0.00         0.00         0.00       191.06         0.00        59.93          0.00     2,183.88       313.42     2,497.30       752.51     1,744.79
7706          1.00         0.00         0.00         0.00         0.00         0.00         0.00         0.00         0.00         0.00         0.00        19.98         38.27       871.38       202.99     1,074.37        20.98     1,053.39
5139          1.00         0.00         0.00         0.00         0.00       759.20         0.00         0.00         0.00       276.34         0.00        80.08          0.00     2,688.09       343.88     3,031.97     1,116.62     1,915.35
6083          1.00         0.00         0.00         0.00         0.00         0.00         0.00         0.00         0.00         0.00         0.00        23.19         30.40     1,056.54       294.16     1,350.70        24.19     1,326.51
6766          1.00         0.00         0.00         0.00         0.00         0.00         0.00         0.00         0.00         0.00         0.00        42.86          8.47     1,129.61       278.17     1,407.78        43.86     1,363.92

















































EJECUTIVOS EN SERVICIOS DE ALIMENTOS, S.A. DE C.V.                                                                      Pagina: 0003
R.F.C.:                                                                                                                    5/NOV/19
REPORTE DE SUELDOS SEMANALES DEDUCCIONES


 
Codigo Desc Vales   Desc Zapatos Otras Deducc Desc Fonacot Pension Alim Desc Infonav Faltas       Inca Enferme Inca Riesgo  ISPT         Ajus ISPT    IMSS          Sub P/Empleo Tot Per Grav Tot Per Exce Total Percep Total Deducc Neto Pagado
..........................................................................................................................................................................................................................................
4137          1.00         0.00         0.00         0.00         0.00         0.00         0.00         0.00         0.00       371.81         0.00        93.93          0.00     3,135.04       482.40     3,617.44       466.74     3,150.70
7542          1.00         0.00         0.00         0.00         0.00         0.00         0.00         0.00         0.00         0.00         0.00        21.27         18.95     1,071.63       172.54     1,244.17        22.27     1,221.90
3780          1.00         0.00         0.00         0.00         0.00         0.00         0.00         0.00         0.00        43.72         0.00        40.34          0.00     1,458.82       240.54     1,699.36        85.06     1,614.30
7678          1.00         0.00         0.00         0.00         0.00         0.00         0.00         0.00         0.00         0.00         0.00        22.93         10.49     1,305.26       230.83     1,536.09        23.93     1,512.16
6205          1.00         0.00         0.00         0.00         0.00         0.00         0.00         0.00         0.00         0.00         0.00        21.32         48.58       871.38       168.80     1,040.18        22.32     1,017.86
5027          1.00         0.00         0.00         0.00         0.00         0.00         0.00         0.00         0.00         0.00         0.00        27.24         18.25     1,150.17       148.51     1,298.68        28.24     1,270.44
7695          1.00         0.00         0.00         0.00         0.00         0.00         0.00         0.00         0.00         0.00         0.00        22.48         35.57       861.38       155.79     1,017.17        23.48       993.69
6839          1.00         0.00         0.00         0.00         0.00         0.00         0.00         0.00         0.00         0.00         0.00        22.03         59.07       927.01       234.91     1,161.92        23.03     1,138.89
5646          1.00         0.00         0.00         0.00         0.00         0.00         0.00         0.00         0.00         0.00         0.00        22.08         22.21     1,004.88       209.18     1,214.06        23.08     1,190.98
7708          1.00         0.00         0.00         0.00         0.00         0.00       104.13         0.00         0.00         0.00         0.00        16.69         58.81       780.28       159.28       939.56       121.82       817.74
6978          1.00         0.00         0.00         0.00         0.00         0.00       104.13         0.00         0.00         0.00         0.00        19.66         79.15       780.28       179.62       959.90       124.79       835.11
6658          1.00         0.00         0.00         0.00         0.00       462.28         0.00         0.00         0.00         0.00         0.00        26.88          9.17     1,118.70       170.56     1,289.26       490.16       799.10
4458          1.00         0.00         0.00         0.00         0.00         0.00         0.00         0.00         0.00        72.55         0.00        41.46          0.00     1,647.76       246.04     1,893.80       115.01     1,778.79
7619          1.00         0.00         0.00         0.00         0.00         0.00         0.00         0.00         0.00         0.00         0.00        20.31         21.06       950.38       230.28     1,180.66        21.31     1,159.35
7647          1.00         0.00         0.00         0.00         0.00         0.00         0.00         0.00         0.00         0.00         0.00        20.84         48.58       871.38       168.80     1,040.18        21.84     1,018.34
5679          1.00         0.00         0.00         0.00         0.00         0.00         0.00         0.00         0.00         0.00         0.00        30.79          2.31     1,220.68       236.70     1,457.38        31.79     1,425.59
7530          1.00         0.00         0.00         0.00         0.00         0.00         0.00         0.00         0.00         0.00         0.00        23.26         25.90       905.88       190.61     1,096.49        24.26     1,072.23
6028          1.00         0.00         0.00         0.00         0.00       399.30         0.00         0.00         0.00         0.00         0.00        32.38         12.91     1,199.23       252.95     1,452.18       432.68     1,019.50
7722          0.00         0.00         0.00         0.00         0.00         0.00         0.00         0.00         0.00         0.00         0.00        13.32         60.60       165.67        60.60       226.27        13.32       212.95
6565          1.00         0.00         0.00         0.00         0.00         0.00         0.00         0.00         0.00         0.00         0.00        24.21         50.53       871.38       170.75     1,042.13        25.21     1,016.92
3676          1.00         0.00         0.00         0.00         0.00         0.00         0.00         0.00         0.00        95.34         0.00        34.77          0.00     1,705.19       328.59     2,033.78       131.11     1,902.67
7727          0.00         0.00         0.00         0.00         0.00         0.00         0.00         0.00         0.00         0.00         0.00         7.99         21.47       331.35        65.97       397.32         7.99       389.33
3221          1.00         0.00         0.00         0.00         0.00         0.00         0.00         0.00         0.00        54.60         0.00        42.89          0.00     1,558.81       309.54     1,868.35        98.49     1,769.86
7269          1.00         0.00         0.00         0.00         0.00         0.00         0.00         0.00         0.00         0.00         0.00        22.60         48.58       871.38       168.80     1,040.18        23.60     1,016.58
2522          1.00         0.00         0.00         0.00         0.00         0.00         0.00         0.00         0.00         0.00         0.00        22.11         37.20       888.07       218.60     1,106.67        23.11     1,083.56
5506          1.00         0.00         0.00         0.00         0.00       224.80         0.00         0.00         0.00         0.00         0.00        27.26          9.09     1,124.48       208.13     1,332.61       253.06     1,079.55
0236          1.00         0.00         0.00         0.00         0.00       523.01         0.00         0.00         0.00       162.81         0.00        62.41          0.00     2,007.27       378.67     2,385.94       749.23     1,636.71
7080          1.00        48.00         0.00         0.00         0.00         0.00         0.00         0.00         0.00       129.79         0.00        37.83          0.00     1,713.30       471.91     2,185.21       216.62     1,968.59
5965          1.00         0.00         0.00         0.00         0.00         0.00         0.00         0.00         0.00         0.00         0.00        29.09          8.47     1,129.61       170.00     1,299.61        30.09     1,269.52
5447          1.00         0.00         0.00         0.00         0.00         0.00         0.00         0.00         0.00         0.00         0.00        20.95         38.90       861.38       159.12     1,020.50        21.95       998.55
7723          1.00         0.00         0.00         0.00         0.00         0.00         0.00         0.00         0.00         0.00         0.00        13.32         29.89       582.35       154.76       737.11        14.32       722.79
6685          1.00         0.00         0.00         0.00         0.00         0.00         0.00         0.00         0.00         0.00         0.00        21.55         27.23       893.63       169.70     1,063.33        22.55     1,040.78
5549          1.00         0.00         0.00         0.00         0.00         0.00         0.00         0.00         0.00         0.00         0.00        21.23         38.27       871.38       202.99     1,074.37        22.23     1,052.14
6349          1.00         0.00         0.00         0.00         0.00         0.00         0.00         0.00         0.00         0.00         0.00        20.68         48.58       871.38       168.80     1,040.18        21.68     1,018.50
0854          1.00         0.00         0.00         0.00         0.00       326.19         0.00         0.00         0.00        56.66         0.00        37.23          0.00     1,577.78       310.59     1,888.37       421.08     1,467.29
7295          1.00         0.00         0.00         0.00         0.00         0.00         0.00         0.00         0.00         0.00         0.00        23.36         38.26       871.38       158.48     1,029.86        24.36     1,005.50
7693          1.00         0.00         0.00         0.00         0.00         0.00         0.00         0.00         0.00         0.00         0.00        22.71         38.26       871.38       158.48     1,029.86        23.71     1,006.15
6832          1.00         0.00         0.00         0.00         0.00         0.00         0.00         0.00         0.00         0.00         0.00        21.01         36.84       893.63       179.31     1,072.94        22.01     1,050.93
7687          0.00         0.00         0.00         0.00         0.00         0.00         0.00         0.00         0.00         0.00         0.00         0.00          0.00         0.00         0.00         0.00         0.00         0.00
4807          1.00         0.00         0.00         0.00         0.00         0.00         0.00         0.00         0.00       510.35         0.00       130.06          0.00     3,783.66       564.20     4,347.86       641.41     3,706.45
6821          1.00         0.00         0.00         0.00         0.00         0.00         0.00         0.00         0.00         0.00         0.00        29.20         17.01     1,236.20       295.13     1,531.33        30.20     1,501.13
7705          1.00         0.00         0.00         0.00         0.00         0.00       104.13         0.00         0.00         0.00         0.00        17.80         44.86       780.28       145.33       925.61       122.93       802.68
3169          1.00         0.00         0.00         0.00         0.00         0.00         0.00         0.00         0.00         0.00         0.00        22.34         65.13       871.38       185.35     1,056.73        23.34     1,033.39

















































EJECUTIVOS EN SERVICIOS DE ALIMENTOS, S.A. DE C.V.                                                                      Pagina: 0004
R.F.C.:                                                                                                                    5/NOV/19
REPORTE DE SUELDOS SEMANALES DEDUCCIONES


 
Codigo Desc Vales   Desc Zapatos Otras Deducc Desc Fonacot Pension Alim Desc Infonav Faltas       Inca Enferme Inca Riesgo  ISPT         Ajus ISPT    IMSS          Sub P/Empleo Tot Per Grav Tot Per Exce Total Percep Total Deducc Neto Pagado
..........................................................................................................................................................................................................................................
7686          1.00         0.00         0.00         0.00         0.00         0.00         0.00         0.00         0.00         0.00         0.00        20.83         35.01       871.38       155.23     1,026.61        21.83     1,004.78
5902          0.00         0.00         0.00         0.00         0.00         0.00         0.00         0.00         0.00         0.00         0.00         0.00          0.00         0.00         0.00         0.00         0.00         0.00
4514          1.00         0.00         0.00         0.00         0.00       406.84         0.00         0.00         0.00         1.38         0.00        38.49          0.00     1,220.68       176.10     1,396.78       447.71       949.07
7104          1.00         0.00         0.00         0.00         0.00         0.00         0.00         0.00         0.00         0.00         0.00        20.37         44.80       861.38       165.02     1,026.40        21.37     1,005.03
7717          1.00         0.00         0.00         0.00         0.00         0.00         0.00         0.00         0.00        14.14         0.00        29.43          0.00     1,305.66       189.70     1,495.36        44.57     1,450.79
6014          1.00         0.00         0.00         0.00         0.00         0.00         0.00         0.00         0.00         0.00         0.00        27.66          0.59     1,202.48       234.98     1,437.46        28.66     1,408.80
7551          1.00         0.00         0.00         0.00         0.00         0.00         0.00         0.00         0.00         0.00         0.00        20.78         50.54       871.38       170.76     1,042.14        21.78     1,020.36
7715          1.00         0.00         0.00         0.00         0.00         0.00         0.00         0.00         0.00         0.00         0.00        18.65         39.27       871.38       203.99     1,075.37        19.65     1,055.72
6985          1.00         0.00         0.00         0.00         0.00         0.00         0.00         0.00         0.00       245.39         0.00        72.11          0.00     2,500.56       507.78     3,008.34       318.50     2,689.84
3827          1.00         0.00         0.00         0.00         0.00         0.00         0.00         0.00         0.00         0.00         0.00        25.59         36.91       978.67       211.67     1,190.34        26.59     1,163.75
7725          0.00         0.00         0.00         0.00         0.00         0.00         0.00         0.00         0.00         0.00         0.00        10.66         46.36       165.67        46.36       212.03        10.66       201.37
5412          1.00         0.00         0.00         0.00         0.00         0.00         0.00         0.00         0.00         0.00         0.00        20.82         32.49       961.50       219.46     1,180.96        21.82     1,159.14
4504          1.00         0.00       500.00         0.00         0.00         0.00         0.00         0.00         0.00       242.16         0.00        63.17          0.00     2,528.08       557.02     3,085.10       806.33     2,278.77
7395          1.00         0.00         0.00         0.00         0.00         0.00         0.00         0.00         0.00         0.00         0.00        22.74         19.97       960.38       229.19     1,189.57        23.74     1,165.83
0214          1.00         0.00         0.00         0.00         0.00         0.00         0.00         0.00         0.00       510.35         0.00       112.73          0.00     3,783.66       564.20     4,347.86       624.08     3,723.78
7376          1.00         0.00         0.00         0.00         0.00         0.00         0.00         0.00         0.00         0.00         0.00        22.67         48.58       871.38       168.80     1,040.18        23.67     1,016.51
3217          1.00         0.00         0.00         0.00         0.00         0.00         0.00         0.00         0.00         1.38         0.00        33.55          0.00     1,220.68       234.39     1,455.07        35.93     1,419.14
7212          1.00         0.00         0.00         0.00         0.00       357.68         0.00         0.00         0.00         0.00         0.00        22.30         65.13       871.38       185.35     1,056.73       380.98       675.75
6321          1.00         0.00         0.00         0.00         0.00         0.00         0.00         0.00         0.00         0.00         0.00        22.89         34.25       934.17       164.51     1,098.68        23.89     1,074.79
5232          1.00         0.00         0.00         0.00         0.00         0.00         0.00         0.00         0.00        40.84         0.00        28.24          0.00     1,024.17       130.26     1,154.43        70.08     1,084.35
4958          1.00         0.00         0.00         0.00         0.00         0.00         0.00         0.00         0.00         0.00         0.00        21.23         38.26       871.38       158.48     1,029.86        22.23     1,007.63
7675          1.00         0.00         0.00         0.00         0.00         0.00         0.00         0.00         0.00         0.00         0.00        20.61         38.27       871.38       202.99     1,074.37        21.61     1,052.76
3979          1.00         0.00         0.00         0.00         0.00         0.00         0.00         0.00         0.00       570.50         0.00       125.37          0.00     4,065.26       869.26     4,934.52       696.87     4,237.65
0442          1.00         0.00         0.00         0.00         0.00         0.00         0.00         0.00         0.00        42.92         0.00        34.90          0.00     1,451.47       276.89     1,728.36        78.82     1,649.54
7699          1.00         0.00         0.00         0.00         0.00         0.00         0.00       312.39         0.00         0.00         0.00        13.74         61.75       717.37       122.03       839.40       327.13       512.27
7724          0.00         0.00         0.00         0.00         0.00         0.00         0.00         0.00         0.00         0.00         0.00        10.66         46.36       165.67        46.36       212.03        10.66       201.37
7330          0.00         0.00         0.00         0.00         0.00         0.00         0.00         0.00         0.00         0.00         0.00         0.00          0.00         0.00         0.00         0.00         0.00         0.00
7719          1.00         0.00         0.00         0.00         0.00         0.00         0.00         0.00         0.00         0.00         0.00        13.32         29.89       582.35       110.26       692.61        14.32       678.29
7243          1.00         0.00         0.00         0.00         0.00         0.00         0.00         0.00         0.00         0.00         0.00        20.42         38.90       861.38       159.12     1,020.50        21.42       999.08
7720          1.00         0.00         0.00         0.00         0.00         0.00         0.00         0.00         0.00         0.00         0.00        15.99         25.46       861.43       203.80     1,065.23        16.99     1,048.24
7397          1.00         0.00         0.00         0.00         0.00         0.00         0.00         0.00         0.00         0.00         0.00        21.20         38.27       871.38       202.99     1,074.37        22.20     1,052.17
7421          1.00         0.00         0.00         0.00         0.00         0.00         0.00         0.00         0.00         0.00         0.00        23.25         27.23       893.63       169.70     1,063.33        24.25     1,039.08
7595          1.00         0.00         0.00         0.00         0.00         0.00         0.00         0.00         0.00         0.00         0.00        23.51         42.23       971.51       195.82     1,167.33        24.51     1,142.82
7298          1.00         0.00         0.00         0.00         0.00         0.00         0.00         0.00         0.00        45.99         0.00        36.14          0.00     1,479.76       219.16     1,698.92        83.13     1,615.79
5396          1.00         0.00         0.00         0.00         0.00         0.00         0.00         0.00         0.00         0.00         0.00        23.76         36.88       888.07       218.28     1,106.35        24.76     1,081.59
5704          1.00         0.00         0.00         0.00         0.00         0.00         0.00         0.00         0.00        35.46         0.00        34.86          0.00     1,343.12       197.29     1,540.41        71.32     1,469.09
7503          1.00         0.00         0.00         0.00         0.00         0.00         0.00         0.00         0.00         0.00         0.00        21.74         38.26       871.38       158.48     1,029.86        22.74     1,007.12
7713          0.00         0.00         0.00         0.00         0.00         0.00       520.65         0.00         0.00         0.00         0.00         8.83         35.87       674.54        35.87       710.41       529.48       180.93
7721          0.00         0.00         0.00         0.00         0.00         0.00         0.00         0.00         0.00         0.00         0.00         0.00          0.00         0.00         0.00         0.00         0.00         0.00
7190          1.00         0.00         0.00         0.00         0.00         0.00         0.00         0.00         0.00         0.00         0.00        21.63         22.21     1,004.88       209.18     1,214.06        22.63     1,191.43
7642          1.00         0.00         0.00         0.00         0.00         0.00       104.13         0.00         0.00         0.00         0.00        20.89         51.47       780.28       151.94       932.22       126.02       806.20
7588          1.00         0.00         0.00         0.00         0.00         0.00         0.00         0.00         0.00         0.00         0.00        22.89         50.54       871.38       170.76     1,042.14        23.89     1,018.25
5588          1.00         0.00         0.00         0.00         0.00         0.00         0.00         0.00         0.00         0.00         0.00        21.23         38.26       871.38       158.48     1,029.86        22.23     1,007.63

















































EJECUTIVOS EN SERVICIOS DE ALIMENTOS, S.A. DE C.V.                                                                      Pagina: 0005
R.F.C.:                                                                                                                    5/NOV/19
REPORTE DE SUELDOS SEMANALES DEDUCCIONES


 
Codigo Desc Vales   Desc Zapatos Otras Deducc Desc Fonacot Pension Alim Desc Infonav Faltas       Inca Enferme Inca Riesgo  ISPT         Ajus ISPT    IMSS          Sub P/Empleo Tot Per Grav Tot Per Exce Total Percep Total Deducc Neto Pagado
..........................................................................................................................................................................................................................................
6203          1.00         0.00         0.00         0.00         0.00         0.00         0.00         0.00         0.00         0.00         0.00        21.66         38.26       871.38       202.98     1,074.36        22.66     1,051.70
6582          1.00         0.00         0.00         0.00         0.00         0.00       124.60         0.00         0.00         0.00         0.00        18.63         50.20       765.70       146.37       912.07       144.23       767.84
7667          1.00         0.00         0.00         0.00         0.00         0.00         0.00         0.00         0.00         0.00         0.00        20.59         44.71       871.38       164.93     1,036.31        21.59     1,014.72
7691          1.00         0.00        10.00         0.00         0.00         0.00       104.13         0.00         0.00         0.00         0.00        18.30         44.17       791.41       155.76       947.17       133.43       813.74
7226          1.00         0.00         0.00         0.00         0.00         0.00         0.00         0.00         0.00         0.00         0.00        22.27         65.12       871.38       185.34     1,056.72        23.27     1,033.45
7664          1.00         0.00         0.00         0.00         0.00         0.00         0.00         0.00         0.00         0.00         0.00        20.31         29.71     1,004.88       216.68     1,221.56        21.31     1,200.25
3326          1.00         0.00         0.00         0.00         0.00         0.00         0.00         0.00         0.00        40.30         0.00        42.12          0.00     1,427.46       209.19     1,636.65        83.42     1,553.23
0449          1.00         0.00       300.00         0.00         0.00       386.21         0.00         0.00         0.00       143.91         0.00        33.95          0.00     1,889.15       299.96     2,189.11       865.07     1,324.04
7707          1.00         0.00         0.00         0.00         0.00         0.00         0.00         0.00         0.00         0.00         0.00        18.65         38.90       861.38       159.12     1,020.50        19.65     1,000.85
6934          1.00         0.00         0.00         0.00         0.00         0.00         0.00         0.00         0.00       342.85         0.00        84.50          0.00     2,999.45       460.71     3,460.16       428.35     3,031.81
7137          1.00         0.00         0.00         0.00         0.00         0.00         0.00         0.00         0.00        49.60         0.00        36.47          0.00     1,512.90       325.76     1,838.66        87.07     1,751.59
6682          1.00         0.00         0.00         0.00         0.00         0.00       124.60         0.00         0.00         0.00         0.00        18.01         50.20       765.70       253.71     1,019.41       143.61       875.80
1269          1.00         0.00         0.00         0.00         0.00         0.00         0.00         0.00         0.00         0.00         0.00        20.54         36.05       905.88       200.77     1,106.65        21.54     1,085.11
6918          1.00         0.00         0.00         0.00         0.00         0.00         0.00         0.00         0.00         0.00         0.00        22.69         48.58       871.38       213.30     1,084.68        23.69     1,060.99
1419          1.00         0.00         0.00         0.00         0.00       268.68         0.00         0.00         0.00        24.42         0.00        40.48          0.00     1,368.38       294.75     1,663.13       334.58     1,328.55
7545          1.00        48.00         0.00         0.00         0.00         0.00         0.00         0.00         0.00        86.76         0.00        38.08          0.00     1,854.41       518.94     2,373.35       173.84     2,199.51
5905          1.00         0.00         0.00         0.00         0.00         0.00         0.00         0.00         0.00         0.00         0.00        33.87         89.71     1,305.66       279.41     1,585.07        34.87     1,550.20
7638          1.00         0.00         0.00         0.00         0.00         0.00         0.00         0.00         0.00         0.00         0.00        19.84         38.90       861.38       159.12     1,020.50        20.84       999.66
3525          1.00         0.00         0.00         0.00         0.00         0.00         0.00         0.00         0.00       109.36         0.00        33.02          0.00     1,834.01       286.48     2,120.49       143.38     1,977.11
2451          1.00         0.00         0.00         0.00         0.00         0.00         0.00         0.00         0.00         0.00         0.00        21.15         49.41       871.38       214.13     1,085.51        22.15     1,063.36
6885          1.00         0.00         0.00         0.00         0.00         0.00         0.00         0.00         0.00         0.00         0.00        22.69         38.26       871.38       158.48     1,029.86        23.69     1,006.17
4775          1.00         0.00         0.00         0.00         0.00         0.00         0.00         0.00         0.00         0.00         0.00        22.14         60.28       915.88       225.00     1,140.88        23.14     1,117.74
7528          1.00         0.00         0.00         0.00         0.00         0.00         0.00         0.00         0.00         0.00         0.00        21.89         38.26       871.38       158.48     1,029.86        22.89     1,006.97
7658          1.00         0.00         0.00         0.00         0.00         0.00         0.00         0.00         0.00         0.00         0.00        20.31         52.36       871.38       172.58     1,043.96        21.31     1,022.65
7703          1.00         0.00         0.00         0.00         0.00         0.00         0.00         0.00         0.00         0.00         0.00        18.65         70.09       145.58        90.18       235.76        19.65       216.11
4832          1.00         0.00         0.00         0.00         0.00         0.00       104.13         0.00         0.00         0.00         0.00        19.47         53.08       947.16       253.67     1,200.83       124.60     1,076.23
6567          1.00         0.00         0.00         0.00         0.00         0.00         0.00         0.00         0.00         0.00         0.00        20.14         48.09       883.63       190.56     1,074.19        21.14     1,053.05
3321          1.00         0.00         0.00         0.00         0.00         0.00         0.00         0.00         0.00       168.03         0.00        57.75          0.00     2,039.91       280.43     2,320.34       226.78     2,093.56
2112          1.00         0.00         0.00         0.00         0.00         0.00         0.00         0.00         0.00         0.00         0.00        21.12         48.58       871.38       168.80     1,040.18        22.12     1,018.06
0624          1.00         0.00         0.00         0.00         0.00         0.00         0.00         0.00         0.00       152.40         0.00        52.91          0.00     1,921.18       289.78     2,210.96       206.31     2,004.65
6877          1.00         0.00         0.00       150.28         0.00         0.00         0.00         0.00         0.00         0.00         0.00        26.87          9.99     1,105.86       130.21     1,236.07       178.15     1,057.92
4385          1.00         0.00         0.00         0.00         0.00         0.00         0.00         0.00         0.00         0.00         0.00        29.22          3.23     1,178.33       172.56     1,350.89        30.22     1,320.67
7378          1.00         0.00         0.00         0.00         0.00         0.00         0.00         0.00         0.00         0.00         0.00        20.88         33.91       939.26       276.50     1,215.76        21.88     1,193.88
0366          1.00         0.00         0.00         0.00         0.00         0.00         0.00         0.00         0.00       343.09         0.00        88.25          0.00     3,000.58       565.72     3,566.30       432.34     3,133.96
6206          1.00         0.00         0.00         0.00         0.00         0.00         0.00         0.00         0.00         1.61         0.00        29.12          0.00     1,158.76       190.67     1,349.43        31.73     1,317.70
7618          1.00         0.00         0.00         0.00         0.00         0.00       124.60         0.00         0.00         0.00         0.00        18.35         62.37       771.26       164.10       935.36       143.95       791.41
 
*** GLO     195.00        96.00     1,210.00       150.28         0.00     6,876.79     3,307.24       312.39         0.00     7,163.41         0.00     5,842.10      5,921.20   231,697.92                276,040.19    25,153.21   250,886.98
  





















































