EJECUTIVOS EN SERVICIOS DE ALIMENTOS, S.A. DE C.V.                                                                      Pagina: 0001
R.F.C.:                                                                                                                    5/NOV/19
REPORTE DE SUELDOS SEMANALES DEDUCCIONES


 
Codigo Desc Vales   Desc Zapatos Otras Deducc Desc Fonacot Pension Alim Desc Infonav Faltas       Inca Enferme Inca Riesgo  ISPT         Ajus ISPT    IMSS          Sub P/Empleo Tot Per Grav Tot Per Exce Total Percep Total Deducc Neto Pagado
..........................................................................................................................................................................................................................................
5761          1.00         0.00         0.00         0.00         0.00         0.00         0.00         0.00         0.00         0.00         0.00        22.45         38.26       871.38       158.48     1,029.86        23.45     1,006.41
7505          1.00        48.00         0.00         0.00         0.00         0.00         0.00         0.00         0.00         0.00         0.00        21.06         38.26       871.38       158.48     1,029.86        70.06       959.80
6600          1.00         0.00         0.00         0.00         0.00         0.00         0.00         0.00         0.00         0.00         0.00        20.97         36.76       894.76       190.35     1,085.11        21.97     1,063.14
7685          1.00         0.00         0.00         0.00         0.00         0.00         0.00         0.00         0.00         0.00         0.00        21.58         38.26       871.38       158.48     1,029.86        22.58     1,007.28
5933          1.00         0.00         0.00         0.00         0.00         0.00         0.00         0.00         0.00         0.00         0.00        21.94         33.99       938.13       214.41     1,152.54        22.94     1,129.60
7170          1.00         0.00         0.00         0.00         0.00         0.00         0.00         0.00         0.00         0.00         0.00        22.83         38.26       871.38       158.48     1,029.86        23.83     1,006.03
5618          1.00         0.00       200.00         0.00         0.00         0.00         0.00         0.00         0.00         0.00         0.00        25.34         37.47       883.63       179.94     1,063.57       226.34       837.23
5201          1.00         0.00         0.00         0.00         0.00       312.81         0.00         0.00         0.00        30.84         0.00        37.48          0.00     1,427.46       209.19     1,636.65       382.13     1,254.52
3890          1.00         0.00         0.00         0.00         0.00         0.00         0.00         0.00         0.00       178.36         0.00        54.71          0.00     2,104.51       319.12     2,423.63       234.07     2,189.56
6654          1.00         0.00         0.00         0.00         0.00         0.00       136.41         0.00         0.00         0.00         0.00        21.56         31.88     1,024.50       249.11     1,273.61       158.97     1,114.64
3652          1.00         0.00         0.00         0.00         0.00       383.82         0.00         0.00         0.00       154.00         0.00        53.17          0.00     1,935.94       367.50     2,303.44       591.99     1,711.45
1123          1.00         0.00         0.00         0.00         0.00         0.00         0.00         0.00         0.00        56.25         0.00        34.93          0.00     1,574.08       328.59     1,902.67        92.18     1,810.49
7593          1.00         0.00         0.00         0.00         0.00         0.00         0.00         0.00         0.00         0.00         0.00        23.86         38.26       871.38       158.48     1,029.86        24.86     1,005.00
7669          1.00         0.00         0.00         0.00         0.00         0.00         0.00         0.00         0.00        46.78         0.00        30.60          0.00     1,487.00       206.47     1,693.47        78.38     1,615.09
7259          1.00         0.00         0.00         0.00         0.00         0.00       124.60         0.00         0.00         0.00         0.00        18.09         50.19       765.70       146.36       912.06       143.69       768.37
7312          1.00         0.00         0.00         0.00         0.00         0.00         0.00         0.00         0.00         0.00         0.00        21.43         38.90       861.38       159.12     1,020.50        22.43       998.07
7338          1.00         0.00         0.00         0.00         0.00         0.00         0.00         0.00         0.00         0.00         0.00        21.05         38.26       871.38       158.48     1,029.86        22.05     1,007.81
5677          1.00         0.00         0.00         0.00         0.00         0.00         0.00         0.00         0.00         0.00         0.00        28.65          8.62     1,127.24       171.37     1,298.61        29.65     1,268.96
4008          1.00         0.00         0.00         0.00         0.00         0.00         0.00         0.00         0.00       168.94         0.00        58.09          0.00     2,045.63       340.31     2,385.94       228.03     2,157.91
7690          1.00         0.00         0.00         0.00         0.00         0.00         0.00         0.00         0.00         0.00         0.00        20.05         38.26       871.38       158.48     1,029.86        21.05     1,008.81
6210          1.00         0.00         0.00         0.00         0.00         0.00         0.00         0.00         0.00         0.00         0.00        26.54          5.66     1,155.88       170.38     1,326.26        27.54     1,298.72
7697          1.00         0.00         0.00         0.00         0.00         0.00         0.00         0.00         0.00       146.07         0.00        46.96          0.00     1,863.04       530.84     2,393.88       194.03     2,199.85
0849          1.00         0.00         0.00         0.00         0.00         0.00         0.00         0.00         0.00         0.00         0.00        26.56         19.62     1,061.11       158.19     1,219.30        27.56     1,191.74
7536          1.00         0.00         0.00         0.00         0.00         0.00         0.00         0.00         0.00         0.00         0.00        20.74         36.05       905.88       200.77     1,106.65        21.74     1,084.91
7430          1.00         0.00        10.00         0.00         0.00         0.00         0.00         0.00         0.00       152.18         0.00        45.34          0.00     1,919.20       534.43     2,453.63       208.52     2,245.11
5181          1.00         0.00         0.00         0.00         0.00         0.00         0.00         0.00         0.00         0.00         0.00        21.67         38.26       871.38       158.48     1,029.86        22.67     1,007.19
7655          1.00         0.00         0.00         0.00         0.00         0.00         0.00         0.00         0.00         0.00         0.00        21.00         37.83       878.07       174.73     1,052.80        22.00     1,030.80
7057          1.00         0.00         0.00         0.00         0.00         0.00         0.00         0.00         0.00         0.00         0.00        24.47         38.90       861.38       159.12     1,020.50        25.47       995.03
5558          1.00         0.00         0.00         0.00         0.00         0.00       124.60         0.00         0.00         0.00         0.00        19.55         44.09       876.96       251.50     1,128.46       145.15       983.31
4746          1.00         0.00         0.00         0.00         0.00       337.44         0.00         0.00         0.00        45.57         0.00        31.93          0.00     1,475.86       274.35     1,750.21       415.94     1,334.27
7643          1.00         0.00         0.00         0.00         0.00         0.00       124.60         0.00         0.00         0.00         0.00        17.98         48.36       799.08       177.90       976.98       143.58       833.40
7663          1.00         0.00         0.00         0.00         0.00         0.00         0.00         0.00         0.00         0.00         0.00        22.08         38.90       861.38       159.12     1,020.50        23.08       997.42
7407          1.00         0.00         0.00         0.00         0.00         0.00         0.00         0.00         0.00         0.00         0.00        25.09         36.48       899.19       184.51     1,083.70        26.09     1,057.61
6061          1.00         0.00         0.00         0.00         0.00       675.58         0.00         0.00         0.00       164.09         0.00        38.17          0.00     2,015.32       429.82     2,445.14       878.84     1,566.30
7704          1.00         0.00         0.00         0.00         0.00         0.00         0.00         0.00         0.00         0.00         0.00        19.21         38.90       861.38       159.12     1,020.50        20.21     1,000.29
1424          1.00         0.00         0.00         0.00         0.00       457.22         0.00         0.00         0.00       317.38         0.00        92.91          0.00     2,880.24       619.86     3,500.10       868.51     2,631.59
5280          1.00         0.00         0.00         0.00         0.00       439.54         0.00         0.00         0.00       152.32         0.00        50.52          0.00     1,920.48       289.67     2,210.15       643.38     1,566.77
6461          1.00         0.00       200.00         0.00         0.00         0.00         0.00         0.00         0.00        19.49         0.00        34.93          0.00     1,323.12       410.85     1,733.97       255.42     1,478.55
6765          1.00         0.00         0.00         0.00         0.00         0.00         0.00         0.00         0.00        15.00         0.00        35.24          0.00     1,281.87       187.49     1,469.36        51.24     1,418.12
7694          1.00         0.00         0.00         0.00         0.00         0.00       104.13         0.00         0.00         0.00         0.00        19.14         48.27       780.28       193.24       973.52       124.27       849.25
6657          1.00         0.00         0.00         0.00         0.00         0.00         0.00         0.00         0.00         0.00         0.00        20.03         33.20       950.38       286.92     1,237.30        21.03     1,216.27
5000          1.00         0.00         0.00         0.00         0.00         0.00         0.00         0.00         0.00        17.46         0.00        28.35          0.00     1,304.49       292.69     1,597.18        46.81     1,550.37
7586          1.00         0.00         0.00         0.00         0.00         0.00         0.00         0.00         0.00         0.00         0.00        28.57         19.65     1,060.51       195.49     1,256.00        29.57     1,226.43

















































EJECUTIVOS EN SERVICIOS DE ALIMENTOS, S.A. DE C.V.                                                                      Pagina: 0002
R.F.C.:                                                                                                                    5/NOV/19
REPORTE DE SUELDOS SEMANALES DEDUCCIONES


 
Codigo Desc Vales   Desc Zapatos Otras Deducc Desc Fonacot Pension Alim Desc Infonav Faltas       Inca Enferme Inca Riesgo  ISPT         Ajus ISPT    IMSS          Sub P/Empleo Tot Per Grav Tot Per Exce Total Percep Total Deducc Neto Pagado
..........................................................................................................................................................................................................................................
7649          1.00         0.00         0.00         0.00         0.00         0.00       124.60         0.00         0.00         0.00         0.00        18.58         50.19       765.70       146.36       912.06       144.18       767.88
5644          1.00         0.00         0.00         0.00         0.00       331.25         0.00         0.00         0.00        56.83         0.00        31.10          0.00     1,579.34       289.86     1,869.20       420.18     1,449.02
7519          1.00         0.00         0.00         0.00         0.00         0.00         0.00         0.00         0.00        13.91         0.00        31.55          0.00     1,271.88       220.34     1,492.22        46.46     1,445.76
6638          1.00         0.00         0.00         0.00         0.00         0.00         0.00         0.00         0.00         0.00         0.00        20.20         38.90       861.38       159.12     1,020.50        21.20       999.30
6690          1.00         0.00         0.00         0.00         0.00         0.00         0.00         0.00         0.00         0.00         0.00        21.85         21.01     1,039.38       285.85     1,325.23        22.85     1,302.38
7168          1.00         0.00        10.00         0.00         0.00         0.00         0.00         0.00         0.00         0.00         0.00        21.88         38.26       871.38       202.98     1,074.36        32.88     1,041.48
7681          1.00         0.00         0.00         0.00         0.00         0.00         0.00         0.00         0.00         0.00         0.00        21.26         38.90       861.38       159.12     1,020.50        22.26       998.24
6958          1.00         0.00         0.00         0.00         0.00         0.00         0.00         0.00         0.00         0.00         0.00        27.86          8.72     1,125.72       128.94     1,254.66        28.86     1,225.80
7718          1.00         0.00         0.00         0.00         0.00         0.00         0.00         0.00         0.00         0.00         0.00        18.65         31.85       971.51       296.69     1,268.20        19.65     1,248.55
6542          1.00         0.00         0.00         0.00         0.00         0.00       124.60         0.00         0.00         0.00         0.00        22.93         29.55     1,055.11       228.32     1,283.43       148.53     1,134.90
4314          1.00         0.00         0.00         0.00         0.00         0.00         0.00         0.00         0.00       141.25         0.00        43.56          0.00     1,818.68       416.43     2,235.11       185.81     2,049.30
7485          1.00         0.00         0.00         0.00         0.00         0.00         0.00         0.00         0.00         0.00         0.00        22.31         38.26       871.38       202.98     1,074.36        23.31     1,051.05
7632          1.00         0.00         0.00         0.00         0.00         0.00         0.00         0.00         0.00         0.00         0.00        21.24         37.19       888.07       218.59     1,106.66        22.24     1,084.42
4287          1.00         0.00         0.00         0.00         0.00         0.00         0.00         0.00         0.00        15.49         0.00        31.45          0.00     1,286.40       155.32     1,441.72        47.94     1,393.78
7673          1.00         0.00         0.00         0.00         0.00         0.00         0.00         0.00         0.00         0.00         0.00        23.00         38.90       861.38       159.12     1,020.50        24.00       996.50
7696          1.00         0.00         0.00         0.00         0.00         0.00       104.13         0.00         0.00         0.00         0.00        20.91         48.27       780.28       148.74       929.02       126.04       802.98
6504          1.00         0.00         0.00         0.00         0.00         0.00         0.00         0.00         0.00         0.00         0.00        22.62         38.26       871.38       202.98     1,074.36        23.62     1,050.74
5745          1.00         0.00         0.00         0.00         0.00         0.00         0.00         0.00         0.00         0.00         0.00        20.64         38.26       871.38       158.48     1,029.86        21.64     1,008.22
7617          0.00         0.00         0.00         0.00         0.00         0.00         0.00         0.00         0.00        11.10         0.00        32.84          0.00     1,246.08         0.00     1,246.08        43.94     1,202.14
7604          1.00         0.00         0.00         0.00         0.00         0.00         0.00         0.00         0.00         0.00         0.00        21.38         38.26       871.38       158.48     1,029.86        22.38     1,007.48
7061          1.00         0.00         0.00         0.00         0.00         0.00         0.00         0.00         0.00       139.85         0.00        25.73          0.00     1,805.88       220.34     2,026.22       166.58     1,859.64
7627          1.00         0.00         0.00         0.00         0.00         0.00       104.13         0.00         0.00         0.00         0.00        19.04         48.27       780.28       148.74       929.02       124.17       804.85
7698          1.00         0.00         0.00         0.00         0.00         0.00         0.00         0.00         0.00         0.00         0.00        22.40         32.49       961.51       252.83     1,214.34        23.40     1,190.94
7633          1.00         0.00         0.00         0.00         0.00         0.00         0.00         0.00         0.00         0.00         0.00        20.93         35.34       917.01       211.18     1,128.19        21.93     1,106.26
7712          1.00         0.00         0.00         0.00         0.00         0.00         0.00         0.00         0.00         0.00         0.00        18.65          8.71     1,125.86       173.43     1,299.29        19.65     1,279.64
7428          1.00         0.00         0.00         0.00         0.00         0.00         0.00         0.00         0.00         0.00         0.00        22.37         38.26       871.38       158.48     1,029.86        23.37     1,006.49
2897          1.00         0.00         0.00         0.00         0.00         0.00         0.00         0.00         0.00         0.00         0.00        20.45         38.90       861.38       159.12     1,020.50        21.45       999.05
7558          1.00         0.00         0.00         0.00         0.00         0.00         0.00         0.00         0.00         0.00         0.00        21.78         38.90       861.38       159.12     1,020.50        22.78       997.72
6360          1.00         0.00         0.00         0.00         0.00         0.00         0.00         0.00         0.00         0.00         0.00        21.09         38.90       861.38       159.12     1,020.50        22.09       998.41
7614          1.00         0.00         0.00         0.00         0.00         0.00         0.00         0.00         0.00        12.81         0.00        31.98          0.00     1,261.75       155.32     1,417.07        45.79     1,371.28
3318          1.00         0.00         0.00         0.00         0.00       500.52         0.00         0.00         0.00       191.06         0.00        59.93          0.00     2,183.88       313.42     2,497.30       752.51     1,744.79
7706          1.00         0.00         0.00         0.00         0.00         0.00         0.00         0.00         0.00         0.00         0.00        19.98         32.56       960.38       286.28     1,246.66        20.98     1,225.68
5139          1.00         0.00         0.00         0.00         0.00       759.20         0.00         0.00         0.00       292.44         0.00        80.08          0.00     2,763.09       418.88     3,181.97     1,132.72     2,049.25
6083          1.00         0.00         0.00         0.00         0.00         0.00         0.00         0.00         0.00         0.00         0.00        23.19         32.11       967.55       240.24     1,207.79        24.19     1,183.60
6766          1.00         0.00         0.00         0.00         0.00         0.00         0.00         0.00         0.00         0.00         0.00        42.86          8.47     1,129.61       170.00     1,299.61        43.86     1,255.75
4137          1.00         0.00         0.00         0.00         0.00         0.00         0.00         0.00         0.00       371.80         0.00        93.93          0.00     3,135.04       482.40     3,617.44       466.73     3,150.71
7542          1.00         0.00         0.00         0.00         0.00         0.00         0.00         0.00         0.00         0.00         0.00        21.27         38.26       871.38       158.48     1,029.86        22.27     1,007.59
3780          1.00         0.00         0.00         0.00         0.00         0.00         0.00         0.00       293.50        12.53         0.00        28.82          0.00     1,552.68       233.93     1,786.61       335.85     1,450.76
7678          1.00         0.00         0.00         0.00         0.00         0.00         0.00         0.00         0.00         0.00         0.00        22.93         38.26       871.38       158.48     1,029.86        23.93     1,005.93
6205          1.00         0.00         0.00         0.00         0.00         0.00         0.00         0.00         0.00         0.00         0.00        21.32         38.26       871.38       158.48     1,029.86        22.32     1,007.54
5027          1.00         0.00         0.00         0.00         0.00         0.00         0.00         0.00         0.00         0.00         0.00        27.24          6.28     1,150.17       136.54     1,286.71        28.24     1,258.47
7695          1.00         0.00         0.00         0.00         0.00         0.00       124.60         0.00         0.00         0.00         0.00        20.12         50.19       765.70       146.36       912.06       145.72       766.34
6839          1.00         0.00         0.00         0.00         0.00         0.00         0.00         0.00         0.00         0.00         0.00        22.03         34.70       927.01       210.54     1,137.55        23.03     1,114.52

















































EJECUTIVOS EN SERVICIOS DE ALIMENTOS, S.A. DE C.V.                                                                      Pagina: 0003
R.F.C.:                                                                                                                    5/NOV/19
REPORTE DE SUELDOS SEMANALES DEDUCCIONES


 
Codigo Desc Vales   Desc Zapatos Otras Deducc Desc Fonacot Pension Alim Desc Infonav Faltas       Inca Enferme Inca Riesgo  ISPT         Ajus ISPT    IMSS          Sub P/Empleo Tot Per Grav Tot Per Exce Total Percep Total Deducc Neto Pagado
..........................................................................................................................................................................................................................................
5646          1.00         0.00         0.00         0.00         0.00         0.00         0.00         0.00         0.00         0.00         0.00        22.08         38.26       871.38       158.48     1,029.86        23.08     1,006.78
7708          0.00         0.00         0.00         0.00         0.00         0.00         0.00         0.00         0.00         0.00         0.00         0.00          0.00         0.00         0.00         0.00         0.00         0.00
6978          1.00         0.00         0.00         0.00         0.00         0.00         0.00         0.00         0.00         0.00         0.00        21.97         38.26       871.38       158.48     1,029.86        22.97     1,006.89
6658          1.00         0.00         0.00         0.00         0.00       462.28         0.00         0.00         0.00         0.00         0.00        26.88          9.17     1,118.70       170.56     1,289.26       490.16       799.10
4458          0.00         0.00         0.00         0.00         0.00         0.00         0.00         0.00         0.00         0.00         0.00         0.00          0.00         0.00         0.00         0.00         0.00         0.00
7647          1.00         0.00         0.00         0.00         0.00         0.00         0.00         0.00         0.00         0.00         0.00        20.84         38.26       871.38       158.48     1,029.86        21.84     1,008.02
5679          1.00         0.00         0.00         0.00         0.00         0.00         0.00         0.00         0.00         1.38         0.00        30.79          0.00     1,220.68       234.39     1,455.07        33.17     1,421.90
7530          1.00         0.00         0.00         0.00         0.00         0.00         0.00         0.00         0.00         0.00         0.00        23.26         31.42       978.20       268.44     1,246.64        24.26     1,222.38
6028          1.00         0.00         0.00         0.00         0.00       399.30         0.00         0.00         0.00        45.21         0.00        32.38          0.00     1,472.58       289.86     1,762.44       477.89     1,284.55
6565          1.00         0.00         0.00         0.00         0.00         0.00         0.00         0.00         0.00         0.00         0.00        24.21         36.83       893.63       179.30     1,072.93        25.21     1,047.72
7731          1.00         0.00         0.00         0.00         0.00         0.00         0.00         0.00         0.00         0.00         0.00        18.65         36.05       905.88       200.77     1,106.65        19.65     1,087.00
3676          1.00         0.00         0.00         0.00         0.00         0.00         0.00         0.00         0.00       142.55         0.00        34.77          0.00     1,830.62       454.02     2,284.64       178.32     2,106.32
3221          1.00         0.00         0.00         0.00         0.00         0.00         0.00         0.00         0.00        25.95         0.00        42.89          0.00     1,382.50       309.54     1,692.04        69.84     1,622.20
7269          1.00         0.00         0.00         0.00         0.00         0.00         0.00         0.00         0.00         0.00         0.00        22.60         35.41       915.88       200.13     1,116.01        23.60     1,092.41
4647          1.00         0.00         0.00         0.00         0.00         0.00         0.00         0.00         0.00         0.00         0.00         7.99         24.04       291.17        64.22       355.39         8.99       346.40
2522          1.00         0.00         0.00         0.00         0.00         0.00         0.00         0.00         0.00         0.00         0.00        22.11         38.26       871.38       202.98     1,074.36        23.11     1,051.25
5506          1.00         0.00         0.00         0.00         0.00       224.80         0.00         0.00         0.00         0.00         0.00        27.26          4.32     1,168.20       247.08     1,415.28       253.06     1,162.22
0236          1.00         0.00         0.00         0.00         0.00       523.01         0.00         0.00         0.00       162.80         0.00        62.41          0.00     2,007.27       378.67     2,385.94       749.22     1,636.72
7080          1.00         0.00         0.00         0.00         0.00         0.00         0.00         0.00         0.00        42.40         0.00        37.83          0.00     1,446.77       299.44     1,746.21        81.23     1,664.98
5965          1.00         0.00         0.00         0.00         0.00         0.00         0.00         0.00         0.00        17.46         0.00        29.09          0.00     1,304.49       205.25     1,509.74        47.55     1,462.19
5447          1.00         0.00         0.00         0.00         0.00         0.00         0.00         0.00         0.00         0.00         0.00        20.95         38.90       861.38       159.12     1,020.50        21.95       998.55
7723          1.00         0.00         0.00         0.00         0.00         0.00       104.13         0.00         0.00         0.00         0.00        16.69         43.39       869.28       277.36     1,146.64       121.82     1,024.82
6685          1.00         0.00         0.00         0.00         0.00         0.00         0.00         0.00         0.00         0.00         0.00        21.55         18.23     1,082.76       216.32     1,299.08        22.55     1,276.53
5549          1.00         0.00         0.00         0.00         0.00         0.00         0.00         0.00         0.00         0.00         0.00        21.23         36.83       893.63       223.80     1,117.43        22.23     1,095.20
6349          1.00         0.00         0.00         0.00         0.00         0.00         0.00         0.00         0.00         0.00         0.00        20.68         90.37       145.58       110.46       256.04        21.68       234.36
0854          1.00         0.00         0.00         0.00         0.00       326.19         0.00         0.00         0.00        46.84         0.00        37.23          0.00     1,487.60       220.41     1,708.01       411.26     1,296.75
7295          1.00         0.00         0.00         0.00         0.00         0.00         0.00         0.00         0.00         0.00         0.00        23.36         38.26       871.38       158.48     1,029.86        24.36     1,005.50
7693          1.00         0.00         0.00         0.00         0.00         0.00         0.00         0.00         0.00         0.00         0.00        22.71         36.83       893.63       179.30     1,072.93        23.71     1,049.22
6832          1.00         0.00         0.00         0.00         0.00         0.00         0.00         0.00         0.00         0.00         0.00        21.01         32.21       965.94       246.99     1,212.93        22.01     1,190.92
4807          1.00         0.00         0.00         0.00         0.00         0.00         0.00         0.00         0.00       510.35         0.00       130.06          0.00     3,783.66       564.20     4,347.86       641.41     3,706.45
6821          1.00         0.00         0.00         0.00         0.00         0.00         0.00         0.00         0.00         0.00         0.00        29.20          1.68     1,192.48       236.07     1,428.55        30.20     1,398.35
7705          1.00         0.00         0.00         0.00         0.00         0.00         0.00         0.00         0.00         0.00         0.00        19.90         38.26       871.38       158.48     1,029.86        20.90     1,008.96
7730          1.00         0.00         0.00         0.00         0.00         0.00         0.00         0.00         0.00         0.00         0.00        18.65         38.90       861.38       159.12     1,020.50        19.65     1,000.85
3169          1.00         0.00         0.00         0.00         0.00         0.00         0.00         0.00         0.00         0.00         0.00        22.34         38.26       871.38       158.48     1,029.86        23.34     1,006.52
7728          1.00         0.00         0.00         0.00         0.00         0.00         0.00         0.00         0.00         0.00         0.00        18.65         38.26       871.38       202.98     1,074.36        19.65     1,054.71
7686          1.00         0.00         0.00         0.00         0.00         0.00         0.00         0.00         0.00         0.00         0.00        20.83         38.26       871.38       202.98     1,074.36        21.83     1,052.53
5902          0.00         0.00         0.00         0.00         0.00         0.00         0.00         0.00         0.00         0.00         0.00         0.00          0.00         0.00         0.00         0.00         0.00         0.00
4514          1.00         0.00         0.00         0.00         0.00       406.84         0.00         0.00         0.00        55.86         0.00        38.49          0.00     1,570.44       263.54     1,833.98       502.19     1,331.79
7104          1.00         0.00         0.00         0.00         0.00         0.00         0.00         0.00         0.00         0.00         0.00        20.37         38.90       861.38       159.12     1,020.50        21.37       999.13
7717          1.00         0.00         0.00         0.00         0.00         0.00         0.00         0.00         0.00        19.29         0.00        29.43          0.00     1,321.34       205.37     1,526.71        49.72     1,476.99
6014          1.00         0.00         0.00         0.00         0.00         0.00         0.00         0.00         0.00         0.00         0.00        27.66          0.59     1,202.48       234.98     1,437.46        28.66     1,408.80
7551          1.00         0.00         0.00         0.00         0.00         0.00         0.00         0.00         0.00         0.00         0.00        20.78         38.26       871.38       158.48     1,029.86        21.78     1,008.08
7715          1.00         0.00         0.00         0.00         0.00         0.00       104.13         0.00         0.00         0.00         0.00        16.69         48.27       780.28       193.24       973.52       121.82       851.70

















































EJECUTIVOS EN SERVICIOS DE ALIMENTOS, S.A. DE C.V.                                                                      Pagina: 0004
R.F.C.:                                                                                                                    5/NOV/19
REPORTE DE SUELDOS SEMANALES DEDUCCIONES


 
Codigo Desc Vales   Desc Zapatos Otras Deducc Desc Fonacot Pension Alim Desc Infonav Faltas       Inca Enferme Inca Riesgo  ISPT         Ajus ISPT    IMSS          Sub P/Empleo Tot Per Grav Tot Per Exce Total Percep Total Deducc Neto Pagado
..........................................................................................................................................................................................................................................
6985          1.00         0.00         0.00         0.00         0.00         0.00         0.00         0.00         0.00       269.58         0.00        72.11          0.00     2,635.56       507.78     3,143.34       342.69     2,800.65
3827          1.00         0.00         0.00         0.00         0.00         0.00         0.00         0.00         0.00         0.00         0.00        25.59          0.73     1,201.17       275.61     1,476.78        26.59     1,450.19
5412          1.00         0.00         0.00         0.00         0.00         0.00         0.00         0.00         0.00         0.00         0.00        20.82         38.90       861.38       159.12     1,020.50        21.82       998.68
4504          1.00         0.00       500.00         0.00         0.00         0.00         0.00         0.00         0.00       203.71         0.00        63.17          0.00     2,262.92       371.41     2,634.33       767.88     1,866.45
7395          1.00         0.00        10.00         0.00         0.00         0.00         0.00         0.00         0.00         0.00         0.00        22.74         33.99       938.13       220.96     1,159.09        33.74     1,125.35
0214          1.00         0.00         0.00         0.00         0.00         0.00         0.00         0.00         0.00       510.35         0.00       112.73          0.00     3,783.66       564.20     4,347.86       624.08     3,723.78
7376          1.00         0.00         0.00         0.00         0.00         0.00         0.00         0.00         0.00         0.00         0.00        22.67          7.56     1,138.38       194.53     1,332.91        23.67     1,309.24
3217          1.00         0.00         0.00         0.00         0.00         0.00         0.00         0.00         0.00        49.51         0.00        33.55          0.00     1,512.15       394.70     1,906.85        84.06     1,822.79
7212          1.00         0.00         0.00         0.00         0.00       357.68         0.00         0.00         0.00         0.00         0.00        22.30         38.26       871.38       158.48     1,029.86       380.98       648.88
6321          1.00         0.00         0.00         0.00         0.00         0.00         0.00         0.00         0.00         0.00         0.00        22.89         34.24       934.17       164.50     1,098.67        23.89     1,074.78
5232          1.00         0.00         0.00         0.00         0.00         0.00         0.00         0.00         0.00         0.00         0.00        28.24         21.98     1,024.17       152.24     1,176.41        29.24     1,147.17
4958          1.00         0.00         0.00         0.00         0.00         0.00         0.00         0.00         0.00         0.00         0.00        21.23         38.26       871.38       158.48     1,029.86        22.23     1,007.63
7675          1.00         0.00         0.00         0.00         0.00         0.00         0.00         0.00         0.00         0.00         0.00        20.61         38.26       871.38       158.48     1,029.86        21.61     1,008.25
3979          1.00         0.00         0.00         0.00         0.00         0.00         0.00         0.00         0.00       420.97         0.00       125.37          0.00     3,365.20       519.23     3,884.43       547.34     3,337.09
5568          0.00         0.00         0.00         0.00         0.00         0.00         0.00         0.00         0.00         0.00         0.00        18.65         10.90     1,091.73       155.52     1,247.25        18.65     1,228.60
0442          1.00         0.00         0.00         0.00         0.00         0.00         0.00         0.00         0.00        46.67         0.00        34.90          0.00     1,486.03       311.45     1,797.48        82.57     1,714.91
7699          1.00         0.00         0.00         0.00         0.00         0.00         0.00         0.00         0.00         0.00         0.00        24.05         10.76     1,093.88       297.85     1,391.73        25.05     1,366.68
7330          0.00         0.00         0.00         0.00         0.00         0.00         0.00         0.00         0.00         0.00         0.00         0.00          0.00         0.00         0.00         0.00         0.00         0.00
7719          1.00         0.00         0.00         0.00         0.00         0.00         0.00         0.00         0.00         0.00         0.00        18.65         38.26       871.38       158.48     1,029.86        19.65     1,010.21
7720          1.00         0.00         0.00         0.00         0.00         0.00       416.52         0.00         0.00         0.00         0.00        10.80         35.33       685.91        75.51       761.42       428.32       333.10
7397          1.00         0.00         0.00         0.00         0.00         0.00         0.00         0.00         0.00         0.00         0.00        21.20         38.90       861.38       159.12     1,020.50        22.20       998.30
7421          1.00         0.00         0.00         0.00         0.00         0.00         0.00         0.00         0.00         0.00         0.00        23.25         38.26       871.38       238.98     1,110.36        24.25     1,086.11
7732          1.00         0.00         0.00         0.00         0.00         0.00         0.00         0.00         0.00         0.00         0.00         7.99          8.27       456.85        48.45       505.30         8.99       496.31
7595          1.00         0.00         0.00         0.00         0.00         0.00         0.00         0.00         0.00         0.00         0.00        23.51         38.26       871.38       158.48     1,029.86        24.51     1,005.35
7298          1.00         0.00         0.00         0.00         0.00         0.00         0.00         0.00         0.00        45.99         0.00        36.14          0.00     1,479.76       219.16     1,698.92        83.13     1,615.79
5396          1.00         0.00         0.00         0.00         0.00         0.00         0.00         0.00         0.00         0.00         0.00        23.76         35.77       910.32       239.42     1,149.74        24.76     1,124.98
5704          1.00         0.00         0.00         0.00         0.00         0.00         0.00         0.00         0.00        21.66         0.00        34.86          0.00     1,343.12       197.29     1,540.41        57.52     1,482.89
7503          1.00         0.00         0.00         0.00         0.00         0.00         0.00         0.00         0.00         0.00         0.00        21.74         10.76     1,093.88       364.60     1,458.48        22.74     1,435.74
7190          1.00         0.00         0.00         0.00         0.00         0.00         0.00         0.00         0.00         0.00         0.00        21.63         33.99       938.13       187.58     1,125.71        22.63     1,103.08
7642          1.00         0.00         0.00         0.00         0.00         0.00         0.00         0.00         0.00         0.00         0.00        23.34          7.56     1,138.38       161.15     1,299.53        24.34     1,275.19
7588          1.00         0.00         0.00         0.00         0.00         0.00         0.00         0.00         0.00         0.00         0.00        22.89         38.26       871.38       158.48     1,029.86        23.89     1,005.97
5588          1.00        48.00         0.00         0.00         0.00         0.00         0.00         0.00         0.00         0.00         0.00        21.23         33.63       943.69       226.16     1,169.85        70.23     1,099.62
6203          1.00         0.00         0.00         0.00         0.00         0.00         0.00         0.00         0.00         0.00         0.00        21.66         38.26       871.38       202.98     1,074.36        22.66     1,051.70
6582          1.00         0.00         0.00         0.00         0.00         0.00         0.00         0.00         0.00         0.00         0.00        20.82         32.49       961.51       252.83     1,214.34        21.82     1,192.52
7667          1.00         0.00         0.00         0.00         0.00         0.00         0.00         0.00         0.00         0.00         0.00        20.59         38.26       871.38       202.98     1,074.36        21.59     1,052.77
7691          1.00         0.00         0.00         0.00         0.00         0.00         0.00         0.00         0.00         0.00         0.00        20.46         34.70       927.01       210.54     1,137.55        21.46     1,116.09
7226          1.00         0.00         0.00         0.00         0.00         0.00         0.00       416.52         0.00         0.00         0.00         9.55         35.33       685.91        75.51       761.42       427.07       334.35
7664          1.00         0.00         0.00         0.00         0.00         0.00         0.00         0.00         0.00         0.00         0.00        20.31         38.26       871.38       158.48     1,029.86        21.31     1,008.55
3326          1.00         0.00         0.00         0.00         0.00         0.00         0.00         0.00         0.00        30.84         0.00        42.12          0.00     1,427.46       209.19     1,636.65        73.96     1,562.69
0449          1.00         0.00       350.00         0.00         0.00       386.21         0.00         0.00         0.00        56.38         0.00        33.95          0.00     1,575.24       325.47     1,900.71       827.54     1,073.17
7707          1.00         0.00         0.00         0.00         0.00         0.00         0.00         0.00         0.00         0.00         0.00        18.65         38.90       861.38       159.12     1,020.50        19.65     1,000.85
6934          1.00         0.00         0.00         0.00         0.00         0.00         0.00         0.00         0.00       342.84         0.00        84.50          0.00     2,999.45       460.71     3,460.16       428.34     3,031.82
7137          1.00         0.00         0.00         0.00         0.00         0.00         0.00         0.00         0.00        49.60         0.00        36.47          0.00     1,512.90       195.11     1,708.01        87.07     1,620.94

















































EJECUTIVOS EN SERVICIOS DE ALIMENTOS, S.A. DE C.V.                                                                      Pagina: 0005
R.F.C.:                                                                                                                    5/NOV/19
REPORTE DE SUELDOS SEMANALES DEDUCCIONES


 
Codigo Desc Vales   Desc Zapatos Otras Deducc Desc Fonacot Pension Alim Desc Infonav Faltas       Inca Enferme Inca Riesgo  ISPT         Ajus ISPT    IMSS          Sub P/Empleo Tot Per Grav Tot Per Exce Total Percep Total Deducc Neto Pagado
..........................................................................................................................................................................................................................................
6682          1.00         0.00         0.00         0.00         0.00         0.00       124.60         0.00         0.00         0.00         0.00        18.01         50.19       765.70       146.36       912.06       143.61       768.45
1269          1.00         0.00         0.00         0.00         0.00         0.00         0.00         0.00         0.00         0.00         0.00        20.54         38.90       861.38       159.12     1,020.50        21.54       998.96
6918          1.00         0.00         0.00         0.00         0.00         0.00         0.00         0.00         0.00         0.00         0.00        22.69         10.76     1,093.88       297.85     1,391.73        23.69     1,368.04
1419          1.00         0.00         0.00         0.00         0.00       268.68         0.00         0.00         0.00        17.59         0.00        40.48          0.00     1,305.66       189.70     1,495.36       327.75     1,167.61
7545          1.00         0.00         0.00         0.00         0.00         0.00         0.00         0.00         0.00       129.78         0.00        38.08          0.00     1,713.30       518.94     2,232.24       168.86     2,063.38
7638          1.00         0.00         0.00         0.00         0.00         0.00         0.00         0.00         0.00         0.00         0.00        19.84         38.90       861.38       159.12     1,020.50        20.84       999.66
3525          1.00         0.00         0.00         0.00         0.00         0.00         0.00         0.00         0.00        54.41         0.00        33.02          0.00     1,557.12       271.91     1,829.03        88.43     1,740.60
2451          0.00         0.00         0.00         0.00         0.00         0.00       104.13         0.00         0.00         0.00         0.00        18.92         41.54       903.00        63.79       966.79       123.05       843.74
6885          1.00         0.00         0.00         0.00         0.00         0.00       104.13       104.13         0.00         0.00         0.00        17.06         46.46       748.83       126.83       875.66       226.32       649.34
4775          1.00         0.00         0.00         0.00         0.00         0.00       104.13         0.00         0.00         0.00         0.00        19.81         45.22       835.91       201.31     1,037.22       124.94       912.28
7528          1.00         0.00         0.00         0.00         0.00         0.00         0.00         0.00         0.00         0.00         0.00        21.89         32.56       960.38       252.90     1,213.28        22.89     1,190.39
7658          0.00         0.00         0.00         0.00         0.00         0.00       416.52         0.00         0.00         0.00         0.00        11.76         34.23       726.09        34.23       760.32       428.28       332.04
4832          1.00         0.00         0.00         0.00         0.00         0.00         0.00         0.00         0.00         0.00         0.00        21.76         33.99       938.13       220.96     1,159.09        22.76     1,136.33
7729          0.00         0.00         0.00         0.00         0.00         0.00       416.52         0.00         0.00         0.00         0.00        10.80         34.23       726.09        34.23       760.32       427.32       333.00
6567          1.00         0.00         0.00         0.00         0.00         0.00         0.00         0.00         0.00         0.00         0.00        20.14         33.20       950.38       242.42     1,192.80        21.14     1,171.66
3321          1.00         0.00         0.00         0.00         0.00         0.00         0.00         0.00         0.00       504.37         0.00        57.75          0.00     3,755.67       836.07     4,591.74       563.12     4,028.62
2112          1.00         0.00         0.00         0.00         0.00         0.00       104.13         0.00         0.00         0.00         0.00        18.90         48.27       780.28       148.74       929.02       124.03       804.99
0624          1.00         0.00         0.00         0.00         0.00         0.00         0.00         0.00         0.00       152.40         0.00        52.91          0.00     1,921.18       289.78     2,210.96       206.31     2,004.65
6877          1.00         0.00         0.00       150.28         0.00         0.00         0.00         0.00         0.00         0.00         0.00        32.33         18.36     1,080.76       173.68     1,254.44       183.61     1,070.83
4385          1.00         0.00         0.00         0.00         0.00         0.00         0.00         0.00         0.00         0.00         0.00        29.22          3.22     1,178.33       172.55     1,350.88        30.22     1,320.66
7378          1.00         0.00         0.00         0.00         0.00         0.00         0.00         0.00         0.00         0.00         0.00        20.88         38.90       861.38       159.12     1,020.50        21.88       998.62
0366          1.00         0.00         0.00         0.00         0.00         0.00         0.00         0.00         0.00       343.08         0.00        88.25          0.00     3,000.58       462.49     3,463.07       432.33     3,030.74
6206          1.00         0.00         0.00         0.00         0.00         0.00         0.00         0.00         0.00        55.46         0.00        29.12          0.00     1,566.81       292.69     1,859.50        85.58     1,773.92
7618          1.00         0.00         0.00         0.00         0.00         0.00       124.60         0.00         0.00         0.00         0.00        18.35         50.19       765.70       146.36       912.06       143.95       768.11
 
*** GLO     187.00        96.00     1,280.00       150.28         0.00     7,552.37     3,319.94       520.65       293.50     7,299.08         0.00     5,641.42      4,554.79   228,328.49                271,850.41    26,340.24   245,510.17
  

































































