EJECUTIVOS EN SERVICIOS DE ALIMENTOS, S.A. DE C.V.                                                                      Pagina: 0001
R.F.C.:                                                                                                                    5/NOV/19
REPORTE DE SUELDOS SEMANALES DEDUCCIONES


 
Codigo Desc Vales   Desc Zapatos Otras Deducc Desc Fonacot Pension Alim Desc Infonav Faltas       Inca Enferme Inca Riesgo  ISPT         Ajus ISPT    IMSS          Sub P/Empleo Tot Per Grav Tot Per Exce Total Percep Total Deducc Neto Pagado
..........................................................................................................................................................................................................................................
5761          1.00         0.00         0.00         0.00         0.00         0.00       104.13         0.00         0.00         0.00         0.00        20.09         54.73       780.28       155.20       935.48       125.22       810.26
7505          1.00        48.00         0.00         0.00         0.00         0.00         0.00         0.00         0.00         0.00         0.00        21.06         38.27       871.38       158.49     1,029.87        70.06       959.81
6600          1.00         0.00         0.00         0.00         0.00         0.00         0.00         0.00         0.00         0.00         0.00        20.97         30.36       994.88       250.70     1,245.58        21.97     1,223.61
7685          1.00         0.00         0.00         0.00         0.00         0.00         0.00         0.00         0.00         0.00         0.00        21.58         36.84       893.63       179.31     1,072.94        22.58     1,050.36
5933          1.00         0.00         0.00         0.00         0.00         0.00         0.00         0.00         0.00         0.00         0.00        21.94         38.26       871.38       319.49     1,190.87        22.94     1,167.93
7170          1.00         0.00         0.00         0.00         0.00         0.00         0.00         0.00         0.00         0.00         0.00        22.83         38.27       871.38       158.49     1,029.87        23.83     1,006.04
5618          1.00         0.00       200.00         0.00         0.00         0.00       124.60         0.00         0.00         0.00         0.00        22.67         56.88       765.70       153.05       918.75       348.27       570.48
5201          1.00         0.00         0.00         0.00         0.00       312.81         0.00         0.00         0.00        30.84         0.00        37.48          0.00     1,427.46       209.19     1,636.65       382.13     1,254.52
3890          1.00         0.00         0.00         0.00         0.00         0.00         0.00         0.00         0.00       178.37         0.00        54.71          0.00     2,104.51       319.12     2,423.63       234.08     2,189.55
6654          1.00         0.00         0.00         0.00         0.00         0.00       136.41         0.00         0.00         0.00         0.00        21.56         33.48       995.35       163.28     1,158.63       158.97       999.66
3652          1.00         0.00         0.00         0.00         0.00       383.82         0.00         0.00         0.00       154.01         0.00        53.17          0.00     1,935.94       367.50     2,303.44       592.00     1,711.44
1123          1.00         0.00         0.00         0.00         0.00         0.00         0.00         0.00         0.00        30.67         0.00        34.93          0.00     1,338.91       234.52     1,573.43        66.60     1,506.83
7593          1.00         0.00         0.00         0.00         0.00         0.00         0.00         0.00         0.00         0.00         0.00        23.86         38.27       871.38       158.49     1,029.87        24.86     1,005.01
7669          1.00         0.00         0.00         0.00         0.00         0.00         0.00         0.00         0.00         0.00         0.00        30.60         10.19     1,137.24       172.94     1,310.18        31.60     1,278.58
7259          1.00         0.00         0.00         0.00         0.00         0.00         0.00         0.00         0.00         0.00         0.00        20.22         40.85       939.26       238.94     1,178.20        21.22     1,156.98
7312          1.00         0.00         0.00         0.00         0.00         0.00         0.00         0.00         0.00         0.00         0.00        21.43         38.91       861.38       212.80     1,074.18        22.43     1,051.75
7338          1.00         0.00         0.00         0.00         0.00         0.00         0.00         0.00         0.00         0.00         0.00        21.05         38.27       871.38       158.49     1,029.87        22.05     1,007.82
5677          1.00         0.00         0.00         0.00         0.00         0.00         0.00         0.00         0.00         3.74         0.00        28.65          0.00     1,243.83       279.34     1,523.17        33.39     1,489.78
4008          1.00         0.00         0.00         0.00         0.00         0.00         0.00         0.00         0.00       168.95         0.00        58.09          0.00     2,045.63       340.31     2,385.94       228.04     2,157.90
7690          1.00         0.00         0.00         0.00         0.00         0.00       104.13         0.00         0.00         0.00         0.00        17.94         54.73       780.28       155.20       935.48       123.07       812.41
6210          1.00         0.00         0.00         0.00         0.00         0.00       124.60         0.00         0.00         0.00         0.00        23.75         50.62       960.20       191.29     1,151.49       149.35     1,002.14
7697          1.00         0.00         0.00         0.00         0.00         0.00       382.26         0.00         0.00         0.00         0.00        37.16         50.74     1,509.43       357.09     1,866.52       420.42     1,446.10
0849          1.00         0.00         0.00         0.00         0.00         0.00         0.00         0.00         0.00         0.00         0.00        26.56         19.62     1,061.11       158.19     1,219.30        27.56     1,191.74
7536          1.00         0.00         0.00         0.00         0.00         0.00         0.00         0.00         0.00         0.00         0.00        20.74         38.90       861.38       159.12     1,020.50        21.74       998.76
7430          1.00         0.00         0.00         0.00         0.00         0.00         0.00         0.00         0.00       187.85         0.00        45.34          0.00     2,185.47       534.43     2,719.90       234.19     2,485.71
5181          1.00         0.00         0.00         0.00         0.00         0.00         0.00         0.00         0.00         0.00         0.00        21.67         38.27       871.38       158.49     1,029.87        22.67     1,007.20
7655          1.00         0.00         0.00         0.00         0.00         0.00         0.00         0.00         0.00         0.00         0.00        21.00         37.48       883.63       179.95     1,063.58        22.00     1,041.58
7057          1.00         0.00         0.00         0.00         0.00         0.00         0.00         0.00         0.00         0.00         0.00        24.47         22.53     1,117.26       265.12     1,382.38        25.47     1,356.91
5558          1.00         0.00         0.00         0.00         0.00         0.00         0.00         0.00         0.00         0.00         0.00        21.85         31.66       911.44       185.25     1,096.69        22.85     1,073.84
4746          1.00         0.00         0.00         0.00         0.00       337.44         0.00         0.00         0.00        16.41         0.00        31.93          0.00     1,381.79       180.28     1,562.07       386.78     1,175.29
7643          0.00         0.00         0.00         0.00         0.00         0.00         0.00         0.00         0.00         0.00         0.00        20.10         26.53     1,003.85        48.78     1,052.63        20.10     1,032.53
7663          1.00         0.00         0.00         0.00         0.00         0.00         0.00         0.00         0.00         0.00         0.00        22.08         34.63       928.13       154.85     1,082.98        23.08     1,059.90
7407          1.00         0.00         0.00         0.00         0.00         0.00       124.60         0.00         0.00         0.00         0.00        22.45         56.94       765.70       153.11       918.81       148.05       770.76
6061          1.00         0.00         0.00         0.00         0.00       675.58         0.00         0.00         0.00       121.21         0.00        38.17          0.00     1,647.76       246.04     1,893.80       835.96     1,057.84
7735          1.00         0.00         0.00         0.00         0.00         0.00         0.00         0.00         0.00         0.00         0.00         7.99         24.04       291.17        64.22       355.39         8.99       346.40
7704          1.00         0.00        10.00         0.00         0.00         0.00         0.00         0.00         0.00         0.00         0.00        19.21         33.92       939.26       232.01     1,171.27        30.21     1,141.06
1424          1.00         0.00         0.00         0.00         0.00       457.22         0.00         0.00         0.00       297.06         0.00        92.91          0.00     2,785.11       514.72     3,299.83       848.19     2,451.64
5280          1.00         0.00         0.00         0.00         0.00       439.54         0.00         0.00         0.00       152.33         0.00        50.52          0.00     1,920.48       289.67     2,210.15       643.39     1,566.76
6461          1.00         0.00       200.00         0.00         0.00         0.00         0.00         0.00         0.00        33.43         0.00        34.93          0.00     1,451.23       289.86     1,741.09       269.36     1,471.73
6765          1.00         0.00         0.00         0.00         0.00         0.00         0.00         0.00         0.00     1,282.04         0.00        35.24          0.00     7,579.16       187.49     7,766.65     1,318.28     6,448.37
7694          1.00         0.00         0.00         0.00         0.00         0.00       104.13         0.00         0.00         0.00         0.00        19.14         48.28       780.28       148.75       929.03       124.27       804.76
6657          1.00         0.00         0.00         0.00         0.00         0.00         0.00         0.00         0.00         0.00         0.00        20.03         38.91       861.38       159.13     1,020.51        21.03       999.48
5000          1.00         0.00         0.00         0.00         0.00         0.00         0.00         0.00         0.00         0.00         0.00        28.35         15.49     1,129.61       177.02     1,306.63        29.35     1,277.28

















































EJECUTIVOS EN SERVICIOS DE ALIMENTOS, S.A. DE C.V.                                                                      Pagina: 0002
R.F.C.:                                                                                                                    5/NOV/19
REPORTE DE SUELDOS SEMANALES DEDUCCIONES


 
Codigo Desc Vales   Desc Zapatos Otras Deducc Desc Fonacot Pension Alim Desc Infonav Faltas       Inca Enferme Inca Riesgo  ISPT         Ajus ISPT    IMSS          Sub P/Empleo Tot Per Grav Tot Per Exce Total Percep Total Deducc Neto Pagado
..........................................................................................................................................................................................................................................
7586          1.00         0.00         0.00         0.00         0.00         0.00         0.00         0.00         0.00         0.00         0.00        28.57         44.77       871.38       164.99     1,036.37        29.57     1,006.80
7649          1.00         0.00         0.00         0.00         0.00         0.00         0.00         0.00         0.00         0.00         0.00        20.76         45.48       861.38       165.70     1,027.08        21.76     1,005.32
5644          1.00         0.00        50.00         0.00         0.00       331.25         0.00         0.00         0.00        52.18         0.00        31.10          0.00     1,536.64       289.86     1,826.50       465.53     1,360.97
7519          1.00         0.00         0.00         0.00         0.00         0.00         0.00         0.00         0.00         0.00         0.00        31.55         51.80       871.38       172.02     1,043.40        32.55     1,010.85
6638          1.00         0.00         0.00         0.00         0.00         0.00         0.00         0.00         0.00         0.00         0.00        20.20         33.92       939.26       232.01     1,171.27        21.20     1,150.07
7734          1.00         0.00         0.00         0.00         0.00         0.00         0.00         0.00         0.00         0.00         0.00        10.66         22.57       486.82       177.41       664.23        11.66       652.57
6690          1.00         0.00         0.00         0.00         0.00         0.00         0.00         0.00         0.00         0.34         0.00        21.85          0.00     1,161.76       220.34     1,382.10        23.19     1,358.91
7168          1.00         0.00         0.00         0.00         0.00         0.00       104.13         0.00         0.00         0.00         0.00        19.58         44.84       847.03       178.68     1,025.71       124.71       901.00
7681          1.00         0.00         0.00         0.00         0.00         0.00         0.00         0.00         0.00         0.00         0.00        21.26         38.91       861.38       159.13     1,020.51        22.26       998.25
6958          1.00         0.00         0.00         0.00         0.00         0.00         0.00         0.00         0.00         0.00         0.00        27.86          8.72     1,125.72       128.94     1,254.66        28.86     1,225.80
7718          1.00         0.00         0.00         0.00         0.00         0.00       104.13         0.00         0.00         0.00         0.00        16.69         44.86       780.28       145.33       925.61       121.82       803.79
6542          0.00         0.00         0.00         0.00         0.00         0.00         0.00         0.00         0.00         0.00         0.00         0.00          0.00         0.00         0.00         0.00         0.00         0.00
4314          1.00         0.00         0.00         0.00         0.00         0.00         0.00         0.00         0.00       137.92         0.00        43.56          0.00     1,788.10       324.69     2,112.79       182.48     1,930.31
7485          1.00         0.00         0.00         0.00         0.00         0.00         0.00         0.00         0.00         0.00         0.00        22.31          2.86     1,221.51       156.45     1,377.96        23.31     1,354.65
7632          1.00         0.00         0.00         0.00         0.00         0.00         0.00         0.00         0.00         0.00         0.00        21.24         38.27       871.38       202.99     1,074.37        22.24     1,052.13
4287          1.00         0.00         0.00         0.00         0.00         0.00         0.00         0.00         0.00        15.50         0.00        31.45          0.00     1,286.40       155.32     1,441.72        47.95     1,393.77
7673          1.00         0.00         0.00         0.00         0.00         0.00       124.60         0.00         0.00         0.00         0.00        20.58         51.15       860.26       286.38     1,146.64       146.18     1,000.46
7696          0.00         0.00         0.00         0.00         0.00         0.00       208.26         0.00         0.00         0.00         0.00        18.45         43.01       829.20        43.01       872.21       226.71       645.50
6504          1.00         0.00         0.00         0.00         0.00         0.00         0.00         0.00         0.00         0.00         0.00        22.62         38.27       871.38       158.49     1,029.87        23.62     1,006.25
7617          0.00         0.00         0.00         0.00         0.00         0.00         0.00         0.00         0.00         0.00         0.00         0.00          0.00         0.00         0.00         0.00         0.00         0.00
7604          1.00         0.00         0.00         0.00         0.00         0.00         0.00         0.00         0.00         0.00         0.00        21.38         38.27       871.38       158.49     1,029.87        22.38     1,007.49
7061          1.00         0.00         0.00         0.00         0.00         0.00         0.00         0.00         0.00         0.00         0.00        25.73         35.00     1,271.88       255.34     1,527.22        26.73     1,500.49
7627          1.00         0.00         0.00         0.00         0.00         0.00         0.00         0.00         0.00         0.00         0.00        21.28         44.06       882.51       219.90     1,102.41        22.28     1,080.13
7698          1.00         0.00         0.00         0.00         0.00         0.00         0.00         0.00         0.00         0.00         0.00        22.40         38.91       861.38       159.13     1,020.51        23.40       997.11
7633          1.00         0.00         0.00         0.00         0.00         0.00         0.00         0.00         0.00         0.00         0.00        20.93         37.48       883.63       179.95     1,063.58        21.93     1,041.65
7712          1.00         0.00         0.00         0.00         0.00         0.00         0.00         0.00         0.00         0.00         0.00        18.65          8.72     1,125.86       173.44     1,299.30        19.65     1,279.65
7428          1.00         0.00         0.00         0.00         0.00         0.00         0.00         0.00         0.00         0.00         0.00        22.37         38.27       871.38       158.49     1,029.87        23.37     1,006.50
2897          1.00         0.00         0.00         0.00         0.00         0.00         0.00         0.00         0.00         0.00         0.00        20.45         38.91       861.38       159.13     1,020.51        21.45       999.06
7558          1.00         0.00         0.00         0.00         0.00         0.00         0.00         0.00         0.00         0.00         0.00        21.78         32.14       967.07       258.04     1,225.11        22.78     1,202.33
6360          1.00         0.00         0.00         0.00         0.00         0.00         0.00         0.00         0.00         0.00         0.00        21.09         37.12       889.19       185.15     1,074.34        22.09     1,052.25
7614          1.00         0.00         0.00         0.00         0.00         0.00         0.00         0.00         0.00        12.81         0.00        31.98          0.00     1,261.75       155.32     1,417.07        45.79     1,371.28
3318          1.00         0.00         0.00         0.00         0.00       500.52         0.00         0.00         0.00       261.32         0.00        59.93          0.00     2,602.88       513.81     3,116.69       822.77     2,293.92
7706          1.00         0.00         0.00         0.00         0.00         0.00         0.00         0.00         0.00         0.00         0.00        19.98          7.84     1,143.63       194.81     1,338.44        20.98     1,317.46
5139          1.00         0.00         0.00         0.00         0.00       759.20         0.00         0.00         0.00       290.20         0.00        80.08          0.00     2,750.59       406.38     3,156.97     1,130.48     2,026.49
6083          1.00         0.00         0.00         0.00         0.00         0.00         0.00         0.00         0.00         0.00         0.00        23.19          8.43     1,134.42       283.31     1,417.73        24.19     1,393.54
6766          1.00         0.00         0.00         0.00         0.00         0.00         0.00         0.00         0.00         0.00         0.00        42.86          8.48     1,129.61       170.01     1,299.62        43.86     1,255.76
4137          1.00         0.00         0.00         0.00         0.00         0.00         0.00         0.00         0.00       371.81         0.00        93.93          0.00     3,135.04       482.40     3,617.44       466.74     3,150.70
7542          1.00         0.00         0.00         0.00         0.00         0.00         0.00         0.00         0.00         0.00         0.00        21.27         38.27       871.38       158.49     1,029.87        22.27     1,007.60
3780          1.00         0.00         0.00         0.00         0.00         0.00         0.00         0.00       293.50         0.00         0.00        28.82         27.24     1,236.48       261.16     1,497.64       323.32     1,174.32
7678          1.00         0.00         0.00         0.00         0.00         0.00         0.00         0.00         0.00         0.00         0.00        22.93         38.27       871.38       158.49     1,029.87        23.93     1,005.94
6205          1.00         0.00         0.00         0.00         0.00         0.00         0.00         0.00         0.00         0.00         0.00        21.32         33.28       949.25       242.50     1,191.75        22.32     1,169.43
5027          1.00         0.00         0.00         0.00         0.00         0.00         0.00         0.00         0.00       129.30         0.00        27.24          0.00     2,094.60       333.80     2,428.40       157.54     2,270.86
7695          1.00         0.00         0.00         0.00         0.00         0.00         0.00         0.00         0.00         0.00         0.00        22.48         41.51       928.13       272.98     1,201.11        23.48     1,177.63

















































EJECUTIVOS EN SERVICIOS DE ALIMENTOS, S.A. DE C.V.                                                                      Pagina: 0003
R.F.C.:                                                                                                                    5/NOV/19
REPORTE DE SUELDOS SEMANALES DEDUCCIONES


 
Codigo Desc Vales   Desc Zapatos Otras Deducc Desc Fonacot Pension Alim Desc Infonav Faltas       Inca Enferme Inca Riesgo  ISPT         Ajus ISPT    IMSS          Sub P/Empleo Tot Per Grav Tot Per Exce Total Percep Total Deducc Neto Pagado
..........................................................................................................................................................................................................................................
7733          1.00         0.00         0.00         0.00         0.00         0.00         0.00         0.00         0.00         0.00         0.00        13.32         26.33       637.98       206.82       844.80        14.32       830.48
6839          1.00         0.00         0.00         0.00         0.00         0.00         0.00         0.00         0.00         0.00         0.00        22.03         34.70       927.01       210.54     1,137.55        23.03     1,114.52
5646          1.00         0.00         0.00         0.00         0.00         0.00         0.00         0.00         0.00         0.00         0.00        22.08         31.85       971.51       185.44     1,156.95        23.08     1,133.87
7708          1.00         0.00         0.00         0.00         0.00         0.00         0.00         0.00         0.00         0.00         0.00        18.65         38.27       871.38       158.49     1,029.87        19.65     1,010.22
6978          1.00         0.00         0.00         0.00         0.00         0.00       104.13         0.00         0.00         0.00         0.00        19.66         53.41       802.53       176.13       978.66       124.79       853.87
6658          1.00         0.00         0.00         0.00         0.00       462.28         0.00         0.00         0.00         0.00         0.00        26.88          9.18     1,118.70       170.57     1,289.27       490.16       799.11
4458          0.00         0.00         0.00         0.00         0.00         0.00         0.00         0.00         0.00         0.00         0.00         0.00          0.00         0.00         0.00         0.00         0.00         0.00
7647          1.00         0.00         0.00         0.00         0.00         0.00         0.00         0.00         0.00         0.00         0.00        20.84         34.71       927.01       210.55     1,137.56        21.84     1,115.72
5679          1.00         0.00         0.00         0.00         0.00         0.00         0.00         0.00         0.00         1.38         0.00        30.79          0.00     1,220.68       234.39     1,455.07        33.17     1,421.90
7530          1.00         0.00         0.00         0.00         0.00         0.00         0.00         0.00         0.00         0.00         0.00        23.26         37.48       883.63       179.95     1,063.58        24.26     1,039.32
6028          1.00         0.00         0.00         0.00         0.00       399.30         0.00         0.00         0.00        38.24         0.00        32.38          0.00     1,408.52       289.86     1,698.38       470.92     1,227.46
6565          1.00         0.00         0.00         0.00         0.00         0.00         0.00         0.00         0.00         0.00         0.00        24.21         36.84       893.63       179.31     1,072.94        25.21     1,047.73
7731          1.00         0.00         0.00         0.00         0.00         0.00         0.00         0.00         0.00         0.00         0.00        18.65         38.90       861.38       159.12     1,020.50        19.65     1,000.85
3676          1.00         0.00         0.00         0.00         0.00         0.00         0.00         0.00         0.00       128.90         0.00        34.77          0.00     1,705.19       328.59     2,033.78       164.67     1,869.11
3221          1.00         0.00         0.00         0.00         0.00         0.00         0.00         0.00         0.00        21.16         0.00        42.89          0.00     1,338.43       346.27     1,684.70        65.05     1,619.65
7269          1.00         0.00         0.00         0.00         0.00         0.00         0.00         0.00         0.00         0.00         0.00        22.60         36.84       893.63       179.31     1,072.94        23.60     1,049.34
4647          0.00         0.00         0.00         0.00         0.00         0.00         0.00         0.00         0.00         0.00         0.00         0.00          0.00         0.00         0.00         0.00         0.00         0.00
2522          1.00         0.00         0.00         0.00         0.00         0.00         0.00         0.00         0.00         0.00         0.00        22.11         33.64       943.69       226.17     1,169.86        23.11     1,146.75
7555          1.00         0.00         0.00         0.00         0.00         0.00         0.00         0.00         0.00         0.00         0.00        10.66         34.47       350.55        82.55       433.10        11.66       421.44
5506          1.00         0.00         0.00         0.00         0.00       192.68       163.22         0.00         0.00         0.00         0.00        24.39         35.09     1,067.27       246.78     1,314.05       381.29       932.76
0236          1.00         0.00         0.00         0.00         0.00       523.01         0.00         0.00         0.00       162.81         0.00        62.41          0.00     2,007.27       378.67     2,385.94       749.23     1,636.71
7080          1.00         0.00         0.00         0.00         0.00         0.00         0.00         0.00         0.00        83.25         0.00        37.83          0.00     1,822.20       424.87     2,247.07       122.08     2,124.99
5965          1.00         0.00         0.00         0.00         0.00         0.00         0.00         0.00         0.00         0.00         0.00        29.09         15.49     1,129.61       177.02     1,306.63        30.09     1,276.54
5447          1.00         0.00         0.00         0.00         0.00         0.00         0.00         0.00         0.00         0.00         0.00        20.95         38.91       861.38       159.13     1,020.51        21.95       998.56
7723          1.00         0.00         0.00         0.00         0.00         0.00       104.13         0.00         0.00         0.00         0.00        16.69         42.78       880.41       176.62     1,057.03       121.82       935.21
6685          1.00         0.00         0.00         0.00         0.00         0.00         0.00         0.00         0.00         0.00         0.00        21.55         43.34       893.63       185.81     1,079.44        22.55     1,056.89
5549          1.00         0.00         0.00         0.00         0.00         0.00         0.00         0.00         0.00         0.00         0.00        21.23         38.27       871.38       202.99     1,074.37        22.23     1,052.14
0854          1.00         0.00         0.00         0.00         0.00       279.59       202.00         0.00         0.00         0.00         0.00        33.31          9.66     1,344.08       185.99     1,530.07       515.90     1,014.17
7295          1.00         0.00         0.00         0.00         0.00         0.00         0.00         0.00         0.00         0.00         0.00        23.36         38.27       871.38       158.49     1,029.87        24.36     1,005.51
7693          1.00         0.00         0.00         0.00         0.00         0.00       104.13         0.00         0.00         0.00         0.00        20.32         53.52       802.53       176.24       978.77       125.45       853.32
6832          1.00         0.00         0.00         0.00         0.00         0.00         0.00         0.00         0.00         0.00         0.00        21.01         36.48       899.19       229.01     1,128.20        22.01     1,106.19
4807          1.00         0.00         0.00         0.00         0.00         0.00         0.00         0.00         0.00       510.36         0.00       130.06          0.00     3,783.66       564.20     4,347.86       641.42     3,706.44
6821          1.00         0.00         0.00         0.00         0.00         0.00         0.00         0.00         0.00         0.00         0.00        29.20          4.85     1,163.33       210.10     1,373.43        30.20     1,343.23
7705          1.00         0.00         0.00         0.00         0.00         0.00       104.13         0.00         0.00         0.00         0.00        17.80         54.73       780.28       155.20       935.48       122.93       812.55
7730          1.00         0.00         0.00         0.00         0.00         0.00         0.00         0.00         0.00         0.00         0.00        18.65         38.91       861.38       159.13     1,020.51        19.65     1,000.86
3169          1.00         0.00         0.00         0.00         0.00         0.00         0.00         0.00         0.00         0.00         0.00        22.34         36.84       893.63       179.31     1,072.94        23.34     1,049.60
7728          1.00         0.00         0.00         0.00         0.00         0.00         0.00         0.00         0.00         0.00         0.00        18.65         38.27       871.38       202.99     1,074.37        19.65     1,054.72
7686          1.00         0.00         0.00         0.00         0.00         0.00         0.00         0.00         0.00         0.00         0.00        20.83         38.27       871.38       158.49     1,029.87        21.83     1,008.04
5902          0.00         0.00         0.00         0.00         0.00         0.00         0.00         0.00         0.00         0.00         0.00         0.00          0.00         0.00         0.00         0.00         0.00         0.00
4514          1.00         0.00         0.00         0.00         0.00       406.84         0.00         0.00         0.00         0.00         0.00        38.49          1.12     1,220.68       177.22     1,397.90       446.33       951.57
7104          1.00         0.00         0.00         0.00         0.00         0.00         0.00         0.00         0.00         0.00         0.00        20.37         38.91       861.38       159.13     1,020.51        21.37       999.14
7717          1.00         0.00         0.00         0.00         0.00         0.00         0.00         0.00         0.00        17.60         0.00        29.43          0.00     1,305.66       189.70     1,495.36        48.03     1,447.33
6014          1.00         0.00         0.00         0.00         0.00         0.00         0.00         0.00         0.00         0.00         0.00        27.66          0.60     1,202.48       234.99     1,437.47        28.66     1,408.81

















































EJECUTIVOS EN SERVICIOS DE ALIMENTOS, S.A. DE C.V.                                                                      Pagina: 0004
R.F.C.:                                                                                                                    5/NOV/19
REPORTE DE SUELDOS SEMANALES DEDUCCIONES


 
Codigo Desc Vales   Desc Zapatos Otras Deducc Desc Fonacot Pension Alim Desc Infonav Faltas       Inca Enferme Inca Riesgo  ISPT         Ajus ISPT    IMSS          Sub P/Empleo Tot Per Grav Tot Per Exce Total Percep Total Deducc Neto Pagado
..........................................................................................................................................................................................................................................
7736          1.00         0.00         0.00         0.00         0.00         0.00         0.00         0.00         0.00         0.00         0.00         7.99         24.04       291.17        64.22       355.39         8.99       346.40
7551          1.00         0.00         0.00         0.00         0.00         0.00         0.00         0.00         0.00         0.00         0.00        20.78         38.27       871.38       158.49     1,029.87        21.78     1,008.09
7715          1.00         0.00         0.00         0.00         0.00         0.00         0.00         0.00         0.00         0.00         0.00        18.65         44.72       871.38       209.44     1,080.82        19.65     1,061.17
6985          1.00         0.00         0.00         0.00         0.00         0.00         0.00         0.00         0.00       257.50         0.00        72.11          0.00     2,568.06       507.78     3,075.84       330.61     2,745.23
3827          1.00         0.00         0.00         0.00         0.00         0.00         0.00         0.00         0.00        40.41         0.00        25.59          0.00     1,451.48       324.94     1,776.42        67.00     1,709.42
5412          1.00         0.00         0.00         0.00         0.00         0.00         0.00         0.00         0.00         0.00         0.00        20.82         38.91       861.38       159.13     1,020.51        21.82       998.69
4504          1.00         0.00       500.00         0.00         0.00         0.00         0.00         0.00         0.00       268.25         0.00        63.17          0.00     2,633.09       637.62     3,270.71       832.42     2,438.29
7395          1.00         0.00         0.00         0.00         0.00         0.00         0.00         0.00         0.00         0.00         0.00        22.74          6.41     1,165.88       171.13     1,337.01        23.74     1,313.27
0214          1.00         0.00         0.00         0.00         0.00         0.00         0.00         0.00         0.00       510.36         0.00       112.73          0.00     3,783.66       564.20     4,347.86       624.09     3,723.77
7376          1.00         0.00         0.00         0.00         0.00         0.00         0.00         0.00         0.00         0.00         0.00        22.67         51.88       871.38       172.10     1,043.48        23.67     1,019.81
3217          1.00         0.00         0.00         0.00         0.00         0.00         0.00         0.00         0.00        13.16         0.00        33.55          0.00     1,351.84       278.11     1,629.95        47.71     1,582.24
7212          1.00         0.00         0.00         0.00         0.00       357.68         0.00         0.00         0.00         0.00         0.00        22.30         38.27       871.38       158.49     1,029.87       380.98       648.89
6321          1.00         0.00         0.00         0.00         0.00         0.00         0.00         0.00         0.00         0.00         0.00        22.89         34.24       934.17       164.50     1,098.67        23.89     1,074.78
5232          1.00         0.00         0.00         0.00         0.00         0.00         0.00         0.00         0.00         0.00         0.00        28.24         16.63     1,107.95       230.67     1,338.62        29.24     1,309.38
4958          1.00         0.00         0.00         0.00         0.00         0.00         0.00         0.00         0.00         0.00         0.00        21.23         38.27       871.38       158.49     1,029.87        22.23     1,007.64
7675          1.00         0.00         0.00         0.00         0.00         0.00         0.00         0.00         0.00         0.00         0.00        20.61         38.27       871.38       158.49     1,029.87        21.61     1,008.26
3979          1.00         0.00         0.00         0.00         0.00         0.00         0.00         0.00         0.00       420.97         0.00       125.37          0.00     3,365.20       519.23     3,884.43       547.34     3,337.09
5568          1.00         0.00         0.00         0.00         0.00         0.00       312.39         0.00         0.00         0.00         0.00        12.76         70.34       717.37       130.62       847.99       326.15       521.84
0442          1.00         0.00         0.00         0.00         0.00         0.00         0.00         0.00         0.00        43.67         0.00        34.90          0.00     1,458.39       283.80     1,742.19        79.57     1,662.62
7699          1.00         0.00         0.00         0.00         0.00         0.00         0.00         0.00         0.00         0.00         0.00        24.05         25.70     1,071.64       323.91     1,395.55        25.05     1,370.50
7330          0.00         0.00         0.00         0.00         0.00         0.00         0.00         0.00         0.00         0.00         0.00         0.00          0.00         0.00         0.00         0.00         0.00         0.00
7719          1.00         0.00         0.00         0.00         0.00         0.00         0.00         0.00         0.00         0.00         0.00        18.65         38.27       871.38       158.49     1,029.87        19.65     1,010.22
7720          0.00         0.00         0.00         0.00         0.00         0.00         0.00         0.00         0.00         0.00         0.00         0.00          0.00         0.00         0.00         0.00         0.00         0.00
7397          1.00         0.00         0.00         0.00         0.00         0.00         0.00         0.00         0.00         0.00         0.00        21.20         38.91       861.38       159.13     1,020.51        22.20       998.31
7421          1.00         0.00         0.00         0.00         0.00         0.00         0.00         0.00         0.00         0.00         0.00        23.25         36.84       893.63       179.31     1,072.94        24.25     1,048.69
7732          1.00         0.00         0.00         0.00         0.00         0.00         0.00         0.00         0.00         0.00         0.00        18.65         41.05       871.38       161.27     1,032.65        19.65     1,013.00
7595          1.00         0.00         0.00         0.00         0.00         0.00         0.00         0.00         0.00         0.00         0.00        23.51         38.27       871.38       158.49     1,029.87        24.51     1,005.36
7298          1.00         0.00         0.00         0.00         0.00         0.00         0.00         0.00         0.00        46.00         0.00        36.14          0.00     1,479.76       219.16     1,698.92        83.14     1,615.78
5396          1.00         0.00         0.00         0.00         0.00         0.00         0.00         0.00         0.00         0.00         0.00        23.76         27.23     1,043.82       364.38     1,408.20        24.76     1,383.44
5704          1.00         0.00         0.00         0.00         0.00         0.00         0.00         0.00         0.00        35.32         0.00        34.86          0.00     1,468.55       385.43     1,853.98        71.18     1,782.80
7503          1.00         0.00         0.00         0.00         0.00         0.00       104.13         0.00         0.00         0.00         0.00        19.45         50.74       913.78       262.46     1,176.24       124.58     1,051.66
7190          1.00         0.00         0.00         0.00         0.00         0.00         0.00         0.00         0.00         0.00         0.00        21.63         25.45     1,071.63       212.42     1,284.05        22.63     1,261.42
7642          1.00         0.00         0.00         0.00         0.00         0.00         0.00         0.00         0.00         0.00         0.00        23.34         51.88       871.38       172.10     1,043.48        24.34     1,019.14
7588          1.00         0.00         0.00         0.00         0.00         0.00         0.00         0.00         0.00         0.00         0.00        22.89         38.27       871.38       158.49     1,029.87        23.89     1,005.98
5588          1.00        48.00         0.00         0.00         0.00         0.00         0.00         0.00         0.00         0.00         0.00        21.23         38.27       871.38       158.49     1,029.87        70.23       959.64
6203          1.00         0.00         0.00         0.00         0.00         0.00         0.00         0.00         0.00         0.00         0.00        21.66         33.99       938.13       232.08     1,170.21        22.66     1,147.55
6582          1.00         0.00         0.00         0.00         0.00         0.00         0.00         0.00         0.00         0.00         0.00        20.82         38.91       861.38       159.13     1,020.51        21.82       998.69
7667          1.00         0.00         0.00         0.00         0.00         0.00         0.00         0.00         0.00         0.00         0.00        20.59         38.27       871.38       158.49     1,029.87        21.59     1,008.28
7226          1.00         0.00         0.00         0.00         0.00         0.00         0.00         0.00         0.00         0.00         0.00        22.27         54.87       871.38       175.09     1,046.47        23.27     1,023.20
7664          1.00         0.00         0.00         0.00         0.00         0.00       208.26         0.00         0.00         0.00         0.00        16.03         38.56       949.08       152.30     1,101.38       225.29       876.09
3326          1.00         0.00         0.00         0.00         0.00         0.00         0.00         0.00         0.00        30.84         0.00        42.12          0.00     1,427.46       209.19     1,636.65        73.96     1,562.69
0449          1.00         0.00       300.00         0.00         0.00       386.21         0.00         0.00         0.00        48.28         0.00        33.95          0.00     1,500.75       274.45     1,775.20       769.44     1,005.76
7707          1.00         0.00         0.00         0.00         0.00         0.00         0.00         0.00         0.00         0.00         0.00        18.65         33.92       939.26       232.01     1,171.27        19.65     1,151.62

















































EJECUTIVOS EN SERVICIOS DE ALIMENTOS, S.A. DE C.V.                                                                      Pagina: 0005
R.F.C.:                                                                                                                    5/NOV/19
REPORTE DE SUELDOS SEMANALES DEDUCCIONES


 
Codigo Desc Vales   Desc Zapatos Otras Deducc Desc Fonacot Pension Alim Desc Infonav Faltas       Inca Enferme Inca Riesgo  ISPT         Ajus ISPT    IMSS          Sub P/Empleo Tot Per Grav Tot Per Exce Total Percep Total Deducc Neto Pagado
..........................................................................................................................................................................................................................................
6934          1.00         0.00         0.00         0.00         0.00         0.00         0.00         0.00         0.00       342.85         0.00        84.50          0.00     2,999.45       460.71     3,460.16       428.35     3,031.81
7137          1.00         0.00         0.00         0.00         0.00         0.00         0.00         0.00         0.00        54.35         0.00        36.47          0.00     1,556.62       238.83     1,795.45        91.82     1,703.63
6682          1.00         0.00         0.00         0.00         0.00         0.00       124.60         0.00         0.00         0.00         0.00        18.01         50.20       765.70       146.37       912.07       143.61       768.46
1269          1.00         0.00         0.00         0.00         0.00         0.00         0.00         0.00         0.00         0.00         0.00        20.54         38.91       861.38       159.13     1,020.51        21.54       998.97
6918          1.00         0.00         0.00         0.00         0.00         0.00       104.13         0.00         0.00         0.00         0.00        20.30         54.71       847.03       233.05     1,080.08       125.43       954.65
1419          1.00         0.00         0.00         0.00         0.00       268.68         0.00         0.00         0.00       268.25         0.00        40.48          0.00     2,362.44       299.45     2,661.89       578.41     2,083.48
7545          1.00         0.00         0.00       472.78         0.00         0.00         0.00         0.00         0.00       146.75         0.00        38.08          0.00     1,869.23       471.91     2,341.14       658.61     1,682.53
7638          1.00         0.00         0.00         0.00         0.00         0.00         0.00         0.00         0.00         0.00         0.00        19.84         38.91       861.38       159.13     1,020.51        20.84       999.67
3525          1.00         0.00         0.00         0.00         0.00         0.00         0.00         0.00         0.00         8.53         0.00        33.02          0.00     1,309.36       199.04     1,508.40        42.55     1,465.85
6885          1.00         0.00         0.00         0.00         0.00         0.00         0.00         0.00         0.00         0.00         0.00        22.69         46.82       871.38       167.04     1,038.42        23.69     1,014.73
4775          1.00         0.00         0.00         0.00         0.00         0.00         0.00         0.00         0.00         0.00         0.00        22.14         31.49       915.88       196.21     1,112.09        23.14     1,088.95
7528          1.00         0.00         0.00         0.00         0.00         0.00         0.00         0.00         0.00         0.00         0.00        21.89         29.73     1,004.88       216.70     1,221.58        22.89     1,198.69
7658          0.00         0.00         0.00         0.00         0.00         0.00         0.00         0.00         0.00         0.00         0.00         0.00          0.00         0.00         0.00         0.00         0.00         0.00
4832          1.00         0.00         0.00         0.00         0.00         0.00         0.00         0.00         0.00         0.00         0.00        21.76         38.26       871.38       158.48     1,029.86        22.76     1,007.10
7729          0.00         0.00         0.00         0.00         0.00         0.00         0.00         0.00         0.00         0.00         0.00         0.00          0.00         0.00         0.00         0.00         0.00         0.00
6567          1.00         0.00         0.00         0.00         0.00         0.00         0.00         0.00         0.00         0.00         0.00        20.14         38.91       861.38       159.13     1,020.51        21.14       999.37
3321          1.00         0.00         0.00         0.00         0.00         0.00         0.00         0.00         0.00       203.64         0.00        57.75          0.00     2,347.73       665.20     3,012.93       262.39     2,750.54
2112          1.00         0.00         0.00         0.00         0.00         0.00         0.00         0.00         0.00         0.00         0.00        21.12         44.72       871.38       164.94     1,036.32        22.12     1,014.20
0624          1.00         0.00         0.00         0.00         0.00         0.00         0.00         0.00         0.00       152.40         0.00        52.91          0.00     1,921.18       289.78     2,210.96       206.31     2,004.65
6877          1.00         0.00         0.00       150.28         0.00         0.00         0.00         0.00         0.00         0.00         0.00        32.33         18.36     1,080.76       173.68     1,254.44       183.61     1,070.83
4385          1.00         0.00         0.00         0.00         0.00         0.00         0.00         0.00         0.00         0.00         0.00        29.22          3.22     1,178.33       172.55     1,350.88        30.22     1,320.66
7378          1.00         0.00         0.00         0.00         0.00         0.00         0.00         0.00         0.00         0.00         0.00        20.88         33.21       950.38       242.43     1,192.81        21.88     1,170.93
0366          1.00         0.00         0.00         0.00         0.00         0.00         0.00         0.00         0.00       343.09         0.00        88.25          0.00     3,000.58       462.49     3,463.07       432.34     3,030.73
6206          1.00         0.00         0.00         0.00         0.00         0.00         0.00         0.00         0.00         0.00         0.00        29.12          7.85     1,158.76       198.52     1,357.28        30.12     1,327.16
7618          1.00         0.00         0.00         0.00         0.00         0.00       124.60         0.00         0.00         0.00         0.00        18.35         49.59       776.83       156.88       933.71       143.95       789.76
 
*** GLO     186.00        96.00     1,260.00       623.06         0.00     7,473.65     3,505.83         0.00       293.50     8,126.61         0.00     5,521.77      4,883.97   228,667.10                271,114.58    27,086.42   244,028.16
  
































































