EJECUTIVOS EN SERVICIOS DE ALIMENTOS, S.A. DE C.V.                                                                      Pagina: 0001
R.F.C.:                                                                                                                    5/NOV/19
REPORTE DE SUELDOS SEMANALES DEDUCCIONES


 
Codigo Desc Vales   Desc Zapatos Otras Deducc Desc Fonacot Pension Alim Desc Infonav Faltas       Inca Enferme Inca Riesgo  ISPT         Ajus ISPT    IMSS          Sub P/Empleo Tot Per Grav Tot Per Exce Total Percep Total Deducc Neto Pagado
..........................................................................................................................................................................................................................................
7505          1.00         0.00         0.00         0.00         0.00         0.00         0.00         0.00         0.00         0.00         0.00        22.09         38.06       871.38       158.28     1,029.66        23.09     1,006.57
6600          1.00         0.00         0.00         0.00         0.00         0.00         0.00         0.00         0.00         0.00         0.00        23.11         38.89       861.38       159.11     1,020.49        24.11       996.38
7515          1.00        48.00         0.00         0.00         0.00         0.00         0.00         0.00         0.00         0.00         0.00        23.43         38.27       871.38       158.49     1,029.87        72.43       957.44
5933          1.00         0.00         0.00         0.00         0.00         0.00         0.00         0.00         0.00         0.00         0.00        23.75         38.27       871.38       238.99     1,110.37        24.75     1,085.62
7170          1.00         0.00         0.00         0.00         0.00         0.00         0.00         0.00         0.00         0.00         0.00        26.77         64.27       871.38       184.49     1,055.87        27.77     1,028.10
5618          1.00         0.00         0.00         0.00         0.00         0.00         0.00         0.00         0.00         0.00         0.00        20.56         33.66       950.38       242.88     1,193.26        21.56     1,171.70
3890          1.00         0.00         0.00         0.00         0.00         0.00         0.00         0.00         0.00       166.09         0.00        52.13          0.00     2,027.79       649.30     2,677.09       219.22     2,457.87
3652          1.00         0.00         0.00         0.00         0.00       383.82         0.00         0.00         0.00       161.76         0.00        48.31          0.00     2,000.75       414.04     2,414.79       594.89     1,819.90
2530          1.00         0.00         0.00         0.00         0.00       120.52       249.20         0.00         0.00         0.00         0.00        15.65         65.64       730.02       137.77       867.79       386.37       481.42
1123          1.00         0.00         0.00         0.00         0.00         0.00         0.00         0.00         0.00        11.19         0.00        33.10          0.00     1,246.79       180.28     1,427.07        45.29     1,381.78
7593          1.00         0.00         0.00         0.00         0.00         0.00         0.00         0.00         0.00         0.00         0.00        20.35         38.26       871.38       158.48     1,029.86        21.35     1,008.51
6955          1.00         0.00         0.00         0.00         0.00         0.00         0.00         0.00         0.00         0.00         0.00        15.99         34.01       727.93       134.48       862.41        16.99       845.42
7607          1.00         0.00         0.00         0.00         0.00         0.00         0.00         0.00         0.00         0.00         0.00        19.21         38.90       861.38       159.12     1,020.50        20.21     1,000.29
7005          1.00         0.00         0.00         0.00         0.00         0.00         0.00         0.00         0.00         0.00         0.00        26.37         64.26       871.38       228.98     1,100.36        27.37     1,072.99
7259          1.00         0.00         0.00         0.00         0.00         0.00         0.00         0.00         0.00         0.00         0.00        21.95         38.26       871.38       158.48     1,029.86        22.95     1,006.91
7276          0.00         0.00         0.00         0.00         0.00         0.00         0.00         0.00         0.00         0.00         0.00         0.00          0.00         0.00         0.00         0.00         0.00         0.00
7312          1.00         0.00         0.00         0.00         0.00         0.00         0.00         0.00         0.00         0.00         0.00        26.11         38.27       871.38       202.99     1,074.37        27.11     1,047.26
7338          1.00         0.00         0.00         0.00         0.00         0.00         0.00         0.00         0.00         0.00         0.00        24.76         36.84       893.63       179.31     1,072.94        25.76     1,047.18
7600          1.00         0.00         0.00         0.00         0.00         0.00         0.00         0.00         0.00         0.00         0.00        19.76         38.90       861.38       159.12     1,020.50        20.76       999.74
7581          0.00         0.00         0.00         0.00         0.00         0.00       416.52         0.00         0.00         0.00         0.00        11.99         73.54       726.09        73.54       799.63       428.51       371.12
5677          1.00         0.00         0.00         0.00         0.00         0.00         0.00         0.00         0.00         0.00         0.00        28.67          7.68     1,137.24       170.43     1,307.67        29.67     1,278.00
6210          1.00         0.00         0.00         0.00         0.00         0.00         0.00         0.00         0.00         0.00         0.00        25.62         29.95       932.57       211.35     1,143.92        26.62     1,117.30
0849          1.00         0.00         0.00         0.00         0.00         0.00         0.00         0.00         0.00         0.00         0.00        27.90          9.76     1,109.70       419.58     1,529.28        28.90     1,500.38
7536          1.00         0.00         0.00         0.00         0.00         0.00         0.00         0.00         0.00         0.00         0.00        22.51         38.90       861.38       203.62     1,065.00        23.51     1,041.49
7430          1.00         0.00         0.00         0.00         0.00         0.00         0.00         0.00         0.00       149.41         0.00        42.38          0.00     1,893.70       392.42     2,286.12       192.79     2,093.33
5181          1.00         0.00         0.00         0.00         0.00         0.00         0.00         0.00         0.00         0.00         0.00        23.37         38.27       871.38       158.49     1,029.87        24.37     1,005.50
7057          1.00         0.00         0.00         0.00         0.00         0.00         0.00         0.00         0.00         0.00         0.00        27.65         38.91       861.38       159.13     1,020.51        28.65       991.86
5558          1.00         0.00         0.00         0.00         0.00         0.00         0.00         0.00         0.00         0.00         0.00        27.44         37.49       883.63       179.96     1,063.59        28.44     1,035.15
4746          1.00         0.00         0.00         0.00         0.00       337.44         0.00         0.00         0.00        30.57         0.00        31.81          0.00     1,424.94       431.13     1,856.07       400.82     1,455.25
7573          1.00         0.00         0.00         0.00         0.00         0.00         0.00         0.00         0.00         0.00         0.00        20.37         38.90       861.38       159.12     1,020.50        21.37       999.13
7407          1.00         0.00         0.00         0.00         0.00         0.00         0.00         0.00         0.00         0.00         0.00        24.23         64.26       871.38       228.98     1,100.36        25.23     1,075.13
1424          1.00         0.00         0.00         0.00         0.00       457.22         0.00         0.00         0.00       297.07         0.00        76.91          0.00     2,785.11       606.14     3,391.25       832.20     2,559.05
5280          1.00         0.00         0.00       316.08         0.00       439.54         0.00         0.00         0.00       152.33         0.00        48.76          0.00     1,920.48       418.99     2,339.47       957.71     1,381.76
6461          1.00         0.00       200.00         0.00         0.00         0.00         0.00         0.00         0.00         0.00         0.00        28.62         11.06     1,106.33       237.76     1,344.09       229.62     1,114.47
6765          1.00         0.00         0.00         0.00         0.00         0.00         0.00         0.00         0.00        89.11         0.00        30.60          0.00     1,528.15       274.34     1,802.49       120.71     1,681.78
7012          1.00        48.00         0.00         0.00         0.00         0.00         0.00         0.00         0.00         0.00         0.00        24.87         38.31       871.38       158.53     1,029.91        73.87       956.04
7639          1.00         0.00         0.00         0.00         0.00         0.00         0.00         0.00         0.00         0.00         0.00        10.66         28.95       436.76        89.23       525.99        11.66       514.33
5000          1.00         0.00         0.00         0.00         0.00         0.00         0.00         0.00         0.00         0.00         0.00        26.34          5.82     1,170.92       241.29     1,412.21        27.34     1,384.87
7586          1.00         0.00         0.00         0.00         0.00         0.00         0.00         0.00         0.00         0.00         0.00        20.82         64.27       871.38       184.49     1,055.87        21.82     1,034.05
5644          1.00         0.00        10.00         0.00         0.00       331.25         0.00         0.00         0.00         3.65         0.00        26.75          0.00     1,177.50       240.94     1,418.44       372.65     1,045.79
7519          1.00         0.00         0.00         0.00         0.00         0.00         0.00         0.00         0.00         0.00         0.00        26.25         64.27       871.38       184.49     1,055.87        27.25     1,028.62
7582          1.00         0.00         0.00         0.00         0.00         0.00       249.20         0.00         0.00         0.00         0.00        15.63         65.64       730.02       137.77       867.79       265.83       601.96
7292          1.00         0.00         0.00         0.00         0.00         0.00       124.60         0.00         0.00         0.00         0.00        17.75         47.03       765.70       143.20       908.90       143.35       765.55

















































EJECUTIVOS EN SERVICIOS DE ALIMENTOS, S.A. DE C.V.                                                                      Pagina: 0002
R.F.C.:                                                                                                                    5/NOV/19
REPORTE DE SUELDOS SEMANALES DEDUCCIONES


 
Codigo Desc Vales   Desc Zapatos Otras Deducc Desc Fonacot Pension Alim Desc Infonav Faltas       Inca Enferme Inca Riesgo  ISPT         Ajus ISPT    IMSS          Sub P/Empleo Tot Per Grav Tot Per Exce Total Percep Total Deducc Neto Pagado
..........................................................................................................................................................................................................................................
6690          1.00         0.00         0.00         0.00         0.00         0.00         0.00         0.00         0.00         0.00         0.00        26.66         32.08       972.63       263.55     1,236.18        27.66     1,208.52
0090          1.00         0.00         0.00         0.00         0.00       488.15         0.00         0.00         0.00        40.30         0.00        34.16          0.00     1,427.46       489.36     1,916.82       563.61     1,353.21
7168          1.00         0.00         0.00         0.00         0.00         0.00         0.00         0.00         0.00         0.00         0.00        24.16         29.71     1,004.88       261.18     1,266.06        25.16     1,240.90
6958          1.00         0.00         0.00         0.00         0.00         0.00         0.00         0.00         0.00         0.00         0.00        18.65         21.80     1,072.75       253.27     1,326.02        19.65     1,306.37
7636          1.00         0.00         0.00         0.00         0.00         0.00         0.00         0.00         0.00         0.00         0.00        18.65         38.26       871.38       158.48     1,029.86        19.65     1,010.21
4314          1.00         0.00         0.00         0.00         0.00         0.00         0.00         0.00         0.00        73.64         0.00        45.80          0.00     1,657.76       417.04     2,074.80       120.44     1,954.36
7485          1.00         0.00         0.00         0.00         0.00         0.00         0.00         0.00         0.00         0.00         0.00        26.57         23.30       993.76       243.64     1,237.40        27.57     1,209.83
7632          1.00         0.00         0.00         0.00         0.00         0.00         0.00         0.00         0.00         0.00         0.00        18.65         38.26       871.38       202.98     1,074.36        19.65     1,054.71
4287          1.00         0.00       200.00         0.00         0.00         0.00         0.00         0.00         0.00         0.00         0.00        28.33          0.35     1,140.76       225.01     1,365.77       229.33     1,136.44
6427          1.00         0.00         0.00         0.00         0.00         0.00       208.26         0.00         0.00         0.00         0.00        17.12         45.69       790.81       132.78       923.59       226.38       697.21
6504          1.00         0.00         0.00         0.00         0.00         0.00         0.00         0.00         0.00         0.00         0.00        20.12         36.14       904.76       270.23     1,174.99        21.12     1,153.87
5745          1.00         0.00         0.00         0.00         0.00         0.00         0.00         0.00         0.00         0.00         0.00        22.85         38.26       871.38       256.65     1,128.03        23.85     1,104.18
7617          1.00         0.00         0.00         0.00         0.00         0.00         0.00         0.00         0.00         0.00         0.00        18.65          1.76     1,205.13       222.10     1,427.23        19.65     1,407.58
7604          1.00         0.00         0.00         0.00         0.00         0.00         0.00         0.00         0.00         0.00         0.00        19.90         38.31       871.38       158.53     1,029.91        20.90     1,009.01
6849          1.00         0.00         0.00         0.00         0.00         0.00         0.00         0.00         0.00         0.00         0.00        31.72         18.76       971.51       239.10     1,210.61        32.72     1,177.89
7061          1.00         0.00         0.00         0.00         0.00         0.00         0.00         0.00         0.00         0.00         0.00        28.40          0.61     1,138.38       187.58     1,325.96        29.40     1,296.56
0881          1.00         0.00         0.00         0.00         0.00         0.00         0.00         0.00         0.00         0.00         0.00        28.62         38.90       861.38       212.79     1,074.17        29.62     1,044.55
7634          1.00         0.00         0.00         0.00         0.00         0.00         0.00         0.00         0.00        34.67         0.00        32.69          0.00     1,437.05       210.72     1,647.77        68.36     1,579.41
7627          1.00         0.00         0.00         0.00         0.00         0.00         0.00         0.00         0.00         0.00         0.00        18.65         38.27       871.38       158.49     1,029.87        19.65     1,010.22
7633          1.00         0.00         0.00         0.00         0.00         0.00       124.60         0.00         0.00         0.00         0.00        16.69         50.31       765.70       146.48       912.18       142.29       769.89
7622          1.00         0.00         0.00         0.00         0.00         0.00       373.80         0.00         0.00         0.00         0.00        12.76         65.95       705.48       125.15       830.63       387.56       443.07
7428          1.00        48.00         0.00         0.00         0.00         0.00         0.00         0.00         0.00         0.00         0.00        23.28         38.27       871.38       158.49     1,029.87        72.28       957.59
2897          1.00         0.00         0.00         0.00         0.00         0.00         0.00         0.00         0.00         0.00         0.00        22.87         38.90       861.38       212.79     1,074.17        23.87     1,050.30
7558          1.00         0.00         0.00         0.00         0.00         0.00         0.00         0.00         0.00         0.00         0.00        25.17         38.87       861.38       203.59     1,064.97        26.17     1,038.80
6360          1.00         0.00         0.00         0.00         0.00         0.00         0.00         0.00         0.00         0.00         0.00        20.55         38.90       861.38       212.79     1,074.17        21.55     1,052.62
7614          1.00         0.00         0.00         0.00         0.00         0.00         0.00         0.00         0.00         0.00         0.00        18.65         38.90       861.38       159.12     1,020.50        19.65     1,000.85
3318          1.00         0.00       250.00         0.00         0.00       500.52         0.00         0.00         0.00       179.02         0.00        55.26          0.00     2,108.56       301.36     2,409.92       985.80     1,424.12
5139          1.00         0.00         0.00         0.00         0.00       759.20         0.00         0.00         0.00       270.04         0.00        68.45          0.00     2,638.09       359.48     2,997.57     1,098.69     1,898.88
6083          1.00         0.00         0.00         0.00         0.00         0.00         0.00         0.00         0.00         0.00         0.00        26.40         34.23       934.17       208.99     1,143.16        27.40     1,115.76
7616          1.00         0.00         0.00         0.00         0.00         0.00         0.00         0.00         0.00         0.00         0.00        18.65         38.27       871.38       202.99     1,074.37        19.65     1,054.72
6766          1.00         0.00         0.00         0.00         0.00         0.00         0.00         0.00         0.00       119.55         0.00        28.74          0.00     2,052.62       286.48     2,339.10       149.29     2,189.81
4137          1.00         0.00         0.00         0.00         0.00         0.00         0.00         0.00         0.00       341.12         0.00        96.81          0.00     2,991.39       547.83     3,539.22       438.93     3,100.29
7542          1.00         0.00         0.00         0.00         0.00         0.00         0.00         0.00         0.00         0.00         0.00        23.28         38.26       871.38       158.48     1,029.86        24.28     1,005.58
3780          1.00         0.00         0.00         0.00         0.00         0.00         0.00         0.00         0.00        40.31         0.00        34.94          0.00     1,427.46       302.58     1,730.04        76.25     1,653.79
7571          1.00         0.00         0.00         0.00         0.00         0.00         0.00         0.00         0.00         0.00         0.00        20.63         38.30       871.38       158.52     1,029.90        21.63     1,008.27
6205          1.00         0.00         0.00         0.00         0.00         0.00         0.00         0.00         0.00         0.00         0.00        25.30         33.98       938.13       232.07     1,170.20        26.30     1,143.90
5027          1.00         0.00         0.00         0.00         0.00         0.00         0.00         0.00       416.52         0.00         0.00        12.65        105.08       778.90       148.62       927.52       430.17       497.35
7245          1.00         0.00         0.00         0.00         0.00         0.00         0.00         0.00         0.00         0.00         0.00        20.08         44.18       871.38       325.41     1,196.79        21.08     1,175.71
6839          1.00         0.00         0.00         0.00         0.00         0.00         0.00         0.00         0.00         0.00         0.00        22.77         62.85       893.63       285.82     1,179.45        23.77     1,155.68
5646          1.00         0.00         0.00         0.00         0.00         0.00         0.00         0.00         0.00         0.00         0.00        23.37         38.27       871.38       158.49     1,029.87        24.37     1,005.50
6978          1.00         0.00         0.00         0.00         0.00         0.00         0.00         0.00         0.00         0.00         0.00        22.77         38.26       871.38       158.48     1,029.86        23.77     1,006.09
6658          1.00         0.00         0.00         0.00         0.00       462.28         0.00         0.00         0.00         0.00         0.00        28.62          0.30     1,141.18       174.16     1,315.34       491.90       823.44
4458          1.00         0.00         0.00         0.00         0.00         0.00         0.00         0.00         0.00       132.53         0.00        41.61          0.00     1,894.91       542.87     2,437.78       175.14     2,262.64

















































EJECUTIVOS EN SERVICIOS DE ALIMENTOS, S.A. DE C.V.                                                                      Pagina: 0003
R.F.C.:                                                                                                                    5/NOV/19
REPORTE DE SUELDOS SEMANALES DEDUCCIONES


 
Codigo Desc Vales   Desc Zapatos Otras Deducc Desc Fonacot Pension Alim Desc Infonav Faltas       Inca Enferme Inca Riesgo  ISPT         Ajus ISPT    IMSS          Sub P/Empleo Tot Per Grav Tot Per Exce Total Percep Total Deducc Neto Pagado
..........................................................................................................................................................................................................................................
7619          1.00         0.00         0.00         0.00         0.00         0.00         0.00         0.00         0.00         0.00         0.00        18.65         38.90       861.38       159.12     1,020.50        19.65     1,000.85
7574          1.00         0.00         0.00         0.00         0.00         0.00         0.00         0.00         0.00         0.00         0.00        19.84         38.90       861.38       159.12     1,020.50        20.84       999.66
5679          1.00         0.00         0.00         0.00         0.00         0.00         0.00         0.00         0.00         0.00         0.00        30.13         13.10     1,178.33       240.72     1,419.05        31.13     1,387.92
7583          1.00         0.00         0.00         0.00         0.00         0.00         0.00         0.00         0.00         0.00         0.00        20.78         29.71     1,004.88       183.30     1,188.18        21.78     1,166.40
7601          1.00         0.00         0.00         0.00         0.00         0.00         0.00         0.00         0.00         0.00         0.00        19.71         38.90       861.38       159.12     1,020.50        20.71       999.79
7530          1.00         0.00         0.00         0.00         0.00         0.00         0.00         0.00         0.00         0.00         0.00        23.37         37.48       883.63       224.45     1,108.08        24.37     1,083.71
7635          1.00         0.00         0.00         0.00         0.00         0.00         0.00         0.00         0.00         0.00         0.00        24.13          9.51     1,120.56       193.51     1,314.07        25.13     1,288.94
7239          1.00         0.00         0.00         0.00         0.00         0.00         0.00         0.00         0.00         0.00         0.00        19.85         29.85       861.38       203.74     1,065.12        20.85     1,044.27
6028          1.00         0.00         0.00         0.00         0.00       399.30         0.00         0.00         0.00         0.00         0.00        28.79          2.54     1,184.62       250.59     1,435.21       429.09     1,006.12
6565          1.00         0.00         0.00         0.00         0.00         0.00       104.13         0.00         0.00         0.00         0.00        21.43         44.04       780.28       144.51       924.79       126.56       798.23
3218          1.00         0.00         0.00         0.00         0.00         0.00         0.00         0.00         0.00         0.00         0.00        23.09         34.25       934.17       209.01     1,143.18        24.09     1,119.09
3676          1.00         0.00         0.00         0.00         0.00         0.00         0.00         0.00         0.00        33.21         0.00        32.47          0.00     1,362.22       345.95     1,708.17        66.68     1,641.49
0445          1.00         0.00         0.00         0.00         0.00         0.00         0.00         0.00         0.00         0.00         0.00        26.13         11.59     1,080.83       236.26     1,317.09        27.13     1,289.96
5901          0.00         0.00         0.00         0.00         0.00         0.00         0.00         0.00         0.00         0.00         0.00         0.00          0.00         0.00         0.00         0.00         0.00         0.00
7269          1.00         0.00         0.00         0.00         0.00         0.00         0.00         0.00         0.00         0.00         0.00        22.77         38.27       871.38       238.99     1,110.37        23.77     1,086.60
2522          1.00         0.00         0.00         0.00         0.00         0.00         0.00         0.00         0.00         0.00         0.00        24.43         38.26       871.38       202.98     1,074.36        25.43     1,048.93
7555          1.00         0.00         0.00         0.00         0.00         0.00         0.00         0.00         0.00         0.00         0.00        23.59         30.36       994.88       284.08     1,278.96        24.59     1,254.37
5506          1.00         0.00         0.00         0.00         0.00       224.80         0.00         0.00         0.00         0.00         0.00        25.42          6.70     1,146.34       331.61     1,477.95       251.22     1,226.73
0236          1.00         0.00         0.00         0.00         0.00       523.01         0.00         0.00         0.00       162.81         0.00        53.12          0.00     2,007.27       446.07     2,453.34       739.94     1,713.40
7080          1.00         0.00         0.00         0.00         0.00         0.00         0.00         0.00         0.00         0.00         0.00        33.97        158.28     1,368.38       473.40     1,841.78        34.97     1,806.81
5965          1.00         0.00         0.00         0.00         0.00         0.00         0.00         0.00         0.00         0.00         0.00        26.68         10.96     1,090.76       166.28     1,257.04        27.68     1,229.36
7457          0.00         0.00         0.00         0.00         0.00         0.00         0.00         0.00         0.00         0.00         0.00         0.00          0.00         0.00         0.00         0.00         0.00         0.00
5447          1.00         0.00         0.00         0.00         0.00         0.00         0.00         0.00         0.00         0.00         0.00        22.11         31.08       983.76       318.17     1,301.93        23.11     1,278.82
6685          1.00         0.00         0.00         0.00         0.00         0.00         0.00         0.00         0.00         0.00         0.00        25.21         38.27       871.38       158.49     1,029.87        26.21     1,003.66
5549          1.00         0.00         0.00         0.00         0.00         0.00         0.00         0.00         0.00         0.00         0.00        23.90         38.26       871.38       202.98     1,074.36        24.90     1,049.46
7554          0.00         0.00         0.00         0.00         0.00         0.00       416.52         0.00         0.00         0.00         0.00        13.72        131.58       726.09       131.58       857.67       430.24       427.43
6349          1.00         0.00         0.00         0.00         0.00         0.00         0.00         0.00         0.00         0.00         0.00        20.12         38.26       871.38       238.98     1,110.36        21.12     1,089.24
7484          1.00         0.00         0.00         0.00         0.00         0.00         0.00         0.00         0.00         0.00         0.00        24.24         38.23       871.38       202.95     1,074.33        25.24     1,049.09
7592          1.00         0.00         0.00         0.00         0.00         0.00         0.00         0.00         0.00         0.00         0.00        25.27         44.84       861.38       165.06     1,026.44        26.27     1,000.17
0854          1.00         0.00         0.00         0.00         0.00       326.19         0.00         0.00         0.00        37.38         0.00        36.65          0.00     1,487.60       318.81     1,806.41       401.22     1,405.19
7295          1.00         0.00         0.00         0.00         0.00         0.00         0.00         0.00         0.00         0.00         0.00        24.84         31.77       871.38       151.99     1,023.37        25.84       997.53
6832          1.00         0.00         0.00         0.00         0.00         0.00         0.00         0.00         0.00         0.00         0.00        23.17         38.27       871.38       202.99     1,074.37        24.17     1,050.20
4807          1.00         0.00         0.00         0.00         0.00         0.00         0.00         0.00         0.00       458.43         0.00       102.64          0.00     3,540.55     1,280.25     4,820.80       562.07     4,258.73
7610          1.00         0.00         0.00         0.00         0.00         0.00         0.00         0.00         0.00         0.00         0.00        18.65         38.07       871.38       158.29     1,029.67        19.65     1,010.02
6821          1.00         0.00         0.00         0.00         0.00         0.00         0.00         0.00         0.00         0.00         0.00        25.35         13.11     1,080.76       237.77     1,318.53        26.35     1,292.18
3169          1.00         0.00         0.00         0.00         0.00         0.00         0.00         0.00         0.00         0.00         0.00        20.17         38.27       871.38       238.99     1,110.37        21.17     1,089.20
6944          1.00         0.00         0.00         0.00         0.00         0.00         0.00         0.00         0.00         0.00         0.00        26.31         10.82     1,090.76       224.43     1,315.19        27.31     1,287.88
5902          0.00         0.00         0.00         0.00         0.00         0.00         0.00         0.00         0.00         0.00         0.00         0.00          0.00         0.00         0.00         0.00         0.00         0.00
4514          1.00         0.00         0.00         0.00         0.00       312.94         0.00         0.00         0.00         3.74         0.00        29.57          0.00     1,178.33       169.33     1,347.66       347.25     1,000.41
6014          1.00         0.00         0.00         0.00         0.00         0.00         0.00         0.00         0.00         0.00         0.00        25.62          9.59     1,119.91       298.06     1,417.97        26.62     1,391.35
7551          1.00         0.00         0.00         0.00         0.00         0.00         0.00         0.00         0.00         0.00         0.00        21.92         38.27       871.38       158.49     1,029.87        22.92     1,006.95
6985          1.00         0.00         0.00         0.00         0.00         0.00         0.00         0.00         0.00       221.21         0.00        59.75          0.00     2,365.56       507.78     2,873.34       281.96     2,591.38
3827          1.00         0.00         0.00         0.00         0.00         0.00         0.00         0.00         0.00         0.00         0.00        26.42         18.85       967.55       226.98     1,194.53        27.42     1,167.11

















































EJECUTIVOS EN SERVICIOS DE ALIMENTOS, S.A. DE C.V.                                                                      Pagina: 0004
R.F.C.:                                                                                                                    5/NOV/19
REPORTE DE SUELDOS SEMANALES DEDUCCIONES


 
Codigo Desc Vales   Desc Zapatos Otras Deducc Desc Fonacot Pension Alim Desc Infonav Faltas       Inca Enferme Inca Riesgo  ISPT         Ajus ISPT    IMSS          Sub P/Empleo Tot Per Grav Tot Per Exce Total Percep Total Deducc Neto Pagado
..........................................................................................................................................................................................................................................
5412          1.00         0.00         0.00         0.00         0.00         0.00         0.00         0.00         0.00         0.00         0.00        18.72         46.85       861.38       220.74     1,082.12        19.72     1,062.40
4504          1.00         0.00         0.00         0.00         0.00         0.00         0.00         0.00         0.00       193.63         0.00        58.40          0.00     2,199.89       318.38     2,518.27       253.03     2,265.24
7395          1.00         0.00         0.00         0.00         0.00         0.00         0.00         0.00         0.00         0.00         0.00        24.56         21.80     1,027.13       308.89     1,336.02        25.56     1,310.46
0214          1.00         0.00         0.00         0.00         0.00         0.00         0.00         0.00         0.00       480.26         0.00       105.44          0.00     3,642.75       563.64     4,206.39       586.70     3,619.69
7376          1.00        48.00         0.00         0.00         0.00         0.00         0.00         0.00         0.00         0.00         0.00        26.66         58.80       871.38       179.02     1,050.40        75.66       974.74
7212          1.00         0.00         0.00         0.00         0.00       357.68         0.00         0.00         0.00         0.00         0.00        25.94         38.27       871.38       158.49     1,029.87       384.62       645.25
6321          1.00         0.00         0.00         0.00         0.00         0.00         0.00         0.00         0.00         0.00         0.00        24.40         32.92       956.42       272.66     1,229.08        25.40     1,203.68
5232          1.00         0.00         0.00         0.00         0.00         0.00         0.00         0.00         0.00         0.00         0.00        27.60          7.77     1,136.51       276.65     1,413.16        28.60     1,384.56
4958          1.00         0.00         0.00         0.00         0.00         0.00         0.00         0.00         0.00         0.00         0.00        24.86         38.26       871.38       158.48     1,029.86        25.86     1,004.00
7620          1.00         0.00         0.00         0.00         0.00         0.00         0.00         0.00         0.00         0.00         0.00        18.65         38.25       871.38       158.47     1,029.85        19.65     1,010.20
3979          1.00         0.00         0.00         0.00         0.00         0.00         0.00         0.00         0.00       394.31         0.00        93.22          0.00     3,240.39       499.26     3,739.65       488.53     3,251.12
0442          1.00         0.00         0.00         0.00         0.00         0.00         0.00         0.00         0.00       538.95         0.00        34.50          0.00     3,327.57       710.49     4,038.06       574.45     3,463.61
7630          1.00         0.00         0.00         0.00         0.00         0.00         0.00         0.00         0.00         0.00         0.00        18.65         36.87       861.38       157.09     1,018.47        19.65       998.82
7330          0.00         0.00         0.00         0.00         0.00         0.00         0.00         0.00         0.00         0.00         0.00         0.00          0.00         0.00         0.00         0.00         0.00         0.00
7243          1.00         0.00         0.00         0.00         0.00         0.00         0.00         0.00         0.00         0.00         0.00        24.41         30.36       994.88       328.58     1,323.46        25.41     1,298.05
7397          1.00         0.00         0.00         0.00         0.00         0.00         0.00         0.00         0.00         0.00         0.00        22.99         36.20       904.76       189.79     1,094.55        23.99     1,070.56
7421          1.00         0.00         0.00         0.00         0.00         0.00         0.00         0.00         0.00         0.00         0.00        25.16         38.27       871.38       158.49     1,029.87        26.16     1,003.71
7595          1.00         0.00         0.00         0.00         0.00         0.00         0.00         0.00         0.00         0.00         0.00        20.06         36.12       904.76       189.71     1,094.47        21.06     1,073.41
7298          1.00         0.00         0.00         0.00         0.00         0.00         0.00         0.00         0.00        38.23         0.00        34.03          0.00     1,495.34       373.07     1,868.41        73.26     1,795.15
5396          1.00         0.00         0.00         0.00         0.00         0.00         0.00         0.00         0.00         0.00         0.00        22.72         58.80       871.38       223.52     1,094.90        23.72     1,071.18
5704          1.00         0.00         0.00         0.00         0.00         0.00         0.00         0.00         0.00        17.59         0.00        34.39          0.00     1,305.66       189.70     1,495.36        52.98     1,442.38
7503          0.00         0.00         0.00         0.00         0.00         0.00         0.00         0.00         0.00         0.00         0.00         0.00          0.00         0.00         0.00         0.00         0.00         0.00
7190          1.00         0.00         0.00         0.00         0.00         0.00       104.13         0.00         0.00         0.00         0.00        18.54         45.18       780.28       145.65       925.93       123.67       802.26
7588          1.00         0.00         0.00         0.00         0.00         0.00         0.00         0.00         0.00         0.00         0.00        20.96         38.27       871.38       158.49     1,029.87        21.96     1,007.91
5588          1.00         0.00         0.00         0.00         0.00         0.00         0.00         0.00         0.00         0.00         0.00        23.37         35.77       910.32       194.92     1,105.24        24.37     1,080.87
6203          1.00         0.00         0.00         0.00         0.00         0.00         0.00         0.00         0.00         0.00         0.00        23.32         34.11       938.13       265.58     1,203.71        24.32     1,179.39
6582          1.00         0.00         0.00         0.00         0.00         0.00         0.00         0.00         0.00         0.00         0.00        20.06         37.48       883.63       179.95     1,063.58        21.06     1,042.52
7226          1.00         0.00         0.00         0.00         0.00         0.00         0.00         0.00         0.00         0.00         0.00        26.27         38.27       871.38       158.49     1,029.87        27.27     1,002.60
7613          1.00         0.00         0.00         0.00         0.00         0.00         0.00         0.00         0.00         0.00         0.00        18.65         38.91       861.38       159.13     1,020.51        19.65     1,000.86
3326          1.00         0.00         0.00         0.00         0.00         0.00         0.00         0.00         0.00        40.31         0.00        35.32          0.00     1,427.46       209.19     1,636.65        76.63     1,560.02
3960          1.00         0.00         0.00         0.00         0.00       283.45         0.00         0.00         0.00         3.44         0.00        30.83          0.00     1,175.61       170.49     1,346.10       318.72     1,027.38
2233          0.00         0.00         0.00         0.00         0.00         0.00         0.00         0.00         0.00         0.00         0.00         0.00          0.00         0.00         0.00         0.00         0.00         0.00
7584          1.00         0.00         0.00         0.00         0.00         0.00         0.00         0.00         0.00         0.00         0.00        19.83         38.97       861.38       203.69     1,065.07        20.83     1,044.24
0449          1.00         0.00       250.00         0.00         0.00       389.82         0.00         0.00         0.00        24.78         0.00        37.29          0.00     1,371.68       223.43     1,595.11       702.89       892.22
6934          1.00         0.00         0.00         0.00         0.00         0.00         0.00         0.00         0.00       342.84         0.00        84.39          0.00     2,999.45       460.71     3,460.16       428.23     3,031.93
7137          1.00         0.00         0.00         0.00         0.00         0.00         0.00         0.00         0.00        70.21         0.00        34.75          0.00     1,702.36       384.56     2,086.92       105.96     1,980.96
6682          1.00         0.00         0.00         0.00         0.00         0.00       124.60         0.00         0.00         0.00         0.00        17.70         50.20       765.70       146.37       912.07       143.30       768.77
1269          1.00         0.00         0.00         0.00         0.00         0.00         0.00         0.00         0.00         0.00         0.00        20.36         38.26       871.38       158.48     1,029.86        21.36     1,008.50
6006          1.00         0.00         0.00         0.00         0.00         0.00         0.00         0.00         0.00         0.00         0.00        24.83         38.27       871.38       158.49     1,029.87        25.83     1,004.04
6918          1.00         0.00         0.00         0.00         0.00         0.00         0.00         0.00         0.00         0.00         0.00        18.65         34.88       871.38       155.10     1,026.48        19.65     1,006.83
1419          1.00         0.00         0.00         0.00         0.00       268.68         0.00         0.00         0.00        45.82         0.00        31.82          0.00     1,478.12       268.09     1,746.21       347.32     1,398.89
7605          0.00         0.00         0.00         0.00         0.00         0.00       104.13         0.00         0.00         0.00         0.00        17.80         38.69       880.75        38.69       919.44       121.93       797.51
7545          1.00         0.00         0.00         0.00         0.00         0.00         0.00         0.00         0.00         0.00         0.00        35.84        159.98     1,352.70       396.71     1,749.41        36.84     1,712.57

















































EJECUTIVOS EN SERVICIOS DE ALIMENTOS, S.A. DE C.V.                                                                      Pagina: 0005
R.F.C.:                                                                                                                    5/NOV/19
REPORTE DE SUELDOS SEMANALES DEDUCCIONES


 
Codigo Desc Vales   Desc Zapatos Otras Deducc Desc Fonacot Pension Alim Desc Infonav Faltas       Inca Enferme Inca Riesgo  ISPT         Ajus ISPT    IMSS          Sub P/Empleo Tot Per Grav Tot Per Exce Total Percep Total Deducc Neto Pagado
..........................................................................................................................................................................................................................................
5905          1.00         0.00         0.00         0.00         0.00         0.00         0.00         0.00         0.00        85.44         0.00        37.30          0.00     1,305.66       189.70     1,495.36       123.74     1,371.62
7638          1.00         0.00         0.00         0.00         0.00         0.00         0.00         0.00         0.00         0.00         0.00        15.99         38.40       691.10       134.57       825.67        16.99       808.68
7462          1.00         0.00         0.00         0.00         0.00         0.00         0.00         0.00         0.00         0.00         0.00        24.99         33.28       949.26       231.37     1,180.63        25.99     1,154.64
3525          1.00         0.00         0.00         0.00         0.00         0.00         0.00         0.00         0.00         0.00         0.00        29.59         12.75     1,090.76       168.07     1,258.83        30.59     1,228.24
7626          1.00         0.00         0.00         0.00         0.00       188.00       104.13         0.00         0.00         0.00         0.00        16.69         50.10       780.28       150.57       930.85       309.82       621.03
2451          1.00         0.00         0.00         0.00         0.00         0.00         0.00         0.00         0.00         0.00         0.00        23.76         38.26       871.38       202.98     1,074.36        24.76     1,049.60
6885          1.00         0.00         0.00         0.00         0.00         0.00         0.00         0.00         0.00         0.00         0.00        24.93         63.00       871.38       183.22     1,054.60        25.93     1,028.67
4775          1.00         0.00         0.00         0.00         0.00         0.00         0.00         0.00         0.00         0.00         0.00        26.18         38.18       871.38       238.90     1,110.28        27.18     1,083.10
7528          1.00         0.00         0.00         0.00         0.00         0.00         0.00         0.00         0.00         0.00         0.00        25.94         33.28       949.26       275.87     1,225.13        26.94     1,198.19
5671          1.00         0.00         0.00         0.00         0.00         0.00       204.03         0.00         0.00       109.67         0.00        42.41          0.00     1,732.47       237.10     1,969.57       357.11     1,612.46
4832          1.00         0.00         0.00         0.00         0.00         0.00         0.00         0.00         0.00         0.00         0.00        24.83         38.26       871.38       158.48     1,029.86        25.83     1,004.03
7637          1.00         0.00         0.00         0.00         0.00         0.00         0.00         0.00         0.00         0.00         0.00        18.65         38.90       861.38       159.12     1,020.50        19.65     1,000.85
6567          1.00         0.00         0.00         0.00         0.00         0.00         0.00         0.00         0.00         0.00         0.00        26.88         38.26       871.38       292.65     1,164.03        27.88     1,136.15
3321          1.00         0.00         0.00         0.00         0.00         0.00         0.00         0.00         0.00       198.81         0.00        50.70          0.00     2,232.30       472.82     2,705.12       250.51     2,454.61
2112          1.00         0.00         0.00         0.00         0.00         0.00         0.00         0.00         0.00         0.00         0.00        22.87         38.27       871.38       158.49     1,029.87        23.87     1,006.00
0624          1.00         0.00         0.00         0.00         0.00         0.00         0.00         0.00         0.00       149.03         0.00        62.81          0.00     1,921.18       289.78     2,210.96       212.84     1,998.12
6877          1.00         0.00       250.00       141.34         0.00         0.00         0.00         0.00         0.00         0.00         0.00        30.29         10.00     1,105.86       157.05     1,262.91       422.63       840.28
4385          1.00         0.00         0.00         0.00         0.00         0.00         0.00         0.00         0.00         0.00         0.00        37.24          3.22     1,178.33       172.55     1,350.88        38.24     1,312.64
7378          1.00         0.00         0.00         0.00         0.00         0.00         0.00         0.00         0.00         0.00         0.00        22.59         38.90       861.38       212.79     1,074.17        23.59     1,050.58
0366          1.00         0.00         0.00         0.00         0.00         0.00         0.00         0.00         0.00       319.34         0.00        81.08          0.00     2,889.42       444.70     3,334.12       401.42     2,932.70
6206          1.00         0.00         0.00         0.00         0.00         0.00         0.00         0.00         0.00         0.00         0.00        26.80         10.96     1,090.76       166.28     1,257.04        27.80     1,229.24
7618          1.00         0.00         0.00         0.00         0.00         0.00         0.00         0.00         0.00         0.00         0.00        18.65         38.91       861.38       159.13     1,020.51        19.65     1,000.86
 
*** GLO     184.00       192.00     1,160.00       457.42         0.00     7,553.81     2,907.85         0.00       416.52     6,261.80         0.00     5,373.04      5,529.16   214,685.78                259,802.51    24,506.44   235,296.07
  



































































