EJECUTIVOS EN SERVICIOS DE ALIMENTOS, S.A. DE C.V.                                                                      Pagina: 0001
R.F.C.:                                                                                                                    5/NOV/19
REPORTE DE SUELDOS SEMANALES DEDUCCIONES


 
Codigo Desc Vales   Desc Zapatos Otras Deducc Desc Fonacot Pension Alim Desc Infonav Faltas       Inca Enferme Inca Riesgo  ISPT         Ajus ISPT    IMSS          Sub P/Empleo Tot Per Grav Tot Per Exce Total Percep Total Deducc Neto Pagado
..........................................................................................................................................................................................................................................
7505          1.00         0.00         0.00         0.00         0.00         0.00         0.00         0.00         0.00         0.00         0.00        20.63         38.26       871.38       158.48     1,029.86        21.63     1,008.23
6600          1.00         0.00         0.00         0.00         0.00         0.00         0.00         0.00         0.00         0.00         0.00        21.60         38.26       871.38       158.48     1,029.86        22.60     1,007.26
7515          1.00         0.00         0.00         0.00         0.00         0.00         0.00         0.00         0.00         0.00         0.00        20.53         38.26       871.38       158.48     1,029.86        21.53     1,008.33
5933          1.00         0.00         0.00         0.00         0.00         0.00         0.00         0.00         0.00         0.00         0.00        20.45         38.26       871.38       158.48     1,029.86        21.45     1,008.41
7170          1.00         0.00         0.00         0.00         0.00         0.00         0.00         0.00         0.00        24.74         0.00        24.38          0.00     1,371.38       120.22     1,491.60        50.12     1,441.48
3890          1.00         0.00         0.00         0.00         0.00         0.00         0.00         0.00         0.00       166.09         0.00        53.77          0.00     2,027.79       306.84     2,334.63       220.86     2,113.77
7526          1.00         0.00         0.00         0.00         0.00         0.00         0.00         0.00         0.00         0.00         0.00        24.36          0.56     1,202.73       187.05     1,389.78        25.36     1,364.42
3652          1.00         0.00       200.00         0.00         0.00       383.82         0.00         0.00         0.00       146.40         0.00        55.04          0.00     1,866.08       279.37     2,145.45       786.26     1,359.19
2530          1.00         0.00         0.00         0.00         0.00       158.67         0.00         0.00         0.00         0.00         0.00        19.82         38.90       861.38       159.12     1,020.50       179.49       841.01
1123          1.00         0.00         0.00         0.00         0.00         0.00         0.00         0.00         0.00        11.18         0.00        30.37          0.00     1,246.79       180.28     1,427.07        42.55     1,384.52
7458          1.00         0.00         0.00         0.00         0.00         0.00         0.00         0.00         0.00        24.74         0.00        23.16          0.00     1,371.38       120.22     1,491.60        48.90     1,442.70
6104          1.00         0.00         0.00         0.00         0.00         0.00         0.00         0.00         0.00        43.49         0.00        27.98          0.00     1,456.78       418.42     1,875.20        72.47     1,802.73
7005          1.00         0.00         0.00         0.00         0.00         0.00         0.00         0.00         0.00        24.74         0.00        22.71          0.00     1,371.38       120.22     1,491.60        48.45     1,443.15
7259          1.00        48.00         0.00         0.00         0.00         0.00         0.00         0.00         0.00         0.00         0.00        21.08         38.26       871.38       158.48     1,029.86        70.08       959.78
7276          1.00         0.00         0.00         0.00         0.00         0.00         0.00         0.00         0.00        21.46         0.00        25.65          0.00     1,341.26       328.89     1,670.15        48.11     1,622.04
7312          1.00        48.00         0.00         0.00         0.00         0.00         0.00         0.00         0.00        24.74         0.00        21.10          0.00     1,371.38       120.22     1,491.60        94.84     1,396.76
7338          1.00         0.00         0.00         0.00         0.00         0.00         0.00         0.00         0.00        24.74         0.00        22.73          0.00     1,371.38       120.22     1,491.60        48.47     1,443.13
5677          1.00         0.00         0.00         0.00         0.00         0.00         0.00         0.00         0.00         0.00         0.00        28.76          7.69     1,137.24       374.05     1,511.29        29.76     1,481.53
7531          1.00         0.00         0.00         0.00         0.00         0.00         0.00         0.00         0.00        13.60         0.00        25.20          0.00     1,269.00       219.62     1,488.62        39.80     1,448.82
6210          1.00         0.00       150.00         0.00         0.00         0.00         0.00         0.00         0.00        60.77         0.00        25.40          0.00     1,615.56       164.40     1,779.96       237.17     1,542.79
0849          1.00         0.00         0.00         0.00         0.00         0.00         0.00         0.00         0.00       133.62         0.00        25.48          0.00     1,748.55       226.01     1,974.56       160.10     1,814.46
7536          1.00         0.00         0.00         0.00         0.00         0.00         0.00         0.00         0.00         0.00         0.00        19.83         38.90       861.38       159.12     1,020.50        20.83       999.67
5993          0.00         0.00         0.00         0.00         0.00         0.00         0.00         0.00         0.00         0.00         0.00         0.00          0.00         0.00         0.00         0.00         0.00         0.00
7538          1.00         0.00         0.00         0.00         0.00         0.00       103.38         0.00         0.00         0.00         0.00        18.28         48.27       779.55       192.92       972.47       122.66       849.81
7430          1.00         0.00         0.00         0.00         0.00         0.00         0.00         0.00         0.00       130.10         0.00        50.74          0.00     1,716.19       445.67     2,161.86       181.84     1,980.02
5181          1.00         0.00         0.00         0.00         0.00         0.00         0.00         0.00         0.00         0.00         0.00        21.11         38.26       871.38       158.48     1,029.86        22.11     1,007.75
7463          1.00         0.00         0.00         0.00         0.00         0.00         0.00         0.00         0.00         0.00         0.00        20.83         38.26       871.38       202.66     1,074.04        21.83     1,052.21
7057          1.00         0.00         0.00         0.00         0.00         0.00         0.00         0.00         0.00       165.18         0.00        25.05          0.00     2,022.13       180.96     2,203.09       191.23     2,011.86
7076          1.00         0.00         0.00         0.00         0.00         0.00       163.22         0.00         0.00         0.00         0.00        22.77         35.80       979.83       160.05     1,139.88       186.99       952.89
5558          1.00         0.00         0.00         0.00         0.00         0.00         0.00         0.00         0.00        42.72         0.00        23.86          0.00     1,449.74       208.58     1,658.32        67.58     1,590.74
4746          1.00         0.00         0.00         0.00         0.00       316.68         0.00         0.00         0.00       149.58         0.00        31.06          0.00     1,895.29       321.38     2,216.67       498.32     1,718.35
7573          1.00         0.00         0.00         0.00         0.00         0.00         0.00         0.00         0.00         0.00         0.00         7.99         31.16       180.27        55.20       235.47         8.99       226.48
7516          1.00         0.00         0.00         0.00         0.00         0.00         0.00         0.00         0.00         0.00         0.00        21.43         38.26       871.38       158.48     1,029.86        22.43     1,007.43
7407          1.00         0.00         0.00         0.00         0.00         0.00         0.00         0.00         0.00         0.00         0.00        24.24         38.26       871.38       202.66     1,074.04        25.24     1,048.80
7540          1.00         0.00         0.00         0.00         0.00         0.00         0.00         0.00         0.00         0.00         0.00        20.12         37.49       883.47       179.80     1,063.27        21.12     1,042.15
2107          1.00         0.00         0.00         0.00         0.00       313.52         0.00         0.00         0.00        18.84         0.00        36.92          0.00     1,317.15       193.14     1,510.29       370.28     1,140.01
1424          1.00         0.00         0.00         0.00         0.00       429.40         0.00         0.00         0.00       323.26         0.00        95.78          0.00     2,907.76       637.38     3,545.14       849.44     2,695.70
5280          1.00         0.00         0.00       316.08         0.00       433.73         0.00         0.00         0.00       152.32         0.00        52.90          0.00     1,920.48       289.67     2,210.15       956.03     1,254.12
6472          1.00         0.00         0.00         0.00         0.00     1,224.02         0.00         0.00         0.00       404.08         0.00       115.27          0.00     3,286.12       847.47     4,133.59     1,744.37     2,389.22
7442          1.00         0.00         0.00        84.00         0.00       216.09         0.00         0.00         0.00         0.00         0.00        28.56          7.69     1,137.24       170.44     1,307.68       329.65       978.03
6461          1.00         0.00         0.00         0.00         0.00         0.00         0.00         0.00         0.00         0.00         0.00        26.26         10.60     1,096.33       180.36     1,276.69        27.26     1,249.43
6765          1.00         0.00         0.00         0.00         0.00         0.00         0.00         0.00         0.00        15.21         0.00        29.83          0.00     1,283.83       227.31     1,511.14        46.04     1,465.10
7012          1.00         0.00         0.00         0.00         0.00         0.00         0.00         0.00         0.00        24.74         0.00        21.57          0.00     1,371.38       120.22     1,491.60        47.31     1,444.29

















































EJECUTIVOS EN SERVICIOS DE ALIMENTOS, S.A. DE C.V.                                                                      Pagina: 0002
R.F.C.:                                                                                                                    5/NOV/19
REPORTE DE SUELDOS SEMANALES DEDUCCIONES


 
Codigo Desc Vales   Desc Zapatos Otras Deducc Desc Fonacot Pension Alim Desc Infonav Faltas       Inca Enferme Inca Riesgo  ISPT         Ajus ISPT    IMSS          Sub P/Empleo Tot Per Grav Tot Per Exce Total Percep Total Deducc Neto Pagado
..........................................................................................................................................................................................................................................
7478          0.00         0.00         0.00         0.00         0.00         0.00         0.00         0.00         0.00         0.00         0.00         0.00          0.00         0.00         0.00         0.00         0.00         0.00
5000          1.00         0.00         0.00         0.00         0.00         0.00         0.00         0.00         0.00         0.00         0.00        27.47          4.82     1,163.63       233.00     1,396.63        28.47     1,368.16
7206          1.00         0.00         0.00         0.00         0.00         0.00         0.00         0.00         0.00         0.00         0.00        19.93         38.90       861.38       159.12     1,020.50        20.93       999.57
5644          1.00         0.00        30.00         0.00         0.00       311.41         0.00         0.00         0.00         0.00         0.00        28.50          9.69     1,110.56       193.69     1,304.25       370.91       933.34
7519          1.00         0.00         0.00         0.00         0.00         0.00         0.00         0.00         0.00        24.74         0.00        21.85          0.00     1,371.38       120.22     1,491.60        47.59     1,444.01
7292          1.00         0.00         0.00         0.00         0.00         0.00         0.00         0.00         0.00         0.00         0.00        20.73         38.90       861.38       159.12     1,020.50        21.73       998.77
6690          1.00         0.00         0.00         0.00         0.00         0.00         0.00         0.00         0.00        26.05         0.00        21.92          0.00     1,383.47       142.31     1,525.78        48.97     1,476.81
0090          1.00         0.00         0.00         0.00         0.00       458.89         0.00         0.00         0.00        29.75         0.00        34.16          0.00     1,417.46       209.19     1,626.65       523.80     1,102.85
7168          1.00         0.00         0.00         0.00         0.00         0.00         0.00         0.00         0.00         0.00         0.00        21.26         38.26       871.38       202.66     1,074.04        22.26     1,051.78
6958          1.00         0.00       100.00         0.00         0.00         0.00       123.70         0.00         0.00         0.00         0.00        18.97         50.19       764.80       146.36       911.16       243.67       667.49
4314          1.00         0.00         0.00         0.00         0.00         0.00         0.00         0.00         0.00        73.63         0.00        52.16          0.00     1,657.76       246.04     1,903.80       126.79     1,777.01
6193          1.00         0.00         0.00         0.00         0.00         0.00         0.00         0.00         0.00         0.00         0.00        26.32         10.96     1,090.76       166.28     1,257.04        27.32     1,229.72
5332          1.00         0.00         0.00         0.00         0.00         0.00         0.00         0.00         0.00         0.00         0.00        19.81         36.78       894.52       190.13     1,084.65        20.81     1,063.84
7485          1.00         0.00         0.00         0.00         0.00         0.00         0.00         0.00         0.00         0.00         0.00        23.11         38.26       871.38       158.48     1,029.86        24.11     1,005.75
4287          1.00         0.00         0.00         0.00         0.00         0.00       163.22         0.00         0.00         0.00         0.00        23.43         35.80       979.83       160.05     1,139.88       187.65       952.23
6427          1.00         0.00         0.00         0.00         0.00         0.00         0.00         0.00         0.00         0.00         0.00        22.15         34.24       934.17       251.73     1,185.90        23.15     1,162.75
6504          1.00         0.00         0.00         0.00         0.00         0.00         0.00         0.00         0.00         0.00         0.00        22.90         37.55       882.43       168.81     1,051.24        23.90     1,027.34
7517          1.00         0.00         0.00         0.00         0.00         0.00       123.70         0.00         0.00        17.77         0.00        23.65          0.00     1,431.07       162.44     1,593.51       166.12     1,427.39
5745          1.00         0.00         0.00         0.00         0.00         0.00         0.00         0.00         0.00         0.00         0.00        20.28         35.43       915.56       199.83     1,115.39        21.28     1,094.11
6884          1.00         0.00         0.00         0.00         0.00         0.00       206.76         0.00         0.00         0.00         0.00        16.23         46.46       747.34       126.83       874.17       223.99       650.18
6849          1.00         0.00         0.00         0.00         0.00         0.00         0.00         0.00         0.00        50.70         0.00        29.52          0.00     1,523.05       418.42     1,941.47        81.22     1,860.25
7061          1.00         0.00         0.00         0.00         0.00         0.00         0.00         0.00         0.00       165.01         0.00        23.32          0.00     2,021.08       169.92     2,191.00       189.33     2,001.67
0881          1.00         0.00         0.00         0.00         0.00         0.00         0.00         0.00         0.00         0.00         0.00        20.45         38.90       861.38       159.12     1,020.50        21.45       999.05
6334          1.00         0.00         0.00         0.00         0.00         0.00         0.00         0.00         0.00        11.57         0.00        29.31          0.00     1,250.36       179.10     1,429.46        41.88     1,387.58
2413          1.00         0.00         0.00         0.00         0.00         0.00         0.00         0.00         0.00         0.00         0.00        11.26         15.09       393.78        71.69       465.47        12.26       453.21
7428          1.00         0.00         0.00         0.00         0.00         0.00         0.00         0.00         0.00         0.00         0.00        23.16         38.26       871.38       158.48     1,029.86        24.16     1,005.70
7567          1.00         0.00         0.00         0.00         0.00         0.00         0.00         0.00         0.00         0.00         0.00        20.55         36.14       904.52       189.49     1,094.01        21.55     1,072.46
2897          1.00         0.00         0.00         0.00         0.00         0.00         0.00         0.00         0.00         0.00         0.00        20.73         32.75       957.38       152.97     1,110.35        21.73     1,088.62
7558          1.00         0.00         0.00         0.00         0.00         0.00         0.00         0.00         0.00        23.65         0.00        26.12          0.00     1,361.38       120.22     1,481.60        50.77     1,430.83
6360          1.00         0.00         0.00         0.00         0.00         0.00         0.00         0.00         0.00         0.00         0.00        20.48         38.90       861.38       293.29     1,154.67        21.48     1,133.19
7572          1.00         0.00         0.00         0.00         0.00         0.00         0.00         0.00         0.00         0.00         0.00         7.99         31.16       180.27        55.20       235.47         8.99       226.48
3318          1.00         0.00         0.00         0.00         0.00       469.96         0.00         0.00         0.00       179.01         0.00        55.88          0.00     2,108.56       301.36     2,409.92       705.85     1,704.07
5139          1.00         0.00         0.00         0.00         0.00       712.24         0.00         0.00         0.00       270.04         0.00        71.01          0.00     2,638.09       293.88     2,931.97     1,054.29     1,877.68
6083          1.00         0.00         0.00         0.00         0.00         0.00         0.00         0.00         0.00         0.00         0.00        23.01         34.24       934.17       208.68     1,142.85        24.01     1,118.84
6766          1.00         0.00         0.00         0.00         0.00         0.00         0.00         0.00         0.00        17.99         0.00        30.73          0.00     1,309.36       199.04     1,508.40        49.72     1,458.68
4137          1.00         0.00         0.00         0.00         0.00         0.00         0.00         0.00         0.00       318.64         0.00       102.55          0.00     2,886.12       442.57     3,328.69       422.19     2,906.50
7542          1.00         0.00         0.00         0.00         0.00         0.00         0.00         0.00         0.00         0.00         0.00        20.59         38.26       871.38       158.48     1,029.86        21.59     1,008.27
3780          1.00         0.00         0.00         0.00         0.00         0.00         0.00         0.00         0.00        30.84         0.00        34.85          0.00     1,427.46       271.90     1,699.36        66.69     1,632.67
7571          1.00         0.00         0.00         0.00         0.00         0.00         0.00         0.00         0.00         0.00         0.00         7.99         24.04       291.17        64.22       355.39         8.99       346.40
6205          1.00         0.00         0.00         0.00         0.00         0.00         0.00         0.00         0.00         0.00         0.00        23.39         38.26       871.38       202.66     1,074.04        24.39     1,049.65
5027          1.00         0.00         0.00         0.00         0.00         0.00         0.00         0.00         0.00         0.00         0.00        30.19          6.28     1,150.17       136.54     1,286.71        31.19     1,255.52
7245          1.00         0.00         0.00         0.00         0.00         0.00         0.00         0.00         0.00         0.00         0.00        20.06         38.26       871.38       158.48     1,029.86        21.06     1,008.80
6839          1.00         0.00         0.00         0.00         0.00         0.00         0.00         0.00         0.00         0.00         0.00        20.23         35.43       915.56       199.83     1,115.39        21.23     1,094.16

















































EJECUTIVOS EN SERVICIOS DE ALIMENTOS, S.A. DE C.V.                                                                      Pagina: 0003
R.F.C.:                                                                                                                    5/NOV/19
REPORTE DE SUELDOS SEMANALES DEDUCCIONES


 
Codigo Desc Vales   Desc Zapatos Otras Deducc Desc Fonacot Pension Alim Desc Infonav Faltas       Inca Enferme Inca Riesgo  ISPT         Ajus ISPT    IMSS          Sub P/Empleo Tot Per Grav Tot Per Exce Total Percep Total Deducc Neto Pagado
..........................................................................................................................................................................................................................................
5646          1.00         0.00         0.00         0.00         0.00         0.00         0.00         0.00         0.00         0.00         0.00        20.48         38.26       871.38       158.48     1,029.86        21.48     1,008.38
6978          1.00         0.00         0.00         0.00         0.00         0.00         0.00         0.00         0.00         0.00         0.00        21.55         36.85       893.47       179.16     1,072.63        22.55     1,050.08
4458          1.00         0.00         0.00         0.00         0.00         0.00         0.00         0.00         0.00       235.66         0.00        41.53          0.00     2,446.25       420.35     2,866.60       278.19     2,588.41
7522          1.00         0.00         0.00         0.00         0.00         0.00         0.00         0.00         0.00         0.00         0.00        22.53         38.26       871.38       158.48     1,029.86        23.53     1,006.33
5679          1.00         0.00         0.00         0.00         0.00         0.00         0.00         0.00         0.00         0.00         0.00        30.13          3.22     1,178.33       268.63     1,446.96        31.13     1,415.83
7417          1.00         0.00         0.00         0.00         0.00         0.00         0.00         0.00         0.00         0.00         0.00        21.44         38.26       871.38       158.48     1,029.86        22.44     1,007.42
7530          1.00         0.00         0.00         0.00         0.00         0.00       123.70         0.00         0.00         0.00         0.00        18.05          2.11     1,308.98       142.46     1,451.44       142.75     1,308.69
7239          1.00         0.00         0.00         0.00         0.00         0.00         0.00         0.00         0.00         0.00         0.00        19.82         38.90       861.38       159.12     1,020.50        20.82       999.68
6028          1.00         0.00       100.00         0.00         0.00       375.15         0.00         0.00         0.00         0.00         0.00        26.66          0.21     1,205.97       269.62     1,475.59       502.81       972.78
6565          1.00         0.00         0.00         0.00         0.00         0.00         0.00         0.00         0.00         0.00         0.00        22.08         36.14       904.52       189.49     1,094.01        23.08     1,070.93
7400          0.00         0.00         0.00         0.00         0.00         0.00         0.00         0.00         0.00         0.00         0.00         0.00          0.00         0.00         0.00         0.00         0.00         0.00
3218          1.00         0.00         0.00         0.00         0.00         0.00         0.00         0.00         0.00         0.00         0.00        23.10         34.24       934.17       222.65     1,156.82        24.10     1,132.72
3676          1.00         0.00         0.00         0.00         0.00         0.00         0.00         0.00         0.00        45.14         0.00        34.98          0.00     1,471.97       415.46     1,887.43        81.12     1,806.31
0445          1.00         0.00         0.00         0.00         0.00         0.00         0.00         0.00         0.00         0.00         0.00        27.47         10.95     1,090.83       166.28     1,257.11        28.47     1,228.64
5901          1.00         0.00         0.00         0.00         0.00         0.00         0.00         0.00         0.00         0.00         0.00        22.54         38.90       861.38       159.12     1,020.50        23.54       996.96
7269          1.00         0.00         0.00         0.00         0.00         0.00         0.00         0.00         0.00         0.00         0.00        21.43         37.55       882.43       168.81     1,051.24        22.43     1,028.81
2522          1.00         0.00         0.00         0.00         0.00         0.00         0.00         0.00         0.00         0.00         0.00        23.77         38.26       871.38       158.48     1,029.86        24.77     1,005.09
7569          1.00         0.00         0.00         0.00         0.00         0.00       310.14         0.00         0.00         0.00         0.00        14.18         42.15       715.13       102.43       817.56       325.32       492.24
7555          1.00         0.00         0.00         0.00         0.00         0.00         0.00         0.00         0.00        19.72         0.00        21.36          0.00     1,325.27       219.62     1,544.89        42.08     1,502.81
0116          1.00         0.00         0.00         0.00         0.00         0.00         0.00         0.00         0.00        57.75         0.00        40.64          0.00     1,587.87       207.65     1,795.52        99.39     1,696.13
5506          1.00         0.00         0.00         0.00         0.00         0.00       272.82         0.00         0.00         0.00         0.00        20.59         38.74       981.37       164.44     1,145.81       294.41       851.40
7167          1.00        48.00         0.00         0.00         0.00         0.00         0.00         0.00         0.00         0.00         0.00        23.82         38.26       871.38       202.66     1,074.04        72.82     1,001.22
0236          1.00         0.00         0.00         0.00         0.00       491.03         0.00         0.00         0.00       162.80         0.00        55.28          0.00     2,007.27       301.96     2,309.23       710.11     1,599.12
7080          1.00         0.00         0.00         0.00         0.00         0.00         0.00         0.00         0.00        17.59         0.00        38.75          0.00     1,305.66       232.04     1,537.70        57.34     1,480.36
5965          1.00         0.00         0.00         0.00         0.00         0.00         0.00         0.00         0.00         0.00         0.00        26.89         10.96     1,090.76       166.28     1,257.04        27.89     1,229.15
7457          1.00         0.00         0.00         0.00         0.00         0.00         0.00         0.00         0.00        24.74         0.00        20.07          0.00     1,371.38       120.22     1,491.60        45.81     1,445.79
5168          1.00         0.00         0.00         0.00         0.00         0.00         0.00         0.00         0.00        23.65         0.00        21.48          0.00     1,361.38       120.22     1,481.60        46.13     1,435.47
5447          1.00         0.00         0.00         0.00         0.00         0.00         0.00         0.00         0.00        61.95         0.00        20.16          0.00     1,626.46       219.62     1,846.08        83.11     1,762.97
6685          1.00         0.00         0.00         0.00         0.00         0.00         0.00         0.00         0.00         0.00         0.00        20.71         38.26       871.38       158.48     1,029.86        21.71     1,008.15
7489          1.00         0.00         0.00         0.00         0.00         0.00         0.00         0.00         0.00         0.00         0.00        22.04         18.33     1,081.23       182.73     1,263.96        23.04     1,240.92
5549          1.00         0.00         0.00         0.00         0.00         0.00         0.00         0.00         0.00         0.00         0.00        21.11         36.85       893.47       223.34     1,116.81        22.11     1,094.70
7554          1.00         0.00         0.00         0.00         0.00         0.00         0.00         0.00         0.00         0.00         0.00        20.27         34.02       937.65       187.37     1,125.02        21.27     1,103.75
6349          1.00         0.00         0.00         0.00         0.00         0.00         0.00         0.00         0.00         0.00         0.00        20.26         38.26       871.38       212.15     1,083.53        21.26     1,062.27
7484          1.00         0.00         0.00         0.00         0.00         0.00         0.00         0.00         0.00         0.00         0.00        20.16         38.26       871.38       202.66     1,074.04        21.16     1,052.88
0854          1.00         0.00         0.00         0.00         0.00       219.06       337.63         0.00         0.00         0.00         0.00        28.58         23.36     1,295.77       242.86     1,538.63       586.27       952.36
7314          0.00         0.00         0.00         0.00         0.00         0.00         0.00         0.00         0.00         0.00         0.00         0.00          0.00         0.00         0.00         0.00         0.00         0.00
7295          1.00        48.00         0.00         0.00         0.00         0.00         0.00         0.00         0.00        24.74         0.00        21.30          0.00     1,371.38       120.22     1,491.60        95.04     1,396.56
6832          1.00         0.00         0.00         0.00         0.00         0.00         0.00         0.00         0.00         0.00         0.00        20.58         38.26       871.38       158.48     1,029.86        21.58     1,008.28
7492          1.00         0.00        10.00         0.00         0.00         0.00         0.00         0.00         0.00         0.00         0.00        19.82         38.90       861.38       159.12     1,020.50        30.82       989.68
4807          1.00         0.00         0.00         0.00         0.00         0.00         0.00         0.00         0.00       458.42         0.00       126.61          0.00     3,540.55       528.43     4,068.98       586.03     3,482.95
6821          1.00         0.00         0.00         0.00         0.00         0.00       272.82         0.00         0.00         0.00         0.00        21.07         39.74       959.51       143.58     1,103.09       294.89       808.20
3169          1.00         0.00         0.00         0.00         0.00         0.00         0.00         0.00         0.00         0.00         0.00        21.65         38.26       871.38       158.48     1,029.86        22.65     1,007.21
6944          1.00         0.00         0.00         0.00         0.00         0.00         0.00         0.00         0.00         0.00         0.00        26.98         10.96     1,090.76       166.28     1,257.04        27.98     1,229.06

















































EJECUTIVOS EN SERVICIOS DE ALIMENTOS, S.A. DE C.V.                                                                      Pagina: 0004
R.F.C.:                                                                                                                    5/NOV/19
REPORTE DE SUELDOS SEMANALES DEDUCCIONES


 
Codigo Desc Vales   Desc Zapatos Otras Deducc Desc Fonacot Pension Alim Desc Infonav Faltas       Inca Enferme Inca Riesgo  ISPT         Ajus ISPT    IMSS          Sub P/Empleo Tot Per Grav Tot Per Exce Total Percep Total Deducc Neto Pagado
..........................................................................................................................................................................................................................................
5902          0.00         0.00         0.00         0.00         0.00         0.00         0.00         0.00         0.00         0.00         0.00         0.00          0.00         0.00         0.00         0.00         0.00         0.00
4514          1.00         0.00         0.00         0.00         0.00       318.08         0.00         0.00         0.00         0.00         0.00        30.05          3.22     1,178.33       172.55     1,350.88       349.13     1,001.75
6014          1.00         0.00         0.00         0.00         0.00         0.00         0.00         0.00         0.00         0.00         0.00        25.75          6.40     1,149.06       220.01     1,369.07        26.75     1,342.32
7356          1.00         0.00         0.00         0.00         0.00         0.00       123.70         0.00         0.00         0.00         0.00        17.98         49.59       775.85       156.80       932.65       142.68       789.97
6985          1.00         0.00         0.00         0.00         0.00         0.00         0.00         0.00         0.00       202.13         0.00        70.41          0.00     2,253.06       802.86     3,055.92       273.54     2,782.38
6831          1.00         0.00         0.00         0.00         0.00         0.00         0.00         0.00         0.00         0.00         0.00        20.29         31.83       971.83       262.50     1,234.33        21.29     1,213.04
3827          1.00         0.00         0.00         0.00         0.00         0.00         0.00         0.00         0.00         0.00         0.00        23.61         29.29     1,011.49       281.04     1,292.53        24.61     1,267.92
5412          0.00         0.00         0.00         0.00         0.00         0.00         0.00         0.00         0.00         0.00         0.00         0.00          0.00         0.00         0.00         0.00         0.00         0.00
4504          1.00         0.00         0.00         0.00         0.00         0.00         0.00         0.00         0.00       195.22         0.00        58.69          0.00     2,209.89       318.38     2,528.27       254.91     2,273.36
7395          1.00         0.00         0.00         0.00         0.00         0.00         0.00         0.00         0.00         0.00         0.00        20.53         38.26       871.38       202.66     1,074.04        21.53     1,052.51
0214          1.00         0.00         0.00         0.00         0.00         0.00         0.00         0.00         0.00       480.25         0.00       129.66          0.00     3,642.75       528.43     4,171.18       610.91     3,560.27
7376          1.00         0.00         0.00         0.00         0.00         0.00         0.00         0.00         0.00        24.74         0.00        23.43          0.00     1,371.38       120.22     1,491.60        49.17     1,442.43
7212          1.00         0.00         0.00         0.00         0.00       335.65         0.00         0.00         0.00        24.74         0.00        20.80          0.00     1,371.38       120.22     1,491.60       382.19     1,109.41
6321          1.00         0.00         0.00         0.00         0.00         0.00         0.00         0.00         0.00         0.00         0.00        21.82         32.12       967.31       195.51     1,162.82        22.82     1,140.00
5232          1.00         0.00         0.00         0.00         0.00         0.00         0.00         0.00         0.00       175.82         0.00        22.87          0.00     2,088.63       221.00     2,309.63       199.69     2,109.94
4958          1.00         0.00         0.00         0.00         0.00         0.00         0.00         0.00         0.00        24.74         0.00        22.72          0.00     1,371.38       120.22     1,491.60        48.46     1,443.14
3979          1.00         0.00         0.00         0.00         0.00         0.00         0.00         0.00         0.00       394.31         0.00       143.76          0.00     3,240.39       499.26     3,739.65       539.07     3,200.58
0442          1.00         0.00         0.00         0.00         0.00         0.00         0.00         0.00         0.00        19.93         0.00        31.74          0.00     1,327.15       193.14     1,520.29        52.67     1,467.62
7330          1.00         0.00         0.00         0.00         0.00         0.00         0.00       545.64         0.00         0.00         0.00        12.01         32.91       903.35        87.31       990.66       558.65       432.01
7243          1.00         0.00         0.00         0.00         0.00         0.00         0.00         0.00         0.00        19.72         0.00        21.11          0.00     1,325.27       219.62     1,544.89        41.83     1,503.06
7467          1.00         0.00         0.00         0.00         0.00         0.00         0.00         0.00         0.00         0.00         0.00        20.76         32.60       959.74       285.36     1,245.10        21.76     1,223.34
7397          1.00         0.00         0.00         0.00         0.00         0.00         0.00         0.00         0.00         0.00         0.00        21.12         38.26       871.38       158.48     1,029.86        22.12     1,007.74
7421          1.00         0.00         0.00         0.00         0.00         0.00         0.00         0.00         0.00         0.00         0.00        22.63         38.26       871.38       158.48     1,029.86        23.63     1,006.23
7556          0.00         0.00         0.00         0.00         0.00         0.00         0.00         0.00         0.00         0.00         0.00         0.00          0.00         0.00         0.00         0.00         0.00         0.00
7570          1.00         0.00         0.00         0.00         0.00         0.00         0.00         0.00         0.00         0.00         0.00         7.99         31.16       180.27        55.20       235.47         8.99       226.48
7298          1.00         0.00         0.00         0.00         0.00         0.00         0.00         0.00         0.00        30.79         0.00        34.24          0.00     1,427.05       210.72     1,637.77        66.03     1,571.74
5396          1.00        48.00         0.00         0.00         0.00         0.00         0.00         0.00         0.00         0.00         0.00        23.66         38.26       871.38       202.66     1,074.04        72.66     1,001.38
5704          1.00         0.00         0.00         0.00         0.00         0.00         0.00         0.00         0.00        31.23         0.00        32.63          0.00     1,431.09       377.84     1,808.93        64.86     1,744.07
7503          1.00         0.00         0.00         0.00         0.00         0.00       103.38         0.00         0.00         0.00         0.00        17.95         48.27       779.55       148.74       928.29       122.33       805.96
7557          1.00         0.00         0.00         0.00         0.00         0.00         0.00         0.00         0.00         0.00         0.00        23.69         32.60       959.74       285.36     1,245.10        24.69     1,220.41
7190          1.00         0.00         0.00         0.00         0.00         0.00         0.00         0.00         0.00         0.00         0.00        20.77         38.26       871.38       158.48     1,029.86        21.77     1,008.09
7280          1.00         0.00         0.00         0.00         0.00         0.00         0.00         0.00         0.00         0.00         0.00        21.07         29.78     1,003.92       249.40     1,253.32        22.07     1,231.25
5588          1.00         0.00         0.00         0.00         0.00         0.00         0.00         0.00         0.00         0.00         0.00        23.67         35.43       915.56       199.83     1,115.39        24.67     1,090.72
6203          1.00         0.00         0.00         0.00         0.00         0.00         0.00         0.00         0.00         0.00         0.00        21.83         38.26       871.38       158.48     1,029.86        22.83     1,007.03
6582          1.00         0.00         0.00         0.00         0.00         0.00         0.00         0.00         0.00         0.00         0.00        21.01         38.90       861.38       159.12     1,020.50        22.01       998.49
7226          1.00         0.00         0.00         0.00         0.00         0.00         0.00         0.00         0.00        24.74         0.00        20.80          0.00     1,371.38       120.22     1,491.60        46.54     1,445.06
7272          1.00         0.00         0.00         0.00         0.00         0.00         0.00         0.00         0.00         0.00         0.00        20.06         38.26       871.38       158.48     1,029.86        21.06     1,008.80
3326          1.00         0.00         0.00         0.00         0.00         0.00         0.00         0.00         0.00        30.84         0.00        35.29          0.00     1,427.46       209.19     1,636.65        67.13     1,569.52
3960          1.00         0.00         0.00         0.00         0.00       266.64         0.00         0.00         0.00        22.11         0.00        31.83          0.00     1,347.23       390.87     1,738.10       321.58     1,416.52
2233          0.00         0.00         0.00         0.00         0.00         0.00         0.00         0.00         0.00         0.00         0.00         0.00          0.00         0.00         0.00         0.00         0.00         0.00
0449          1.00         0.00       250.00         0.00         0.00       383.40         0.00         0.00         0.00       234.31         0.00        34.80          0.00     2,438.71       274.45     2,713.16       903.51     1,809.65
6934          1.00         0.00         0.00         0.00         0.00         0.00         0.00         0.00         0.00       342.84         0.00        86.70          0.00     2,999.45       460.71     3,460.16       430.54     3,029.62
7137          1.00         0.00         0.00         0.00         0.00         0.00         0.00         0.00         0.00       169.01         0.00        34.27          0.00     2,046.06       311.69     2,357.75       204.28     2,153.47

















































EJECUTIVOS EN SERVICIOS DE ALIMENTOS, S.A. DE C.V.                                                                      Pagina: 0005
R.F.C.:                                                                                                                    5/NOV/19
REPORTE DE SUELDOS SEMANALES DEDUCCIONES


 
Codigo Desc Vales   Desc Zapatos Otras Deducc Desc Fonacot Pension Alim Desc Infonav Faltas       Inca Enferme Inca Riesgo  ISPT         Ajus ISPT    IMSS          Sub P/Empleo Tot Per Grav Tot Per Exce Total Percep Total Deducc Neto Pagado
..........................................................................................................................................................................................................................................
6682          1.00         0.00         0.00         0.00         0.00         0.00       123.70         0.00         0.00         0.00         0.00        18.03         50.19       764.80       146.36       911.16       142.73       768.43
1269          1.00         0.00         0.00         0.00         0.00         0.00         0.00         0.00         0.00         0.00         0.00        23.38         38.26       871.38       292.65     1,164.03        24.38     1,139.65
7523          1.00         0.00         0.00         0.00         0.00         0.00         0.00         0.00         0.00         0.00         0.00        20.06         38.26       871.38       158.48     1,029.86        21.06     1,008.80
6006          1.00         0.00         0.00         0.00         0.00         0.00         0.00         0.00         0.00        24.74         0.00        23.21          0.00     1,371.38       120.22     1,491.60        48.95     1,442.65
1419          1.00         0.00         0.00         0.00         0.00       268.68         0.00         0.00         0.00        17.59         0.00        34.49          0.00     1,305.66       189.70     1,495.36       321.76     1,173.60
7518          0.00         0.00         0.00         0.00         0.00         0.00         0.00         0.00         0.00         0.00         0.00         0.00          0.00         0.00         0.00         0.00         0.00         0.00
7453          1.00         0.00         0.00         0.00         0.00         0.00       103.38         0.00         0.00         0.00         0.00        19.28         48.27       779.55       148.74       928.29       123.66       804.63
7545          1.00         0.00         0.00         0.00         0.00         0.00         0.00         0.00         0.00        45.81         0.00        34.53          0.00     1,478.13       362.16     1,840.29        81.34     1,758.95
7483          0.00         0.00         0.00         0.00         0.00         0.00         0.00         0.00         0.00         0.00         0.00         0.00          0.00         0.00         0.00         0.00         0.00         0.00
7244          1.00         0.00        10.00         0.00         0.00         0.00         0.00         0.00         0.00        28.34         0.00        20.43          0.00     1,404.52       197.53     1,602.05        59.77     1,542.28
5905          1.00         0.00         0.00         0.00         0.00         0.00         0.00         0.00         0.00       141.72         0.00        42.56          0.00     1,823.06       330.80     2,153.86       185.28     1,968.58
7462          1.00         0.00         0.00         0.00         0.00         0.00         0.00         0.00         0.00         0.00         0.00        21.71         32.60       959.74       241.18     1,200.92        22.71     1,178.21
3525          1.00         0.00         0.00         0.00         0.00         0.00         0.00         0.00         0.00        51.24         0.00        29.89          0.00     1,527.97       242.76     1,770.73        82.13     1,688.60
2451          1.00         0.00         0.00         0.00         0.00         0.00         0.00         0.00         0.00         0.00         0.00        20.99         36.14       904.52       233.67     1,138.19        21.99     1,116.20
6885          1.00         0.00         0.00         0.00         0.00         0.00         0.00         0.00         0.00         0.00         0.00        21.49         21.16     1,037.06       174.51     1,211.57        22.49     1,189.08
7438          1.00         0.00         0.00         0.00         0.00         0.00         0.00         0.00         0.00         0.00         0.00        20.78         38.26       871.38       202.66     1,074.04        21.78     1,052.26
4775          1.00         0.00         0.00         0.00         0.00         0.00         0.00         0.00         0.00        43.81         0.00        21.97          0.00     1,459.74       175.44     1,635.18        66.78     1,568.40
7528          1.00         0.00         0.00         0.00         0.00         0.00         0.00         0.00         0.00         0.00         0.00        21.10         32.60       959.74       241.18     1,200.92        22.10     1,178.82
5671          1.00         0.00         0.00         0.00         0.00         0.00         0.00         0.00         0.00       148.27         0.00        48.96          0.00     1,883.24       283.71     2,166.95       198.23     1,968.72
4832          1.00         0.00         0.00         0.00         0.00         0.00         0.00         0.00         0.00        24.74         0.00        22.05          0.00     1,371.38       120.22     1,491.60        47.79     1,443.81
7496          0.00         0.00         0.00         0.00         0.00         0.00         0.00         0.00         0.00         0.00         0.00         0.00          0.00         0.00         0.00         0.00         0.00         0.00
6567          1.00         0.00         0.00         0.00         0.00         0.00         0.00         0.00         0.00        48.62         0.00        24.20          0.00     1,503.92       252.76     1,756.68        73.82     1,682.86
3321          1.00         0.00         0.00         0.00         0.00         0.00         0.00         0.00         0.00       180.34         0.00        56.36          0.00     2,116.87       357.38     2,474.25       237.70     2,236.55
2112          1.00         0.00         0.00         0.00         0.00         0.00         0.00         0.00         0.00         0.00         0.00        20.82         38.26       871.38       158.48     1,029.86        21.82     1,008.04
0624          1.00         0.00         0.00         0.00         0.00         0.00         0.00         0.00         0.00       274.28         0.00        51.47          0.00     2,661.75       689.09     3,350.84       326.75     3,024.09
6877          1.00         0.00         0.00       141.34         0.00         0.00         0.00         0.00         0.00        50.00         0.00        24.60          0.00     1,516.61       175.44     1,692.05       216.94     1,475.11
4385          1.00         0.00         0.00         0.00         0.00         0.00         0.00         0.00         0.00        22.76         0.00        30.62          0.00     1,353.21       213.05     1,566.26        54.38     1,511.88
7378          1.00         0.00         0.00         0.00         0.00         0.00         0.00         0.00         0.00         0.00         0.00        19.82         38.90       861.38       159.12     1,020.50        20.82       999.68
0366          1.00         0.00         0.00         0.00         0.00         0.00         0.00         0.00         0.00       319.34         0.00       101.08          0.00     2,889.42       444.70     3,334.12       421.42     2,912.70
6206          1.00         0.00         0.00         0.00         0.00         0.00         0.00         0.00         0.00         0.00         0.00        26.76         10.96     1,090.76       166.28     1,257.04        27.76     1,229.28
7543          0.00         0.00         0.00         0.00         0.00         0.00         0.00         0.00         0.00         0.00         0.00         0.00          0.00         0.00         0.00         0.00         0.00         0.00
 
*** GLO     191.00       240.00       850.00       541.42         0.00     8,086.12     2,655.25       545.64         0.00     8,386.96         0.00     5,639.36      3,545.07   241,306.05                283,067.53    27,135.75   255,931.78
  


























































