EJECUTIVOS EN SERVICIOS DE ALIMENTOS, S.A. DE C.V.                                                                      Pagina: 0001
R.F.C.:                                                                                                                    5/NOV/19
REPORTE DE SUELDOS SEMANALES DEDUCCIONES


 
Codigo Desc Vales   Desc Zapatos Otras Deducc Desc Fonacot Pension Alim Desc Infonav Faltas       Inca Enferme Inca Riesgo  ISPT         Ajus ISPT    IMSS          Sub P/Empleo Tot Per Grav Tot Per Exce Total Percep Total Deducc Neto Pagado
..........................................................................................................................................................................................................................................
7505          1.00         0.00         0.00         0.00         0.00         0.00         0.00         0.00         0.00         0.00         0.00        22.09         52.05       871.38       172.27     1,043.65        23.09     1,020.56
7652          1.00         0.00         0.00         0.00         0.00         0.00         0.00         0.00         0.00         0.00         0.00        18.65         38.26       871.38       158.48     1,029.86        19.65     1,010.21
6600          1.00         0.00         0.00         0.00         0.00         0.00         0.00         0.00         0.00         0.00         0.00        23.11         51.66       883.63       194.13     1,077.76        24.11     1,053.65
5933          1.00         0.00         0.00         0.00         0.00         0.00         0.00         0.00         0.00         0.00         0.00        23.75         52.03       871.38       172.25     1,043.63        24.75     1,018.88
7170          1.00         0.00         0.00         0.00         0.00         0.00         0.00         0.00         0.00         0.00         0.00        26.77         55.08       893.63       197.55     1,091.18        27.77     1,063.41
5618          1.00         0.00         0.00         0.00         0.00         0.00       124.60         0.00         0.00         0.00         0.00        18.40         87.05       787.95       205.47       993.42       144.00       849.42
3890          1.00         0.00         0.00         0.00         0.00         0.00         0.00         0.00         0.00       178.37         0.00        54.37          0.00     2,104.51       390.35     2,494.86       233.74     2,261.12
3652          1.00         0.00         0.00         0.00         0.00       383.82         0.00         0.00         0.00       166.00         0.00        69.76          0.00     2,032.13       386.74     2,418.87       620.58     1,798.29
2530          1.00         0.00         0.00         0.00         0.00       168.73         0.00         0.00         0.00         0.00         0.00        19.82         38.91       861.38       159.13     1,020.51       189.55       830.96
1123          1.00         0.00         0.00         0.00         0.00         0.00         0.00         0.00         0.00        16.09         0.00        34.22          0.00     1,291.87       187.49     1,479.36        51.31     1,428.05
7593          1.00         0.00         0.00         0.00         0.00         0.00         0.00         0.00         0.00         0.00         0.00        20.35         52.05       871.38       216.77     1,088.15        21.35     1,066.80
6955          1.00         0.00         0.00         0.00         0.00         0.00         0.00         0.00         0.00         0.00         0.00        18.65         31.63       871.38       151.85     1,023.23        19.65     1,003.58
7607          0.00         0.00         0.00         0.00         0.00         0.00         0.00         0.00         0.00         0.00         0.00         0.00          0.00         0.00         0.00         0.00         0.00         0.00
7640          1.00         0.00         0.00         0.00         0.00         0.00         0.00         0.00         0.00         0.00         0.00        18.65         38.27       871.38       158.49     1,029.87        19.65     1,010.22
7005          1.00         0.00         0.00         0.00         0.00         0.00         0.00         0.00         0.00         0.00         0.00        26.37         57.50       871.38       222.22     1,093.60        27.37     1,066.23
7259          1.00         0.00         0.00         0.00         0.00         0.00       104.13         0.00         0.00         0.00         0.00        19.64         63.82       780.28       164.29       944.57       124.77       819.80
7312          1.00         0.00         0.00         0.00         0.00         0.00         0.00         0.00         0.00         0.00         0.00        26.11         52.05       871.38       172.27     1,043.65        27.11     1,016.54
7338          1.00         0.00         0.00         0.00         0.00         0.00         0.00         0.00         0.00         0.00         0.00        24.76         52.05       871.38       172.27     1,043.65        25.76     1,017.89
7600          1.00         0.00         0.00         0.00         0.00         0.00         0.00         0.00         0.00         0.00         0.00        19.76         52.68       861.38       172.90     1,034.28        20.76     1,013.52
5677          1.00         0.00         0.00         0.00         0.00         0.00         0.00         0.00         0.00         0.00         0.00        28.67          7.70     1,137.24       170.45     1,307.69        29.67     1,278.02
6210          1.00         0.00         0.00         0.00         0.00         0.00         0.00         0.00         0.00         0.00         0.00        25.62         44.19       993.69       236.72     1,230.41        26.62     1,203.79
0849          1.00         0.00         0.00         0.00         0.00         0.00         0.00         0.00         0.00         0.00         0.00        27.90         19.62     1,061.11       158.19     1,219.30        28.90     1,190.40
7536          1.00         0.00         0.00         0.00         0.00         0.00       124.60         0.00         0.00         0.00         0.00        20.14         65.80       765.70       161.97       927.67       145.74       781.93
7430          1.00         0.00         0.00         0.00         0.00         0.00         0.00         0.00         0.00       137.83         0.00        42.38          0.00     1,787.19       463.42     2,250.61       181.21     2,069.40
5181          1.00         0.00         0.00         0.00         0.00         0.00         0.00         0.00         0.00         0.00         0.00        23.37         52.05       871.38       172.27     1,043.65        24.37     1,019.28
7655          1.00         0.00         0.00         0.00         0.00         0.00         0.00         0.00         0.00         0.00         0.00        10.66         34.47       350.55        82.55       433.10        11.66       421.44
7057          1.00         0.00         0.00         0.00         0.00         0.00         0.00         0.00         0.00         0.00         0.00        27.65         58.59       861.38       178.81     1,040.19        28.65     1,011.54
5558          1.00         0.00         0.00         0.00         0.00         0.00         0.00         0.00         0.00         0.00         0.00        27.44         24.77       928.13       211.74     1,139.87        28.44     1,111.43
4746          1.00         0.00         0.00         0.00         0.00       337.44         0.00         0.00         0.00        10.10         0.00        31.81          0.00     1,236.79       180.28     1,417.07       380.35     1,036.72
7643          1.00         0.00         0.00         0.00         0.00         0.00       104.13         0.00         0.00         0.00         0.00        16.69         44.80       780.28       145.27       925.55       121.82       803.73
7573          1.00         0.00         0.00         0.00         0.00         0.00         0.00         0.00         0.00         0.00         0.00        20.37         56.71       883.63       199.18     1,082.81        21.37     1,061.44
7407          1.00         0.00         0.00         0.00         0.00         0.00         0.00         0.00         0.00         0.00         0.00        24.23         55.09       893.63       197.56     1,091.19        25.23     1,065.96
1424          1.00         0.00       250.00         0.00         0.00       457.22         0.00         0.00         0.00       319.52         0.00        76.91          0.00     2,890.24       711.28     3,601.52     1,104.65     2,496.87
5280          1.00         0.00         0.00       316.08         0.00       439.54         0.00         0.00         0.00       152.32         0.00        48.76          0.00     1,920.48       289.67     2,210.15       957.70     1,252.45
6461          1.00         0.00         0.00         0.00         0.00         0.00         0.00         0.00         0.00        21.81         0.00        29.59          0.00     1,344.47       346.80     1,691.27        52.40     1,638.87
6765          1.00         0.00         0.00         0.00         0.00         0.00         0.00         0.00         0.00        78.54         0.00        31.72          0.00     1,778.91       234.52     2,013.43       111.26     1,902.17
7012          1.00         0.00         0.00         0.00         0.00         0.00         0.00         0.00         0.00         0.00         0.00        24.87         35.48       871.38       155.70     1,027.08        25.87     1,001.21
5000          1.00         0.00         0.00         0.00         0.00         0.00         0.00         0.00         0.00         0.00         0.00        27.31          0.60     1,202.48       234.99     1,437.47        28.31     1,409.16
7586          1.00         0.00         0.00         0.00         0.00         0.00         0.00         0.00         0.00         0.00         0.00        20.82         52.29       871.38       172.51     1,043.89        21.82     1,022.07
7649          1.00         0.00         0.00         0.00         0.00         0.00         0.00         0.00         0.00         0.00         0.00        18.65         25.89       928.14       212.85     1,140.99        19.65     1,121.34
5644          1.00         0.00         0.00         0.00         0.00       331.25         0.00         0.00         0.00        52.00         0.00        27.72          0.00     1,429.88       289.86     1,719.74       411.97     1,307.77
7519          1.00         0.00         0.00         0.00         0.00         0.00         0.00         0.00         0.00         0.00         0.00        26.25         57.51       871.38       177.73     1,049.11        27.25     1,021.86
6690          1.00         0.00         0.00         0.00         0.00         0.00         0.00         0.00         0.00         0.00         0.00        26.66         27.39       894.76       180.98     1,075.74        27.66     1,048.08

















































EJECUTIVOS EN SERVICIOS DE ALIMENTOS, S.A. DE C.V.                                                                      Pagina: 0002
R.F.C.:                                                                                                                    5/NOV/19
REPORTE DE SUELDOS SEMANALES DEDUCCIONES


 
Codigo Desc Vales   Desc Zapatos Otras Deducc Desc Fonacot Pension Alim Desc Infonav Faltas       Inca Enferme Inca Riesgo  ISPT         Ajus ISPT    IMSS          Sub P/Empleo Tot Per Grav Tot Per Exce Total Percep Total Deducc Neto Pagado
..........................................................................................................................................................................................................................................
0090          1.00         0.00         0.00         0.00         0.00       488.15         0.00         0.00         0.00        30.84         0.00        34.16          0.00     1,427.46       209.19     1,636.65       554.15     1,082.50
7168          1.00         0.00         0.00         0.00         0.00         0.00         0.00         0.00         0.00         0.00         0.00        24.16         52.05       871.38       216.77     1,088.15        25.16     1,062.99
6958          1.00         0.00         0.00         0.00         0.00         0.00         0.00         0.00         0.00         0.00         0.00        18.65         29.83     1,125.72       150.05     1,275.77        19.65     1,256.12
4314          1.00         0.00         0.00         0.00         0.00         0.00         0.00         0.00         0.00       130.44         0.00        47.59          0.00     1,719.29       255.88     1,975.17       179.03     1,796.14
7485          1.00         0.00         0.00         0.00         0.00         0.00         0.00         0.00         0.00         0.00         0.00        26.57         26.60       904.76       224.69     1,129.45        27.57     1,101.88
7632          1.00         0.00         0.00         0.00         0.00         0.00         0.00         0.00         0.00         0.00         0.00        18.65         36.14       904.76       234.23     1,138.99        19.65     1,119.34
4287          1.00         0.00       200.00         0.00         0.00         0.00         0.00         0.00         0.00        15.49         0.00        28.33          0.00     1,286.40       155.32     1,441.72       244.82     1,196.90
6427          1.00         0.00         0.00         0.00         0.00         0.00         0.00         0.00         0.00         0.00         0.00        21.69         34.24       934.17       164.50     1,098.67        22.69     1,075.98
6504          1.00         0.00         0.00         0.00         0.00         0.00         0.00         0.00         0.00         0.00         0.00        20.12         57.76       871.38       177.98     1,049.36        21.12     1,028.24
5745          1.00         0.00         0.00         0.00         0.00         0.00         0.00         0.00         0.00         0.00         0.00        22.85         38.27       871.38       158.49     1,029.87        23.85     1,006.02
7617          1.00         0.00         0.00         0.00         0.00         0.00         0.00         0.00         0.00        51.07         0.00        18.65          0.00     1,526.36       220.34     1,746.70        70.72     1,675.98
7604          1.00         0.00         0.00         0.00         0.00         0.00         0.00         0.00         0.00         0.00         0.00        19.90         44.30       871.38       164.52     1,035.90        20.90     1,015.00
6849          1.00         0.00         0.00         0.00         0.00         0.00         0.00         0.00         0.00         0.00         0.00        31.72         36.84       893.63       223.81     1,117.44        32.72     1,084.72
7061          1.00         0.00         0.00         0.00         0.00         0.00         0.00         0.00         0.00         0.00         0.00        28.40         28.99     1,138.38       215.96     1,354.34        29.40     1,324.94
0881          1.00         0.00         0.00         0.00         0.00         0.00         0.00         0.00         0.00         0.00         0.00        28.62         38.91       861.38       159.13     1,020.51        29.62       990.89
7634          1.00         0.00         0.00         0.00         0.00         0.00         0.00         0.00         0.00        41.35         0.00        32.69          0.00     1,437.05       210.72     1,647.77        75.04     1,572.73
7627          1.00         0.00         0.00         0.00         0.00         0.00       208.26         0.00         0.00         0.00         0.00        14.72         90.20       748.83       170.57       919.40       223.98       695.42
7633          1.00         0.00         0.00         0.00         0.00         0.00         0.00         0.00         0.00         0.00         0.00        18.65         38.28       872.51       169.62     1,042.13        19.65     1,022.48
7650          1.00         0.00         0.00         0.00         0.00         0.00         0.00         0.00         0.00         0.00         0.00        18.65         45.48       861.38       165.70     1,027.08        19.65     1,007.43
7428          1.00         0.00         0.00         0.00         0.00         0.00         0.00         0.00         0.00         0.00         0.00        23.28         52.29       871.38       172.51     1,043.89        24.28     1,019.61
2897          1.00         0.00         0.00         0.00         0.00         0.00       124.60         0.00         0.00         0.00         0.00        20.46         56.09       765.70       152.26       917.96       146.06       771.90
7558          1.00         0.00         0.00         0.00         0.00         0.00         0.00         0.00         0.00         0.00         0.00        25.17         51.66       883.63       194.13     1,077.76        26.17     1,051.59
6360          1.00         0.00         0.00         0.00         0.00         0.00         0.00         0.00         0.00         0.00         0.00        20.55         30.88       883.63       173.35     1,056.98        21.55     1,035.43
7614          1.00         0.00         0.00         0.00         0.00         0.00         0.00         0.00         0.00         0.00         0.00        18.65         27.75       928.14       214.71     1,142.85        19.65     1,123.20
3318          1.00         0.00         0.00         0.00         0.00       500.52         0.00         0.00         0.00       191.06         0.00        57.46          0.00     2,183.88       313.42     2,497.30       750.04     1,747.26
5139          1.00         0.00         0.00         0.00         0.00       759.20         0.00         0.00         0.00       270.05         0.00        68.45          0.00     2,638.09       293.88     2,931.97     1,098.70     1,833.27
6083          1.00         0.00         0.00         0.00         0.00         0.00         0.00         0.00         0.00         0.00         0.00        26.40         28.17       934.17       202.93     1,137.10        27.40     1,109.70
7616          1.00         0.00         0.00         0.00         0.00         0.00         0.00         0.00         0.00         0.00         0.00        18.65         28.09       904.76       226.18     1,130.94        19.65     1,111.29
6766          1.00         0.00         0.00         0.00         0.00         0.00         0.00         0.00         0.00       266.11         0.00        29.71          0.00     2,616.12       292.69     2,908.81       296.82     2,611.99
4137          1.00         0.00         0.00         0.00         0.00         0.00         0.00         0.00         0.00       394.30         0.00       104.07          0.00     3,240.31       587.66     3,827.97       499.37     3,328.60
7657          1.00         0.00       250.00         0.00         0.00         0.00         0.00         0.00         0.00         0.00         0.00        18.65          9.64     1,111.38       129.86     1,241.24       269.65       971.59
7542          1.00         0.00         0.00         0.00         0.00         0.00         0.00         0.00         0.00         0.00         0.00        23.28         55.08       893.63       197.55     1,091.18        24.28     1,066.90
7656          1.00         0.00         0.00         0.00         0.00       201.07         0.00         0.00         0.00         0.92         0.00        13.32          0.00       871.38       120.22       991.60       216.31       775.29
3780          1.00         0.00         0.00         0.00         0.00         0.00         0.00         0.00         0.00        30.85         0.00        34.94          0.00     1,427.46       271.90     1,699.36        66.79     1,632.57
6205          1.00         0.00         0.00         0.00         0.00         0.00         0.00         0.00         0.00         0.00         0.00        25.30         57.51       871.38       222.23     1,093.61        26.30     1,067.31
5027          1.00         0.00         0.00         0.00         0.00         0.00         0.00         0.00         0.00         5.52         0.00        29.51          0.00     1,194.67       174.76     1,369.43        36.03     1,333.40
7245          1.00         0.00         0.00         0.00         0.00         0.00       104.13         0.00         0.00         0.00         0.00        17.97         57.99       780.28       158.46       938.74       123.10       815.64
6839          1.00         0.00         0.00         0.00         0.00         0.00         0.00         0.00         0.00         0.00         0.00        22.77         34.71       927.01       210.55     1,137.56        23.77     1,113.79
5646          1.00         0.00         0.00         0.00         0.00         0.00         0.00         0.00         0.00         0.00         0.00        23.37         52.37       893.63       194.84     1,088.47        24.37     1,064.10
6978          1.00         0.00         0.00         0.00         0.00         0.00         0.00         0.00         0.00         0.00         0.00        22.77         35.48       871.38       155.70     1,027.08        23.77     1,003.31
6658          1.00         0.00         0.00         0.00         0.00       462.28         0.00         0.00         0.00         0.00         0.00        28.62          1.66     1,128.70       163.05     1,291.75       491.90       799.85
4458          1.00         0.00         0.00         0.00         0.00         0.00         0.00         0.00         0.00        72.55         0.00        43.07          0.00     1,647.76       246.04     1,893.80       116.62     1,777.18
7619          1.00         0.00         0.00         0.00         0.00         0.00         0.00         0.00         0.00         0.00         0.00        18.65         31.22       872.51       162.56     1,035.07        19.65     1,015.42

















































EJECUTIVOS EN SERVICIOS DE ALIMENTOS, S.A. DE C.V.                                                                      Pagina: 0003
R.F.C.:                                                                                                                    5/NOV/19
REPORTE DE SUELDOS SEMANALES DEDUCCIONES


 
Codigo Desc Vales   Desc Zapatos Otras Deducc Desc Fonacot Pension Alim Desc Infonav Faltas       Inca Enferme Inca Riesgo  ISPT         Ajus ISPT    IMSS          Sub P/Empleo Tot Per Grav Tot Per Exce Total Percep Total Deducc Neto Pagado
..........................................................................................................................................................................................................................................
7647          1.00         0.00         0.00         0.00         0.00         0.00         0.00         0.00         0.00         0.00         0.00        18.65         38.27       871.38       158.49     1,029.87        19.65     1,010.22
7574          1.00         0.00         0.00         0.00         0.00         0.00       124.60         0.00         0.00         0.00         0.00        17.75         82.34       765.70       178.51       944.21       143.35       800.86
5679          1.00         0.00         0.00         0.00         0.00         0.00         0.00         0.00         0.00         1.09         0.00        31.35          0.00     1,220.68       234.39     1,455.07        33.44     1,421.63
7601          1.00         0.00         0.00         0.00         0.00         0.00         0.00         0.00         0.00         0.00         0.00        19.71         54.15       883.63       196.62     1,080.25        20.71     1,059.54
7530          1.00         0.00         0.00         0.00         0.00         0.00       124.60         0.00         0.00         0.00         0.00        20.91         65.47       838.02       233.94     1,071.96       146.51       925.45
6028          1.00         0.00         0.00         0.00         0.00       399.30         0.00         0.00         0.00        40.40         0.00        29.76          0.00     1,515.29       289.86     1,805.15       470.46     1,334.69
6565          1.00         0.00         0.00         0.00         0.00         0.00       104.13         0.00         0.00         0.00         0.00        21.43         68.68       780.28       169.15       949.43       126.56       822.87
3218          1.00         0.00         0.00         0.00         0.00         0.00         0.00         0.00         0.00         0.00         0.00        23.09         28.17       934.17       202.93     1,137.10        24.09     1,113.01
3676          1.00         0.00         0.00         0.00         0.00         0.00         0.00         0.00         0.00        56.88         0.00        33.60          0.00     1,579.76       438.34     2,018.10        91.48     1,926.62
7269          1.00         0.00         0.00         0.00         0.00         0.00         0.00         0.00         0.00         0.00         0.00        22.77         57.76       871.38       177.98     1,049.36        23.77     1,025.59
7654          0.00         0.00         0.00         0.00         0.00         0.00       249.20         0.00         0.00         0.00         0.00        14.72         45.89       802.15        45.89       848.04       263.92       584.12
2522          1.00         0.00         0.00         0.00         0.00         0.00         0.00         0.00         0.00         0.00         0.00        24.43         53.87       904.76       251.96     1,156.72        25.43     1,131.29
7555          1.00         0.00         0.00         0.00         0.00         0.00         0.00         0.00         0.00         0.00         0.00        23.59         52.69       861.38       172.91     1,034.29        24.59     1,009.70
5506          1.00         0.00         0.00         0.00         0.00       224.80         0.00         0.00         0.00         0.00         0.00        25.42          7.91     1,139.06       221.52     1,360.58       251.22     1,109.36
0236          1.00         0.00         0.00         0.00         0.00       523.01         0.00         0.00         0.00       162.81         0.00        53.12          0.00     2,007.27       378.67     2,385.94       739.94     1,646.00
7080          1.00         0.00         0.00         0.00         0.00         0.00         0.00         0.00         0.00        38.48         0.00        33.97          0.00     1,305.66       189.70     1,495.36        73.45     1,421.91
5965          1.00         0.00         0.00         0.00         0.00         0.00         0.00         0.00         0.00         0.00         0.00        27.65          8.52     1,129.61       170.05     1,299.66        28.65     1,271.01
5447          1.00         0.00         0.00         0.00         0.00         0.00         0.00         0.00         0.00         0.00         0.00        22.11         53.08       861.38       173.30     1,034.68        23.11     1,011.57
6685          1.00         0.00         0.00         0.00         0.00         0.00       104.13         0.00         0.00         0.00         0.00        22.55         77.61       780.28       178.08       958.36       127.68       830.68
5549          1.00         0.00         0.00         0.00         0.00         0.00         0.00         0.00         0.00         0.00         0.00        23.90         52.05       871.38       216.77     1,088.15        24.90     1,063.25
6349          1.00         0.00         0.00         0.00         0.00         0.00         0.00         0.00         0.00         0.00         0.00        20.12         57.76       871.38       177.98     1,049.36        21.12     1,028.24
7484          1.00         0.00         0.00         0.00         0.00         0.00         0.00         0.00         0.00         0.00         0.00        24.24         56.41       871.38       221.13     1,092.51        25.24     1,067.27
7592          1.00         0.00         0.00         0.00         0.00         0.00       373.80         0.00         0.00         0.00         0.00        17.29         39.38       694.35        87.46       781.81       392.09       389.72
0854          1.00         0.00         0.00         0.00         0.00       326.19         0.00         0.00         0.00        46.85         0.00        36.65          0.00     1,487.60       220.41     1,708.01       410.69     1,297.32
7295          1.00         0.00         0.00         0.00         0.00         0.00         0.00         0.00         0.00         0.00         0.00        24.84         57.51       871.38       177.73     1,049.11        25.84     1,023.27
6832          1.00         0.00         0.00         0.00         0.00         0.00         0.00         0.00         0.00         0.00         0.00        23.17         57.51       871.38       177.73     1,049.11        24.17     1,024.94
4807          1.00         0.00         0.00         0.00         0.00         0.00         0.00         0.00         0.00       510.36         0.00       109.73          0.00     3,783.66       564.20     4,347.86       621.09     3,726.77
7610          1.00         0.00         0.00         0.00         0.00         0.00       104.13         0.00         0.00         0.00         0.00        16.69         48.18       780.28       148.65       928.93       121.82       807.11
6821          1.00         0.00         0.00         0.00         0.00         0.00         0.00         0.00         0.00         0.00         0.00        26.32          8.03     1,134.18       184.13     1,318.31        27.32     1,290.99
3169          1.00         0.00         0.00         0.00         0.00         0.00         0.00         0.00         0.00         0.00         0.00        20.17         55.99       899.19       204.02     1,103.21        21.17     1,082.04
6944          1.00         0.00         0.00         0.00         0.00         0.00         0.00         0.00         0.00         0.00         0.00        27.28          8.53     1,129.61       228.35     1,357.96        28.28     1,329.68
5902          0.00         0.00         0.00         0.00         0.00         0.00         0.00         0.00         0.00         0.00         0.00         0.00          0.00         0.00         0.00         0.00         0.00         0.00
4514          1.00         0.00         0.00         0.00         0.00       324.05         0.00         0.00         0.00         8.35         0.00        30.62          0.00     1,220.68       176.10     1,396.78       364.02     1,032.76
6014          1.00         0.00         0.00         0.00         0.00         0.00         0.00         0.00         0.00         0.00         0.00        26.59          0.59     1,202.48       234.98     1,437.46        27.59     1,409.87
7551          1.00         0.00         0.00         0.00         0.00         0.00         0.00         0.00         0.00         0.00         0.00        21.92         29.66       871.38       149.88     1,021.26        22.92       998.34
7645          1.00         0.00         0.00         0.00         0.00         0.00         0.00         0.00         0.00         0.00         0.00        18.65         36.84       893.63       179.31     1,072.94        19.65     1,053.29
6985          1.00         0.00         0.00         0.00         0.00         0.00         0.00         0.00         0.00       305.88         0.00        59.75          0.00     2,838.06       507.78     3,345.84       366.63     2,979.21
3827          1.00         0.00         0.00         0.00         0.00         0.00         0.00         0.00         0.00         0.00         0.00        26.42         24.91       967.55       233.04     1,200.59        27.42     1,173.17
5412          1.00         0.00         0.00         0.00         0.00         0.00         0.00         0.00         0.00         0.00         0.00        18.72         36.77       894.76       190.36     1,085.12        19.72     1,065.40
4504          1.00         0.00         0.00         0.00         0.00         0.00         0.00         0.00         0.00       193.62         0.00        58.40          0.00     2,199.89       318.38     2,518.27       253.02     2,265.25
7395          1.00         0.00         0.00         0.00         0.00         0.00         0.00         0.00         0.00         0.00         0.00        24.56         52.05       871.38       172.27     1,043.65        25.56     1,018.09
0214          1.00         0.00         0.00         0.00         0.00         0.00         0.00         0.00         0.00       510.36         0.00       109.54          0.00     3,783.66       825.89     4,609.55       620.90     3,988.65
7376          1.00         0.00         0.00         0.00         0.00         0.00         0.00         0.00         0.00         0.00         0.00        26.66         57.51       871.38       204.56     1,075.94        27.66     1,048.28

















































EJECUTIVOS EN SERVICIOS DE ALIMENTOS, S.A. DE C.V.                                                                      Pagina: 0004
R.F.C.:                                                                                                                    5/NOV/19
REPORTE DE SUELDOS SEMANALES DEDUCCIONES


 
Codigo Desc Vales   Desc Zapatos Otras Deducc Desc Fonacot Pension Alim Desc Infonav Faltas       Inca Enferme Inca Riesgo  ISPT         Ajus ISPT    IMSS          Sub P/Empleo Tot Per Grav Tot Per Exce Total Percep Total Deducc Neto Pagado
..........................................................................................................................................................................................................................................
7212          1.00         0.00         0.00         0.00         0.00       357.68         0.00         0.00         0.00         0.00         0.00        25.94         38.03       871.38       158.25     1,029.63       384.62       645.01
6321          1.00         0.00         0.00         0.00         0.00         0.00         0.00         0.00         0.00         0.00         0.00        24.40         32.47       961.98       190.54     1,152.52        25.40     1,127.12
5232          1.00         0.00         0.00         0.00         0.00         0.00         0.00         0.00         0.00         0.00         0.00        28.38         41.41     1,024.17       171.67     1,195.84        29.38     1,166.46
4958          1.00         0.00         0.00         0.00         0.00         0.00         0.00         0.00         0.00         0.00         0.00        24.86        195.34       871.38       315.56     1,186.94        25.86     1,161.08
7620          1.00         0.00         0.00         0.00         0.00         0.00         0.00         0.00         0.00         0.00         0.00        18.65         50.49       871.38       170.71     1,042.09        19.65     1,022.44
3979          1.00         0.00         0.00         0.00         0.00         0.00         0.00         0.00         0.00       420.98         0.00        96.86          0.00     3,365.20       519.23     3,884.43       518.84     3,365.59
0442          1.00         0.00         0.00         0.00         0.00         0.00         0.00         0.00         0.00        25.18         0.00        35.71          0.00     1,375.45       200.87     1,576.32        61.89     1,514.43
7330          0.00         0.00         0.00         0.00         0.00         0.00         0.00         0.00         0.00         0.00         0.00         0.00          0.00         0.00         0.00         0.00         0.00         0.00
7243          1.00         0.00         0.00         0.00         0.00         0.00         0.00         0.00         0.00         0.00         0.00        24.41         52.69       861.38       199.74     1,061.12        25.41     1,035.71
7397          1.00         0.00         0.00         0.00         0.00         0.00         0.00         0.00         0.00         0.00         0.00        22.99         56.42       871.38       221.14     1,092.52        23.99     1,068.53
7421          1.00         0.00         0.00         0.00         0.00         0.00         0.00         0.00         0.00         0.00         0.00        25.16         57.51       871.38       177.73     1,049.11        26.16     1,022.95
7595          1.00         0.00         0.00         0.00         0.00         0.00         0.00         0.00         0.00         0.00         0.00        20.06         56.41       871.38       176.63     1,048.01        21.06     1,026.95
7298          1.00         0.00         0.00         0.00         0.00         0.00         0.00         0.00         0.00        46.00         0.00        35.34          0.00     1,479.76       219.16     1,698.92        82.34     1,616.58
5396          1.00         0.00         0.00         0.00         0.00         0.00         0.00         0.00         0.00         0.00         0.00        22.72         49.03       949.26       291.62     1,240.88        23.72     1,217.16
5704          1.00         0.00         0.00         0.00         0.00         0.00         0.00         0.00         0.00        22.75         0.00        35.58          0.00     1,353.12       260.00     1,613.12        59.33     1,553.79
7503          1.00         0.00         0.00         0.00         0.00         0.00         0.00         0.00         0.00         0.00         0.00        21.82         38.27       871.38       202.99     1,074.37        22.82     1,051.55
7190          1.00         0.00         0.00         0.00         0.00         0.00         0.00         0.00         0.00         0.00         0.00        20.72         28.49       938.13       182.08     1,120.21        21.72     1,098.49
7642          1.00         0.00         0.00         0.00         0.00         0.00         0.00         0.00         0.00         0.00         0.00        18.65         38.26       871.38       158.48     1,029.86        19.65     1,010.21
7588          1.00         0.00         0.00         0.00         0.00         0.00         0.00         0.00         0.00         0.00         0.00        20.96         52.05       871.38       172.27     1,043.65        21.96     1,021.69
5588          1.00         0.00         0.00         0.00         0.00         0.00         0.00         0.00         0.00         0.00         0.00        23.37         55.54       871.38       175.76     1,047.14        24.37     1,022.77
6203          1.00         0.00         0.00         0.00         0.00         0.00         0.00       208.26         0.00         0.00         0.00        16.66         93.33       748.83       173.70       922.53       225.92       696.61
6582          1.00         0.00         0.00         0.00         0.00         0.00         0.00         0.00         0.00         0.00         0.00        20.06         52.68       861.38       172.90     1,034.28        21.06     1,013.22
7226          1.00         0.00         0.00         0.00         0.00         0.00         0.00         0.00         0.00         0.00         0.00        26.27         56.42       871.38       176.64     1,048.02        27.27     1,020.75
7613          1.00         0.00         0.00         0.00         0.00         0.00         0.00         0.00         0.00         0.00         0.00        18.65         57.09       861.38       177.31     1,038.69        19.65     1,019.04
3326          1.00         0.00         0.00         0.00         0.00         0.00         0.00         0.00         0.00        43.72         0.00        35.32          0.00     1,458.82       240.54     1,699.36        80.04     1,619.32
3960          1.00         0.00         0.00         0.00         0.00       283.45         0.00         0.00         0.00        40.34         0.00        31.89          0.00     1,514.74       309.54     1,824.28       356.68     1,467.60
2233          0.00         0.00         0.00         0.00         0.00         0.00         0.00         0.00         0.00         0.00         0.00         0.00          0.00         0.00         0.00         0.00         0.00         0.00
7584          1.00         0.00         0.00         0.00         0.00         0.00         0.00         0.00         0.00         0.00         0.00        19.83         54.39       883.63       196.86     1,080.49        20.83     1,059.66
0449          1.00         0.00       300.00         0.00         0.00       389.82         0.00         0.00         0.00        33.01         0.00        37.29          0.00     1,360.44       236.19     1,596.63       761.12       835.51
6934          1.00         0.00         0.00         0.00         0.00         0.00         0.00         0.00         0.00       342.85         0.00        84.39          0.00     2,999.45       460.71     3,460.16       428.24     3,031.92
7137          1.00         0.00         0.00         0.00         0.00         0.00         0.00         0.00         0.00        54.36         0.00        34.75          0.00     1,556.62       238.83     1,795.45        90.11     1,705.34
6682          1.00         0.00         0.00         0.00         0.00         0.00       124.60         0.00         0.00         0.00         0.00        17.70         50.20       765.70       146.37       912.07       143.30       768.77
1269          1.00         0.00         0.00         0.00         0.00         0.00         0.00         0.00         0.00         0.00         0.00        20.36         54.96       894.76       208.55     1,103.31        21.36     1,081.95
6006          1.00         0.00         0.00         0.00         0.00         0.00         0.00         0.00         0.00         0.00         0.00        24.83         55.08       893.63       197.55     1,091.18        25.83     1,065.35
6918          1.00         0.00         0.00         0.00         0.00         0.00         0.00         0.00         0.00         0.00         0.00        18.65         52.05       871.38       172.27     1,043.65        19.65     1,024.00
1419          1.00         0.00         0.00         0.00         0.00       268.68         0.00         0.00         0.00        22.71         0.00        31.82          0.00     1,352.70       236.73     1,589.43       324.21     1,265.22
7545          1.00        48.00         0.00         0.00         0.00         0.00         0.00         0.00         0.00        17.59         0.00        35.84          0.00     1,305.66       189.70     1,495.36       102.43     1,392.93
7653          1.00         0.00         0.00         0.00         0.00         0.00         0.00         0.00         0.00         0.00         0.00        26.27          1.50     1,178.33       170.83     1,349.16        27.27     1,321.89
5905          1.00         0.00         0.00         0.00         0.00         0.00       146.75         0.00         0.00         0.00         0.00        33.38         39.88     1,185.11       198.41     1,383.52       181.13     1,202.39
7638          1.00         0.00         0.00         0.00         0.00         0.00         0.00         0.00         0.00         0.00         0.00        18.65         38.91       861.38       159.13     1,020.51        19.65     1,000.86
7462          1.00        48.00         0.00         0.00         0.00         0.00         0.00         0.00         0.00         0.00         0.00        24.99         28.31       893.63       170.78     1,064.41        73.99       990.42
3525          1.00         0.00         0.00         0.00         0.00         0.00         0.00         0.00         0.00         0.00         0.00        29.59         17.72     1,090.76       173.04     1,263.80        30.59     1,233.21
7626          1.00         0.00         0.00         0.00         0.00       219.33         0.00         0.00         0.00         0.00         0.00        18.65         38.27       871.38       202.99     1,074.37       238.98       835.39

















































EJECUTIVOS EN SERVICIOS DE ALIMENTOS, S.A. DE C.V.                                                                      Pagina: 0005
R.F.C.:                                                                                                                    5/NOV/19
REPORTE DE SUELDOS SEMANALES DEDUCCIONES


 
Codigo Desc Vales   Desc Zapatos Otras Deducc Desc Fonacot Pension Alim Desc Infonav Faltas       Inca Enferme Inca Riesgo  ISPT         Ajus ISPT    IMSS          Sub P/Empleo Tot Per Grav Tot Per Exce Total Percep Total Deducc Neto Pagado
..........................................................................................................................................................................................................................................
2451          1.00         0.00         0.00         0.00         0.00         0.00         0.00         0.00         0.00         0.00         0.00        23.76         53.86       878.07       190.76     1,068.83        24.76     1,044.07
6885          1.00         0.00         0.00         0.00         0.00         0.00         0.00         0.00         0.00         0.00         0.00        24.93         60.72       871.38       180.94     1,052.32        25.93     1,026.39
4775          1.00         0.00         0.00         0.00         0.00         0.00         0.00         0.00         0.00         0.00         0.00        26.18         28.20       927.01       204.04     1,131.05        27.18     1,103.87
7528          1.00        48.00         0.00         0.00         0.00         0.00         0.00         0.00         0.00         0.00         0.00        25.94         52.05       871.38       216.77     1,088.15        74.94     1,013.21
5671          1.00         0.00         0.00         0.00         0.00         0.00       204.03         0.00         0.00        51.29         0.00        42.41          0.00     1,732.47       237.10     1,969.57       298.73     1,670.84
4832          1.00         0.00         0.00         0.00         0.00         0.00       104.13         0.00         0.00         0.00         0.00        22.22         86.34       780.28       186.81       967.09       127.35       839.74
7637          1.00         0.00         0.00         0.00         0.00         0.00         0.00         0.00         0.00         0.00         0.00        18.65         19.03       928.13       206.00     1,134.13        19.65     1,114.48
6567          1.00         0.00         0.00         0.00         0.00         0.00         0.00         0.00         0.00         0.00         0.00        26.88         38.27       871.38       158.49     1,029.87        27.88     1,001.99
3321          1.00         0.00         0.00         0.00         0.00         0.00         0.00         0.00         0.00       186.49         0.00        50.70          0.00     2,155.34       395.87     2,551.21       238.19     2,313.02
2112          1.00         0.00         0.00         0.00         0.00         0.00         0.00         0.00         0.00         0.00         0.00        22.87         56.41       871.38       176.63     1,048.01        23.87     1,024.14
0624          1.00         0.00         0.00         0.00         0.00         0.00         0.00         0.00         0.00       161.97         0.00        62.81          0.00     2,009.04       377.63     2,386.67       225.78     2,160.89
6877          1.00         0.00         0.00       141.34         0.00         0.00         0.00         0.00         0.00         0.00         0.00        30.29         10.00     1,105.86       130.22     1,236.08       172.63     1,063.45
4385          1.00         0.00         0.00         0.00         0.00         0.00         0.00         0.00         0.00         0.00         0.00        37.24         24.12     1,178.33       193.45     1,371.78        38.24     1,333.54
7378          1.00         0.00         0.00         0.00         0.00         0.00         0.00         0.00         0.00         0.00         0.00        22.59         38.91       861.38       159.13     1,020.51        23.59       996.92
0366          1.00         0.00         0.00         0.00         0.00         0.00         0.00         0.00         0.00       343.09         0.00        84.32          0.00     3,000.58       462.49     3,463.07       428.41     3,034.66
6206          1.00         0.00         0.00         0.00         0.00         0.00         0.00         0.00         0.00         0.00         0.00        27.76         14.51     1,144.18       190.61     1,334.79        28.76     1,306.03
7618          1.00         0.00         0.00         0.00         0.00         0.00         0.00         0.00         0.00         0.00         0.00        18.65         57.09       861.38       177.31     1,038.69        19.65     1,019.04
 
*** GLO     184.00       144.00     1,000.00       457.42         0.00     7,845.53     2,658.55       208.26         0.00     6,320.54         0.00     5,400.69      6,093.32   214,645.33                255,226.11    24,218.99   231,007.12
  








































































