EJECUTIVOS EN SERVICIOS DE ALIMENTOS, S.A. DE C.V.                                                                      Pagina: 0001
R.F.C.:                                                                                                                    2/NOV/19
REPORTE DE SUELDOS SEMANALES DEDUCCIONES


 
Codigo Desc Vales   Desc Zapatos Otras Deducc Desc Fonacot Pension Alim Desc Infonav Faltas       Inca Enferme Inca Riesgo  ISPT         Ajus ISPT    IMSS          Sub P/Empleo Tot Per Grav Tot Per Exce Total Percep Total Deducc Neto Pagado
..........................................................................................................................................................................................................................................
8071          1.00         0.00         0.00         0.00         0.00         0.00         0.00         0.00         0.00         0.00         0.00        20.72         38.90       861.38       159.12     1,020.50        21.72       998.78
6600          1.00         0.00         0.00         0.00         0.00       246.12         0.00         0.00         0.00         0.00         0.00        21.66         31.22       981.40       235.53     1,216.93       268.78       948.15
7685          1.00         0.00         0.00         0.00         0.00         0.00         0.00         0.00         0.00         0.00         0.00        32.12         33.05       952.78       198.73     1,151.51        33.12     1,118.39
5933          1.00         0.00         0.00         0.00         0.00         0.00         0.00         0.00         0.00         0.00         0.00        26.88         21.61     1,030.03       187.29     1,217.32        27.88     1,189.44
7170          1.00         0.00         0.00         0.00         0.00         0.00         0.00         0.00         0.00         0.00         0.00        28.51          2.54     1,184.52       206.85     1,391.37        29.51     1,361.86
5201          0.00         0.00         0.00         0.00         0.00         0.00         0.00         0.00         0.00         0.00         0.00         0.00          0.00         0.00         0.00         0.00         0.00         0.00
3890          1.00         0.00         0.00         0.00         0.00         0.00         0.00         0.00         0.00       178.36         0.00        54.49          0.00     2,104.51       319.12     2,423.63       233.85     2,189.78
7834          1.00         0.00         0.00         0.00         0.00         0.00         0.00         0.00         0.00         0.00         0.00        28.98         29.13     1,014.04       172.17     1,186.21        29.98     1,156.23
8083          1.00         0.00         0.00         0.00         0.00         0.00         0.00         0.00         0.00        41.11         0.00        32.32          0.00     1,434.93       227.31     1,662.24        74.43     1,587.81
1123          1.00         0.00         0.00         0.00         0.00         0.00         0.00         0.00         0.00       205.29         0.00        35.40          0.00     2,272.84       338.80     2,611.64       241.69     2,369.95
8049          1.00         0.00         0.00         0.00         0.00         0.00         0.00         0.00         0.00         0.00         0.00        24.43         38.26       871.38       158.48     1,029.86        25.43     1,004.43
8100          1.00         0.00         0.00         0.00         0.00         0.00         0.00         0.00         0.00         0.00         0.00        19.65         38.90       861.38       159.12     1,020.50        20.65       999.85
8085          1.00         0.00         0.00         0.00         0.00         0.00       120.51         0.00         0.00         0.00         0.00        17.96         48.29       796.38       148.76       945.14       139.47       805.67
8066          1.00         0.00         0.00         0.00         0.00         0.00         0.00         0.00         0.00         0.00         0.00        20.08         38.26       871.38       158.48     1,029.86        21.08     1,008.78
7977          0.00         0.00         0.00         0.00         0.00         0.00         0.00         0.00         0.00         0.00         0.00        23.90          1.84     1,191.01        40.46     1,231.47        23.90     1,207.57
8027          1.00         0.00         0.00         0.00         0.00         0.00       120.51         0.00         0.00         0.00         0.00        22.65         29.33     1,054.95       258.55     1,313.50       144.16     1,169.34
8088          1.00         0.00         0.00         0.00         0.00         0.00       120.51         0.00         0.00         0.00         0.00        17.95         48.29       796.38       148.76       945.14       139.46       805.68
8112          1.00         0.00         0.00         0.00         0.00         0.00         0.00         0.00         0.00        17.19         0.00        15.98          0.00       811.72       153.11       964.83        34.17       930.66
7259          1.00         0.00         0.00         0.00         0.00         0.00         0.00         0.00         0.00         0.00         0.00        20.94         34.51       929.90       187.32     1,117.22        21.94     1,095.28
8073          1.00         0.00         0.00         0.00         0.00         0.00       361.53         0.00         0.00         0.00         0.00        13.71         42.16       766.23       102.44       868.67       376.24       492.43
7312          1.00         0.00         0.00         0.00         0.00         0.00         0.00         0.00         0.00         0.00         0.00        24.08         32.33       964.06       167.37     1,131.43        25.08     1,106.35
7338          1.00         0.00         0.00         0.00         0.00         0.00         0.00         0.00         0.00        15.28         0.00        23.98          0.00     1,284.42       258.91     1,543.33        40.26     1,503.07
5677          1.00         0.00         0.00         0.00         0.00         0.00         0.00         0.00         0.00        29.85         0.00        33.25          0.00     1,418.36       260.41     1,678.77        64.10     1,614.67
8078          1.00         0.00         0.00         0.00         0.00         0.00         0.00         0.00         0.00         0.00         0.00        24.53         21.47     1,032.16       141.69     1,173.85        25.53     1,148.32
8023          1.00         0.00         0.00         0.00         0.00         0.00       241.02         0.00         0.00         0.00         0.00        19.96         35.92     1,011.35       206.41     1,217.76       261.98       955.78
8042          1.00         0.00         0.00         0.00         0.00         0.00         0.00         0.00         0.00        17.72         0.00        28.20          0.00     1,306.85       120.22     1,427.07        46.92     1,380.15
7943          1.00         0.00         0.00         0.00         0.00         0.00         0.00         0.00         0.00         0.00         0.00        25.35         38.26       871.38       158.48     1,029.86        26.35     1,003.51
0849          1.00         0.00         0.00         0.00         0.00         0.00         0.00         0.00         0.00         0.00         0.00        28.02         11.07     1,089.04       154.11     1,243.15        29.02     1,214.13
8114          0.00         0.00         0.00         0.00         0.00         0.00         0.00         0.00         0.00         0.00         0.00         7.99         29.62       204.31        29.62       233.93         7.99       225.94
7536          1.00         0.00         0.00         0.00         0.00         0.00         0.00         0.00         0.00         0.00         0.00        28.33          7.54     1,138.65       237.60     1,376.25        29.33     1,346.92
5181          1.00         0.00         0.00         0.00         0.00         0.00         0.00         0.00         0.00         0.00         0.00        21.24         35.52       914.15       162.58     1,076.73        22.24     1,054.49
5429          1.00         0.00         0.00         0.00         0.00         0.00         0.00         0.00         0.00       313.34         0.00        77.10          0.00     2,861.35       403.61     3,264.96       391.44     2,873.52
7655          1.00         0.00         0.00         0.00         0.00         0.00         0.00         0.00         0.00         0.00         0.00        29.12         10.18     1,102.90       242.85     1,345.75        30.12     1,315.63
5558          1.00         0.00         0.00         0.00         0.00         0.00         0.00         0.00         0.00         0.00         0.00        24.38          3.27     1,177.85       262.18     1,440.03        25.38     1,414.65
7663          1.00         0.00         0.00         0.00         0.00         0.00         0.00         0.00         0.00         0.00         0.00        30.16          7.54     1,138.60       140.63     1,279.23        31.16     1,248.07
8093          1.00         0.00         0.00         0.00         0.00         0.00       120.51         0.00         0.00         0.00         0.00        22.66         30.39     1,035.66       227.42     1,263.08       144.17     1,118.91
7773          1.00         0.00         0.00         0.00         0.00         0.00         0.00         0.00         0.00         0.00         0.00        22.82         31.82       972.04       210.38     1,182.42        23.82     1,158.60
1424          1.00         0.00       300.00         0.00         0.00       466.38         0.00         0.00         0.00       288.31         0.00        75.24          0.00     2,740.06       479.68     3,219.74     1,130.93     2,088.81
5280          1.00         0.00         0.00       362.10         0.00       435.11         0.00         0.00         0.00       159.12         0.00        48.67          0.00     1,982.98       352.17     2,335.15     1,006.00     1,329.15
8020          1.00         0.00         0.00         0.00         0.00         0.00       144.20         0.00         0.00         0.00         0.00        17.74         48.78       811.05       170.70       981.75       162.94       818.81
8061          1.00         0.00         0.00         0.00         0.00         0.00         0.00         0.00         0.00         0.00         0.00        20.76         38.26       871.38       158.48     1,029.86        21.76     1,008.10
7994          1.00         0.00         0.00         0.00         0.00         0.00         0.00         0.00         0.00        29.17         0.00        24.24          0.00     1,412.13       236.09     1,648.22        54.41     1,593.81
6461          1.00         0.00       200.00         0.00         0.00         0.00         0.00         0.00         0.00         0.00         0.00        27.33          1.06     1,198.20       230.06     1,428.26       228.33     1,199.93

















































EJECUTIVOS EN SERVICIOS DE ALIMENTOS, S.A. DE C.V.                                                                      Pagina: 0002
R.F.C.:                                                                                                                    2/NOV/19
REPORTE DE SUELDOS SEMANALES DEDUCCIONES


 
Codigo Desc Vales   Desc Zapatos Otras Deducc Desc Fonacot Pension Alim Desc Infonav Faltas       Inca Enferme Inca Riesgo  ISPT         Ajus ISPT    IMSS          Sub P/Empleo Tot Per Grav Tot Per Exce Total Percep Total Deducc Neto Pagado
..........................................................................................................................................................................................................................................
6765          1.00         0.00         0.00         0.00         0.00         0.00         0.00         0.00         0.00       244.84         0.00        59.19          0.00     2,497.45       338.80     2,836.25       305.03     2,531.22
8017          1.00         0.00         0.00         0.00         0.00       164.23       288.40         0.00         0.00         0.00         0.00        17.77         49.19       769.22       121.32       890.54       471.40       419.14
7909          1.00         0.00         0.00         0.00         0.00         0.00         0.00         0.00         0.00         0.00         0.00        26.34         38.26       871.38       158.48     1,029.86        27.34     1,002.52
5000          1.00         0.00         0.00         0.00         0.00         0.00         0.00         0.00         0.00         0.00         0.00        36.34          2.15     1,188.13       173.05     1,361.18        37.34     1,323.84
8113          1.00         0.00         0.00         0.00         0.00         0.00         0.00         0.00         0.00         0.00         0.00        11.99          9.22       442.08        45.27       487.35        12.99       474.36
5644          1.00         0.00       200.00         0.00         0.00       337.88         0.00         0.00         0.00        12.40         0.00        32.02          0.00     1,257.98       348.57     1,606.55       583.30     1,023.25
6638          1.00         0.00         0.00         0.00         0.00         0.00         0.00         0.00         0.00         0.00         0.00        23.80         36.16       904.15       163.22     1,067.37        24.80     1,042.57
7800          1.00         0.00         0.00         0.00         0.00         0.00         0.00         0.00         0.00         0.00         0.00        23.88         31.32       979.89       151.54     1,131.43        24.88     1,106.55
8111          1.00         0.00         0.00         0.00         0.00         0.00         0.00         0.00         0.00         0.00         0.00        10.66         28.95       436.76        89.23       525.99        11.66       514.33
6690          1.00         0.00         0.00         0.00         0.00         0.00         0.00         0.00         0.00         0.00         0.00        21.90         28.75     1,020.02       233.06     1,253.08        22.90     1,230.18
7168          1.00         0.00         0.00         0.00         0.00         0.00         0.00         0.00         0.00         0.00         0.00        27.65         21.61     1,030.03       187.29     1,217.32        28.65     1,188.67
8081          1.00         0.00         0.00         0.00         0.00         0.00         0.00         0.00         0.00        12.03         0.00        28.59          0.00     1,254.60       236.09     1,490.69        41.62     1,449.07
7991          0.00         0.00         0.00         0.00         0.00         0.00         0.00         0.00         0.00         0.00         0.00         0.00          0.00         0.00         0.00         0.00         0.00         0.00
8063          1.00         0.00         0.00         0.00         0.00         0.00         0.00         0.00         0.00         0.00         0.00        19.83         38.08       874.26       171.17     1,045.43        20.83     1,024.60
8115          1.00         0.00         0.00         0.00         0.00         0.00         0.00         0.00         0.00        15.59         0.00        18.65          0.00     1,287.26       210.34     1,497.60        35.24     1,462.36
4314          1.00         0.00         0.00         0.00         0.00         0.00         0.00         0.00         0.00       175.64         0.00        52.10          0.00     2,087.50       378.30     2,465.80       228.74     2,237.06
7848          1.00         0.00         0.00         0.00         0.00         0.00         0.00         0.00         0.00         0.00         0.00        19.82         36.43       900.01       195.27     1,095.28        20.82     1,074.46
7632          1.00         0.00         0.00         0.00         0.00         0.00         0.00         0.00         0.00         0.00         0.00        23.22         31.81       972.09       216.80     1,188.89        24.22     1,164.67
7873          1.00         0.00         0.00         0.00         0.00         0.00       120.51         0.00         0.00         0.00         0.00        23.20         48.29       796.38       148.76       945.14       144.71       800.43
8068          1.00         0.00         0.00         0.00         0.00         0.00         0.00         0.00         0.00       149.69         0.00        39.44          0.00     1,896.28       494.55     2,390.83       190.13     2,200.70
8086          1.00         0.00         0.00         0.00         0.00         0.00         0.00         0.00         0.00         0.00         0.00        20.05         33.32       948.63       192.16     1,140.79        21.05     1,119.74
8106          1.00         0.00         0.00         0.00         0.00         0.00         0.00         0.00         0.00         0.00         0.00        22.04         38.26       871.38       209.98     1,081.36        23.04     1,058.32
7847          1.00         0.00         0.00         0.00         0.00         0.00       144.20         0.00         0.00         0.00         0.00        17.74         50.19       785.30       146.36       931.66       162.94       768.72
8082          1.00         0.00         0.00         0.00         0.00         0.00       120.51         0.00         0.00         0.00         0.00        19.21         48.29       796.38       200.26       996.64       140.72       855.92
7633          1.00         0.00         0.00         0.00         0.00         0.00         0.00         0.00         0.00         0.00         0.00        26.36         36.16       904.15       163.22     1,067.37        27.36     1,040.01
8095          1.00         0.00         0.00         0.00         0.00         0.00         0.00         0.00         0.00         0.00         0.00        20.57         35.37       916.44       200.65     1,117.09        21.57     1,095.52
7984          1.00         0.00         0.00         0.00         0.00         0.00         0.00         0.00         0.00        15.21         0.00        29.16          0.00     1,283.83       227.31     1,511.14        45.37     1,465.77
7914          1.00         0.00         0.00         0.00         0.00         0.00         0.00         0.00         0.00         0.00         0.00        20.89         38.26       871.38       158.48     1,029.86        21.89     1,007.97
2897          1.00         0.00         0.00         0.00         0.00         0.00         0.00         0.00         0.00         0.00         0.00        24.21         35.52       914.15       162.58     1,076.73        25.21     1,051.52
5630          1.00         0.00         0.00         0.00         0.00         0.00         0.00         0.00         0.00         0.00         0.00        20.98         36.43       900.01       195.27     1,095.28        21.98     1,073.30
8007          1.00         0.00         0.00         0.00         0.00         0.00         0.00         0.00         0.00         0.00         0.00        28.02          3.22     1,178.33       172.55     1,350.88        29.02     1,321.86
8048          1.00         0.00         0.00         0.00         0.00         0.00         0.00         0.00         0.00       332.63         0.00        47.64          0.00     2,951.63       440.80     3,392.43       381.27     3,011.16
8052          1.00         0.00         0.00         0.00         0.00         0.00         0.00         0.00         0.00        61.98         0.00        38.40          0.00     1,626.75       258.43     1,885.18       101.38     1,783.80
8105          1.00         0.00         0.00         0.00         0.00         0.00         0.00         0.00         0.00         0.00         0.00        23.06         21.47     1,032.16       141.69     1,173.85        24.06     1,149.79
7614          1.00         0.00         0.00         0.00         0.00         0.00         0.00         0.00         0.00       174.96         0.00        37.40          0.00     2,083.23       330.80     2,414.03       213.36     2,200.67
3318          1.00         0.00       500.00         0.00         0.00       510.55         0.00         0.00         0.00       239.16         0.00        62.79          0.00     2,465.76       368.07     2,833.83     1,313.50     1,520.33
7804          1.00         0.00         0.00         0.00         0.00         0.00         0.00         0.00         0.00        59.04         0.00        37.85          0.00     1,599.68       268.16     1,867.84        97.89     1,769.95
6083          1.00         0.00         0.00         0.00         0.00         0.00         0.00         0.00         0.00         0.00         0.00        23.21         32.33       964.06       218.87     1,182.93        24.21     1,158.72
6766          1.00         0.00         0.00         0.00         0.00         0.00         0.00         0.00         0.00       208.38         0.00        34.08          0.00     2,292.13       301.63     2,593.76       243.46     2,350.30
8084          1.00         0.00         0.00         0.00         0.00         0.00         0.00         0.00         0.00        26.74         0.00        23.64          0.00     1,389.79       236.09     1,625.88        51.38     1,574.50
4137          1.00         0.00         0.00         0.00         0.00         0.00         0.00         0.00         0.00       431.76         0.00        90.71          0.00     3,415.75       763.11     4,178.86       523.47     3,655.39
8009          1.00         0.00         0.00         0.00         0.00         0.00         0.00         0.00         0.00         0.00         0.00        24.48          2.31     1,186.66       277.03     1,463.69        25.48     1,438.21
7542          1.00         0.00         0.00         0.00         0.00         0.00         0.00         0.00         0.00         0.00         0.00        28.48          6.75     1,145.90       172.43     1,318.33        29.48     1,288.85

















































EJECUTIVOS EN SERVICIOS DE ALIMENTOS, S.A. DE C.V.                                                                      Pagina: 0003
R.F.C.:                                                                                                                    2/NOV/19
REPORTE DE SUELDOS SEMANALES DEDUCCIONES


 
Codigo Desc Vales   Desc Zapatos Otras Deducc Desc Fonacot Pension Alim Desc Infonav Faltas       Inca Enferme Inca Riesgo  ISPT         Ajus ISPT    IMSS          Sub P/Empleo Tot Per Grav Tot Per Exce Total Percep Total Deducc Neto Pagado
..........................................................................................................................................................................................................................................
3780          1.00         0.00         0.00         0.00         0.00         0.00         0.00         0.00         0.00       129.80         0.00        40.02          0.00     1,713.45       345.91     2,059.36       170.82     1,888.54
8080          0.00         0.00         0.00         0.00         0.00         0.00       361.53         0.00         0.00         0.00         0.00        18.42         36.80       912.12        36.80       948.92       379.95       568.97
6205          1.00         0.00         0.00         0.00         0.00         0.00         0.00         0.00         0.00         0.00         0.00        22.62         32.33       964.06       167.37     1,131.43        23.62     1,107.81
5027          1.00         0.00         0.00         0.00         0.00         0.00         0.00         0.00         0.00        16.36         0.00        34.14          0.00     1,294.42       207.41     1,501.83        51.50     1,450.33
7818          1.00         0.00         0.00         0.00         0.00         0.00         0.00         0.00         0.00         0.00         0.00        23.38          5.37     1,158.54       302.91     1,461.45        24.38     1,437.07
7221          1.00         0.00         0.00         0.00         0.00         0.00       144.20       432.60         0.00         0.00         0.00        10.72         38.32       737.07        62.36       799.43       588.52       210.91
7815          1.00         0.00         0.00         0.00         0.00         0.00         0.00         0.00         0.00        16.63         0.00        33.30          0.00     1,296.85       120.22     1,417.07        50.93     1,366.14
6839          1.00         0.00         0.00         0.00         0.00         0.00         0.00         0.00         0.00         0.00         0.00        27.57          9.54     1,112.90       213.85     1,326.75        28.57     1,298.18
5646          1.00         0.00         0.00         0.00         0.00         0.00         0.00         0.00         0.00         0.00         0.00        26.52         35.52       914.15       276.03     1,190.18        27.52     1,162.66
8011          1.00         0.00         0.00         0.00         0.00         0.00         0.00         0.00         0.00       150.67         0.00        31.44          0.00     1,905.29       321.38     2,226.67       183.11     2,043.56
7708          1.00         0.00         0.00         0.00         0.00         0.00         0.00         0.00         0.00         0.00         0.00        23.13         35.52       914.15       162.58     1,076.73        24.13     1,052.60
8109          0.00         0.00         0.00         0.00         0.00         0.00       361.53         0.00         0.00         0.00         0.00         7.43         23.76       545.74        23.76       569.50       368.96       200.54
7869          1.00         0.00         0.00         0.00         0.00         0.00         0.00         0.00         0.00         0.00         0.00        22.37         32.33       964.06       167.37     1,131.43        23.37     1,108.06
7973          1.00         0.00         0.00         0.00         0.00       176.72         0.00         0.00         0.00         0.00         0.00        22.59         38.90       861.38       159.12     1,020.50       200.31       820.19
8043          1.00         0.00         0.00         0.00         0.00         0.00         0.00         0.00         0.00         0.00         0.00        24.33         20.83     1,042.16       141.05     1,183.21        25.33     1,157.88
8012          1.00         0.00         0.00         0.00         0.00         0.00         0.00         0.00         0.00         0.00         0.00        30.48          3.32     1,177.35       239.41     1,416.76        31.48     1,385.28
5679          1.00         0.00         0.00         0.00         0.00         0.00         0.00         0.00         0.00        41.02         0.00        32.42          0.00     1,434.03       276.09     1,710.12        74.44     1,635.68
7530          1.00         0.00         0.00         0.00         0.00         0.00         0.00         0.00         0.00         0.00         0.00        29.94         31.40       978.53       222.83     1,201.36        30.94     1,170.42
8077          1.00         0.00         0.00         0.00         0.00         0.00         0.00         0.00         0.00         0.00         0.00        23.51         34.14       935.76       218.73     1,154.49        24.51     1,129.98
8076          1.00         0.00         0.00         0.00         0.00         0.00         0.00         0.00         0.00        13.51         0.00        30.32          0.00     1,268.15       211.63     1,479.78        44.83     1,434.95
6028          1.00         0.00         0.00         0.00         0.00       407.29         0.00         0.00         0.00        72.41         0.00        33.51          0.00     1,646.58       332.36     1,978.94       514.21     1,464.73
6565          0.00         0.00         0.00         0.00         0.00         0.00         0.00         0.00         0.00         0.00         0.00         0.00          0.00         0.00         0.00         0.00         0.00         0.00
3676          1.00         0.00         0.00         0.00         0.00         0.00         0.00         0.00         0.00       135.84         0.00        38.39          0.00     1,768.96       338.80     2,107.76       175.23     1,932.53
3221          1.00         0.00         0.00         0.00         0.00         0.00         0.00         0.00         0.00        62.53         0.00        32.50          0.00     1,631.79       311.82     1,943.61        96.03     1,847.58
7779          0.00         0.00         0.00         0.00         0.00         0.00         0.00         0.00         0.00         0.00         0.00         0.00          0.00         0.00         0.00         0.00         0.00         0.00
7942          1.00         0.00         0.00         0.00         0.00         0.00         0.00         0.00         0.00         0.00         0.00        23.67         20.65     1,045.04       153.74     1,198.78        24.67     1,174.11
7845          1.00         0.00         0.00         0.00         0.00         0.00         0.00         0.00         0.00        13.37         0.00        37.12          0.00     1,266.92       155.91     1,422.83        51.49     1,371.34
4773          1.00         0.00         0.00         0.00         0.00         0.00         0.00         0.00         0.00         0.00         0.00         7.99         19.02       348.26       110.70       458.96         8.99       449.97
7996          1.00         0.00         0.00         0.00         0.00         0.00         0.00         0.00         0.00         0.00         0.00        22.82         20.83     1,042.16       192.55     1,234.71        23.82     1,210.89
2522          1.00         0.00         0.00         0.00         0.00         0.00         0.00         0.00         0.00        26.03         0.00        26.85          0.00     1,383.28       242.93     1,626.21        53.88     1,572.33
7080          1.00         0.00         0.00         0.00         0.00         0.00         0.00         0.00         0.00        24.04         0.00        34.72          0.00     1,364.95       261.90     1,626.85        59.76     1,567.09
5965          1.00         0.00         0.00         0.00         0.00         0.00         0.00         0.00         0.00        72.48         0.00        28.07          0.00     1,647.20       308.62     1,955.82       101.55     1,854.27
5447          1.00         0.00         0.00         0.00         0.00         0.00         0.00         0.00         0.00         0.00         0.00        26.17          3.97     1,171.42       314.38     1,485.80        27.17     1,458.63
6685          1.00         0.00         0.00         0.00         0.00         0.00         0.00         0.00         0.00         0.00         0.00        29.99          6.75     1,145.90       249.68     1,395.58        30.99     1,364.59
8056          1.00         0.00         0.00         0.00         0.00         0.00         0.00         0.00         0.00       282.01         0.00        37.22          0.00     2,704.91       321.38     3,026.29       320.23     2,706.06
5549          1.00         0.00         0.00         0.00         0.00         0.00         0.00         0.00         0.00         0.00         0.00        31.56         20.42     1,048.53       211.85     1,260.38        32.56     1,227.82
0854          1.00         0.00         0.00         0.00         0.00       332.71         0.00         0.00         0.00       137.90         0.00        42.13          0.00     1,787.91       358.51     2,146.42       513.74     1,632.68
7295          1.00        56.00       100.00         0.00         0.00         0.00         0.00         0.00         0.00         0.00         0.00        28.10         30.58       991.40       196.26     1,187.66       185.10     1,002.56
4807          1.00         0.00         0.00         0.00         0.00         0.00         0.00         0.00         0.00       510.35         0.00       110.77          0.00     3,783.66       586.18     4,369.84       622.12     3,747.72
8018          1.00         0.00         0.00         0.00         0.00         0.00         0.00         0.00         0.00        14.25         0.00        28.90          0.00     1,274.96       315.77     1,590.73        44.15     1,546.58
3169          1.00         0.00         0.00         0.00         0.00         0.00         0.00         0.00         0.00         0.00         0.00        27.15         35.52       914.15       162.58     1,076.73        28.15     1,048.58
4514          1.00         0.00         0.00         0.00         0.00       352.61         0.00         0.00         0.00        23.03         0.00        33.33          0.00     1,355.64       197.70     1,553.34       409.97     1,143.37
7814          1.00         0.00         0.00         0.00         0.00         0.00         0.00         0.00         0.00         0.00         0.00        23.38         29.77     1,004.04       172.81     1,176.85        24.38     1,152.47

















































EJECUTIVOS EN SERVICIOS DE ALIMENTOS, S.A. DE C.V.                                                                      Pagina: 0004
R.F.C.:                                                                                                                    2/NOV/19
REPORTE DE SUELDOS SEMANALES DEDUCCIONES


 
Codigo Desc Vales   Desc Zapatos Otras Deducc Desc Fonacot Pension Alim Desc Infonav Faltas       Inca Enferme Inca Riesgo  ISPT         Ajus ISPT    IMSS          Sub P/Empleo Tot Per Grav Tot Per Exce Total Percep Total Deducc Neto Pagado
..........................................................................................................................................................................................................................................
7754          1.00         0.00         0.00         0.00         0.00         0.00         0.00         0.00         0.00         0.00         0.00        20.39         38.26       871.38       158.48     1,029.86        21.39     1,008.47
6014          1.00         0.00         0.00         0.00         0.00         0.00         0.00         0.00         0.00        42.72         0.00        32.26          0.00     1,449.71       291.77     1,741.48        75.98     1,665.50
7775          1.00         0.00         0.00         0.00         0.00         0.00         0.00         0.00         0.00         0.00         0.00        19.82         37.25       887.13       183.22     1,070.35        20.82     1,049.53
8110          0.00         0.00         0.00         0.00         0.00         0.00       241.02         0.00         0.00         0.00         0.00         6.73         23.50       396.69        23.50       420.19       247.75       172.44
3827          1.00         0.00         0.00         0.00         0.00         0.00         0.00         0.00         0.00         0.00         0.00        29.73         20.88     1,041.31       233.17     1,274.48        30.73     1,243.75
8103          1.00         0.00         0.00         0.00         0.00         0.00         0.00         0.00         0.00         0.00         0.00        20.08         38.26       871.38       158.48     1,029.86        21.08     1,008.78
8054          1.00         0.00         0.00         0.00         0.00         0.00         0.00         0.00       576.80         0.00         0.00         7.99         38.32       737.07        62.36       799.43       585.79       213.64
5412          1.00         0.00         0.00         0.00         0.00         0.00         0.00         0.00         0.00        11.73         0.00        27.95          0.00     1,251.78       242.93     1,494.71        40.68     1,454.03
7995          0.00         0.00         0.00         0.00         0.00         0.00         0.00         0.00         0.00         0.00         0.00         0.00          0.00         0.00         0.00         0.00         0.00         0.00
7395          1.00         0.00         0.00         0.00         0.00         0.00         0.00         0.00         0.00         0.00         0.00        25.67         18.18     1,083.58       153.22     1,236.80        26.67     1,210.13
0214          1.00         0.00         0.00         0.00         0.00         0.00         0.00         0.00         0.00       510.35         0.00       111.42          0.00     3,783.66       978.71     4,762.37       622.77     4,139.60
7849          1.00         0.00         0.00         0.00         0.00         0.00       144.20         0.00         0.00         0.00         0.00        24.71         42.36       928.02       138.53     1,066.55       169.91       896.64
5232          1.00         0.00         0.00         0.00         0.00         0.00         0.00         0.00         0.00        47.98         0.00        38.75          0.00     1,498.02       283.19     1,781.21        87.73     1,693.48
8019          1.00         0.00         0.00         0.00         0.00         0.00         0.00         0.00         0.00         0.00         0.00        23.86          2.31     1,186.66       277.03     1,463.69        24.86     1,438.83
4958          1.00         0.00         0.00         0.00         0.00         0.00         0.00         0.00         0.00         0.00         0.00        27.54         35.52       914.15       162.58     1,076.73        28.54     1,048.19
3979          1.00         0.00         0.00         0.00         0.00         0.00         0.00         0.00         0.00       420.97         0.00       100.43          0.00     3,365.20       519.23     3,884.43       522.40     3,362.03
0442          1.00         0.00         0.00         0.00         0.00         0.00         0.00         0.00         0.00        43.67         0.00        39.92          0.00     1,458.39       283.80     1,742.19        84.59     1,657.60
7330          0.00         0.00         0.00         0.00         0.00         0.00         0.00         0.00         0.00         0.00         0.00         0.00          0.00         0.00         0.00         0.00         0.00         0.00
8101          1.00         0.00         0.00         0.00         0.00         0.00         0.00         0.00         0.00         0.00         0.00        20.08         38.26       871.38       158.48     1,029.86        21.08     1,008.78
7846          1.00         0.00         0.00         0.00         0.00         0.00         0.00         0.00         0.00        19.48         0.00        28.90          0.00     1,323.04       220.29     1,543.33        49.38     1,493.95
8091          1.00         0.00         0.00         0.00         0.00         0.00         0.00         0.00         0.00         0.00         0.00        23.55          9.77     1,109.41       168.61     1,278.02        24.55     1,253.47
7298          1.00         0.00         0.00         0.00         0.00         0.00         0.00         0.00         0.00        45.99         0.00        36.02          0.00     1,479.76       219.16     1,698.92        83.01     1,615.91
8108          1.00         0.00         0.00         0.00         0.00         0.00       120.51         0.00         0.00         0.00         0.00        11.36         36.11       527.27        96.39       623.66       132.87       490.79
7963          1.00         0.00         0.00         0.00         0.00         0.00         0.00         0.00         0.00         0.00         0.00        25.35         10.17     1,103.13       246.26     1,349.39        26.35     1,323.04
5396          1.00         0.00       200.00         0.00         0.00         0.00         0.00         0.00         0.00         0.00         0.00        26.89         35.52       914.15       332.75     1,246.90       227.89     1,019.01
7989          1.00         0.00         0.00         0.00         0.00         0.00         0.00         0.00         0.00         0.00         0.00        22.48         38.90       861.38       159.12     1,020.50        23.48       997.02
7588          1.00         0.00         0.00         0.00         0.00         0.00         0.00         0.00         0.00         0.00         0.00        21.47         35.52       914.15       162.58     1,076.73        22.47     1,054.26
6203          1.00         0.00         0.00         0.00         0.00         0.00         0.00         0.00         0.00        18.41         0.00        29.51          0.00     1,313.23       186.54     1,499.77        48.92     1,450.85
8060          1.00         0.00         0.00         0.00         0.00         0.00         0.00         0.00         0.00         0.00         0.00        19.77         38.90       861.38       159.12     1,020.50        20.77       999.73
7226          1.00         0.00         0.00         0.00         0.00         0.00         0.00         0.00         0.00         0.00         0.00        26.31         29.13     1,014.04       172.17     1,186.21        27.31     1,158.90
7885          1.00         0.00         0.00         0.00         0.00         0.00         0.00         0.00         0.00         0.00         0.00        25.35         38.26       871.38       158.48     1,029.86        26.35     1,003.51
3326          1.00         0.00         0.00         0.00         0.00       352.72         0.00         0.00         0.00        53.10         0.00        40.16          0.00     1,545.06       267.51     1,812.57       446.98     1,365.59
0449          1.00         0.00         0.00         0.00         0.00       447.60         0.00         0.00         0.00        30.02         0.00        34.90          0.00     1,419.92       258.91     1,678.83       513.52     1,165.31
6934          1.00         0.00         0.00         0.00         0.00         0.00         0.00         0.00         0.00       342.84         0.00        85.21          0.00     2,999.45       460.71     3,460.16       429.05     3,031.11
7137          1.00         0.00         0.00         0.00         0.00         0.00         0.00         0.00         0.00       164.64         0.00        39.50          0.00     2,018.74       403.00     2,421.74       205.14     2,216.60
6682          1.00         0.00         0.00         0.00         0.00         0.00       288.40         0.00         0.00         0.00         0.00        16.08         49.19       769.22       121.32       890.54       305.48       585.06
1269          1.00         0.00         0.00         0.00         0.00         0.00         0.00         0.00         0.00         0.00         0.00        27.21          7.84     1,135.90       279.13     1,415.03        28.21     1,386.82
7890          1.00         0.00         0.00         0.00         0.00         0.00         0.00         0.00         0.00        16.93         0.00        26.78          0.00     1,299.66       274.72     1,574.38        44.71     1,529.67
8031          1.00         0.00         0.00         0.00         0.00         0.00       120.51         0.00         0.00         0.00         0.00        20.33         48.29       796.38       148.76       945.14       141.84       803.30
1419          1.00         0.00         0.00         0.00         0.00       399.23         0.00         0.00         0.00        76.04         0.00        37.79          0.00     1,679.87       286.36     1,966.23       514.06     1,452.17
8067          1.00         0.00         0.00         0.00         0.00         0.00         0.00         0.00         0.00         0.00         0.00        20.08         34.96       922.88       206.68     1,129.56        21.08     1,108.48
3525          1.00         0.00         0.00         0.00         0.00         0.00         0.00         0.00         0.00         0.00         0.00        29.95          6.91     1,144.45       170.82     1,315.27        30.95     1,284.32
8036          1.00         0.00         0.00         0.00         0.00         0.00         0.00         0.00         0.00         0.00         0.00        22.32         38.26       871.38       209.98     1,081.36        23.32     1,058.04

















































EJECUTIVOS EN SERVICIOS DE ALIMENTOS, S.A. DE C.V.                                                                      Pagina: 0005
R.F.C.:                                                                                                                    2/NOV/19
REPORTE DE SUELDOS SEMANALES DEDUCCIONES


 
Codigo Desc Vales   Desc Zapatos Otras Deducc Desc Fonacot Pension Alim Desc Infonav Faltas       Inca Enferme Inca Riesgo  ISPT         Ajus ISPT    IMSS          Sub P/Empleo Tot Per Grav Tot Per Exce Total Percep Total Deducc Neto Pagado
..........................................................................................................................................................................................................................................
6885          1.00         0.00         0.00         0.00         0.00         0.00         0.00         0.00         0.00         0.00         0.00        25.15         35.52       914.15       162.58     1,076.73        26.15     1,050.58
7907          1.00         0.00         0.00         0.00         0.00         0.00         0.00         0.00         0.00       131.21         0.00        41.75          0.00     1,726.43       257.02     1,983.45       173.96     1,809.49
8107          1.00         0.00         0.00         0.00         0.00         0.00         0.00         0.00         0.00         0.00         0.00        13.32         29.89       582.35       110.26       692.61        14.32       678.29
4775          1.00         0.00         0.00         0.00         0.00         0.00         0.00         0.00         0.00         0.00         0.00        29.20         21.89     1,025.65       148.95     1,174.60        30.20     1,144.40
8069          1.00         0.00         0.00         0.00         0.00         0.00         0.00         0.00         0.00       251.82         0.00        46.31          0.00     2,536.44       476.80     3,013.24       299.13     2,714.11
4832          1.00         0.00         0.00         0.00         0.00         0.00         0.00         0.00         0.00        43.29         0.00        33.04          0.00     1,454.90       242.93     1,697.83        77.33     1,620.50
3321          1.00         0.00         0.00         0.00         0.00         0.00       215.47         0.00         0.00       163.12         0.00        52.25          0.00     2,224.71       530.04     2,754.75       431.84     2,322.91
0624          1.00         0.00         0.00         0.00         0.00         0.00         0.00         0.00         0.00       188.39         0.00        49.49          0.00     2,167.18       535.77     2,702.95       238.88     2,464.07
4385          1.00         0.00         0.00         0.00         0.00         0.00         0.00         0.00         0.00        48.73         0.00        35.82          0.00     1,504.95       199.19     1,704.14        85.55     1,618.59
8099          1.00         0.00         0.00         0.00         0.00         0.00         0.00         0.00         0.00         0.00         0.00        23.32         21.47     1,032.16       141.69     1,173.85        24.32     1,149.53
0366          1.00         0.00         0.00         0.00         0.00         0.00         0.00         0.00         0.00       343.08         0.00        88.96          0.00     3,000.58       462.49     3,463.07       433.04     3,030.03
8072          0.00         0.00         0.00         0.00         0.00         0.00         0.00         0.00         0.00         0.00         0.00        24.53         74.82       388.44        74.82       463.26        24.53       438.73
6206          1.00         0.00         0.00         0.00         0.00         0.00         0.00         0.00         0.00       384.06         0.00        42.51          0.00     3,192.40       308.62     3,501.02       427.57     3,073.45
7618          1.00         0.00         0.00         0.00         0.00         0.00         0.00         0.00         0.00         0.00         0.00        27.69         31.40       978.53       222.83     1,201.36        28.69     1,172.67
 
*** GLO     174.00        56.00     1,500.00       362.10         0.00     4,629.15     3,899.78       432.60       576.80     8,595.59         0.00     5,427.77      3,248.83   229,992.45                271,356.82    25,653.79   245,703.03
  











































































