EJECUTIVOS EN SERVICIOS DE ALIMENTOS, S.A. DE C.V.                                                                      Pagina: 0001
R.F.C.:                                                                                                                    2/NOV/19
REPORTE DE SUELDOS SEMANALES DEDUCCIONES


 
Codigo Desc Vales   Desc Zapatos Otras Deducc Desc Fonacot Pension Alim Desc Infonav Faltas       Inca Enferme Inca Riesgo  ISPT         Ajus ISPT    IMSS          Sub P/Empleo Tot Per Grav Tot Per Exce Total Percep Total Deducc Neto Pagado
..........................................................................................................................................................................................................................................
7879          1.00         0.00         0.00         0.00         0.00         0.00         0.00         0.00         0.00         0.00         0.00        20.08         31.66       974.38       254.88     1,229.26        21.08     1,208.18
6600          1.00         0.00         0.00         0.00         0.00         0.00       144.20         0.00         0.00         0.00         0.00        24.05         44.20       819.52       145.85       965.37       169.25       796.12
7685          1.00         0.00         0.00         0.00         0.00         0.00         0.00         0.00         0.00         0.00         0.00        32.30         35.53       914.15       162.59     1,076.74        33.30     1,043.44
7331          1.00         0.00         0.00         0.00         0.00         0.00         0.00         0.00         0.00         0.00         0.00        27.09         24.77     1,087.42       190.05     1,277.47        28.09     1,249.38
5933          1.00         0.00         0.00         0.00         0.00         0.00         0.00         0.00         0.00         0.00         0.00        33.56         28.93     1,017.15       258.99     1,276.14        34.56     1,241.58
7170          1.00         0.00         0.00         0.00         0.00         0.00         0.00         0.00         0.00         5.39         0.00        33.61          0.00     1,248.90       268.68     1,517.58        40.00     1,477.58
5201          1.00         0.00         0.00         0.00         0.00       335.50         0.00         0.00         0.00        61.63         0.00        37.61          0.00     1,623.45       345.91     1,969.36       435.74     1,533.62
3890          1.00         0.00         0.00         0.00         0.00         0.00         0.00         0.00         0.00       178.37         0.00        54.41          0.00     2,104.51       319.12     2,423.63       233.78     2,189.85
7834          1.00         0.00         0.00         0.00         0.00         0.00         0.00         0.00         0.00         0.00         0.00        30.12         41.16     1,014.04       184.20     1,198.24        31.12     1,167.12
3652          1.00         0.00         0.00         0.00         0.00       456.67         0.00         0.00         0.00       176.02         0.00        57.41          0.00     2,089.85       521.41     2,611.26       691.10     1,920.16
1123          1.00         0.00         0.00         0.00         0.00         0.00         0.00         0.00         0.00        36.68         0.00        37.64          0.00     1,481.07       323.13     1,804.20        75.32     1,728.88
7593          1.00         0.00         0.00         0.00         0.00         0.00         0.00         0.00         0.00         0.00         0.00        30.46         11.28     1,085.13       189.84     1,274.97        31.46     1,243.51
7865          1.00         0.00         0.00         0.00         0.00         0.00       120.51         0.00         0.00         0.00         0.00        18.74         56.86       835.01       195.95     1,030.96       140.25       890.71
7259          1.00         0.00         0.00         0.00         0.00         0.00         0.00         0.00         0.00         0.00         0.00        26.90         19.91     1,007.15       249.97     1,257.12        27.90     1,229.22
7312          1.00         0.00         0.00         0.00         0.00         0.00         0.00         0.00         0.00         0.00         0.00        23.77         25.74     1,067.06       263.78     1,330.84        24.77     1,306.07
7338          1.00         0.00         0.00         0.00         0.00         0.00         0.00         0.00         0.00         0.00         0.00        29.47          3.03     1,117.04       249.07     1,366.11        30.47     1,335.64
5677          1.00         0.00         0.00         0.00         0.00         0.00         0.00         0.00         0.00       282.69         0.00        34.77          0.00     2,045.50       464.23     2,509.73       318.46     2,191.27
7737          1.00         0.00        10.00         0.00         0.00         0.00         0.00         0.00         0.00         0.00         0.00        22.01         18.70       972.04       145.76     1,117.80        33.01     1,084.79
6210          1.00         0.00       200.00         0.00         0.00         0.00         0.00         0.00         0.00         0.00         0.00        28.01         43.19       933.46       217.92     1,151.38       229.01       922.37
6213          0.00         0.00         0.00         0.00         0.00         0.00       432.60         0.00         0.00         0.00         0.00        22.44         56.42       970.42       159.42     1,129.84       455.04       674.80
7896          1.00         0.00         0.00         0.00         0.00         0.00         0.00         0.00         0.00        19.96         0.00        20.08          0.00     1,476.51       339.09     1,815.60        41.04     1,774.56
7812          1.00         0.00         0.00         0.00         0.00         0.00         0.00         0.00         0.00         0.00         0.00        10.66          0.00       436.76        60.28       497.04        11.66       485.38
0849          1.00         0.00         0.00         0.00         0.00         0.00         0.00         0.00         0.00         0.00         0.00        35.49         11.08     1,089.04       154.12     1,243.16        36.49     1,206.67
7536          1.00         0.00         0.00         0.00         0.00         0.00       144.20         0.00         0.00         0.00         0.00        22.25         40.79       896.77       219.69     1,116.46       167.45       949.01
7430          1.00         0.00         0.00         0.00         0.00         0.00         0.00         0.00         0.00       231.62         0.00        56.73          0.00     2,423.67       719.70     3,143.37       289.35     2,854.02
5181          1.00         0.00         0.00         0.00         0.00         0.00         0.00         0.00         0.00         0.00         0.00        27.20         22.43     1,017.15       252.49     1,269.64        28.20     1,241.44
7655          1.00         0.00         0.00         0.00         0.00         0.00         0.00         0.00         0.00         0.00         0.00        21.02         33.70       942.78       199.38     1,142.16        22.02     1,120.14
7919          0.00         0.00         0.00         0.00         0.00         0.00         0.00         0.00         0.00         0.00         0.00         0.00          0.00         0.00         0.00         0.00         0.00         0.00
7057          1.00         0.00         0.00         0.00         0.00         0.00         0.00         0.00         0.00         9.37         0.00        32.01          0.00     1,197.38       345.93     1,543.31        42.38     1,500.93
5558          1.00         0.00         0.00         0.00         0.00         0.00         0.00         0.00         0.00         0.00         0.00        29.68         13.15     1,068.42       220.56     1,288.98        30.68     1,258.30
4746          1.00         0.00         0.00         0.00         0.00       344.19         0.00         0.00         0.00        25.87         0.00        32.99          0.00     1,381.79       180.28     1,562.07       404.05     1,158.02
7663          1.00         0.00         0.00         0.00         0.00         0.00         0.00         0.00         0.00         0.00         0.00        26.73          8.95     1,125.72       129.17     1,254.89        27.73     1,227.16
7407          1.00         0.00         0.00         0.00         0.00         0.00       120.51         0.00         0.00         0.00         0.00        27.67         50.46       935.13       373.09     1,308.22       149.18     1,159.04
7828          1.00         0.00         0.00         0.00         0.00         0.00         0.00         0.00         0.00         0.00         0.00        28.37         20.72     1,170.06       374.63     1,544.69        29.37     1,515.32
7773          1.00         0.00         0.00         0.00         0.00         0.00         0.00         0.00         0.00         0.00         0.00        23.20         25.79     1,075.04       307.35     1,382.39        24.20     1,358.19
7839          1.00         0.00         0.00         0.00         0.00         0.00         0.00         0.00         0.00       413.90         0.00        59.79          0.00     3,440.90       701.30     4,142.20       474.69     3,667.51
7922          1.00         0.00         0.00         0.00         0.00         0.00       241.02         0.00         0.00         0.00         0.00        12.06         37.26       702.19        97.54       799.73       254.08       545.65
1424          1.00         0.00         0.00         0.00         0.00       466.38         0.00         0.00         0.00       303.49         0.00        75.10          0.00     2,820.15       549.77     3,369.92       845.97     2,523.95
5280          1.00         0.00         0.00       362.10         0.00       435.11         0.00         0.00         0.00       152.32         0.00        48.09          0.00     1,920.48       289.67     2,210.15       998.62     1,211.53
7912          1.00         0.00         0.00         0.00         0.00         0.00         0.00         0.00         0.00         4.22         0.00        27.97          0.00     1,246.79       242.99     1,489.78        33.19     1,456.59
7742          1.00         0.00         0.00         0.00         0.00         0.00         0.00         0.00         0.00         0.00         0.00        21.03         36.17       904.15       163.23     1,067.38        22.03     1,045.35
7883          1.00         0.00         0.00         0.00         0.00         0.00         0.00         0.00         0.00         1.16         0.00        23.19          0.00     1,182.94       405.41     1,588.35        25.35     1,563.00
7894          1.00         0.00         0.00         0.00         0.00         0.00         0.00         0.00         0.00         0.00         0.00        19.98         34.04       871.38       154.26     1,025.64        20.98     1,004.66

















































EJECUTIVOS EN SERVICIOS DE ALIMENTOS, S.A. DE C.V.                                                                      Pagina: 0002
R.F.C.:                                                                                                                    2/NOV/19
REPORTE DE SUELDOS SEMANALES DEDUCCIONES


 
Codigo Desc Vales   Desc Zapatos Otras Deducc Desc Fonacot Pension Alim Desc Infonav Faltas       Inca Enferme Inca Riesgo  ISPT         Ajus ISPT    IMSS          Sub P/Empleo Tot Per Grav Tot Per Exce Total Percep Total Deducc Neto Pagado
..........................................................................................................................................................................................................................................
6461          1.00         0.00       300.00         0.00         0.00         0.00         0.00         0.00         0.00        23.90         0.00        28.35          0.00     1,235.56       266.37     1,501.93       353.25     1,148.68
6765          1.00         0.00       300.00         0.00         0.00         0.00         0.00         0.00         0.00       277.57         0.00        33.92          0.00     1,998.47       464.23     2,462.70       612.49     1,850.21
7909          1.00         0.00         0.00         0.00         0.00         0.00         0.00         0.00         0.00         0.00         0.00        18.65         38.26       871.38       158.48     1,029.86        19.65     1,010.21
5000          1.00         0.00         0.00         0.00         0.00         0.00         0.00         0.00         0.00        18.12         0.00        29.55          0.00     1,310.55       293.32     1,603.87        48.67     1,555.20
7915          1.00         0.00         0.00         0.00         0.00         0.00         0.00         0.00         0.00         0.00         0.00        18.65         11.47     1,082.89       234.69     1,317.58        19.65     1,297.93
7925          1.00         0.00         0.00         0.00         0.00         0.00         0.00         0.00         0.00         0.68         0.00        23.98          0.00     1,041.66       213.37     1,255.03        25.66     1,229.37
5644          1.00         0.00       150.00         0.00         0.00       337.88         0.00         0.00         0.00        22.16         0.00        28.41          0.00     1,347.66       414.57     1,762.23       539.45     1,222.78
6638          1.00         0.00         0.00         0.00         0.00         0.00         0.00         0.00         0.00         0.00         0.00        32.37         28.94     1,017.15       259.00     1,276.15        33.37     1,242.78
7800          1.00         0.00         0.00         0.00         0.00         0.00         0.00         0.00         0.00         0.00         0.00        21.69         38.27       871.38       158.49     1,029.87        22.69     1,007.18
6690          1.00         0.00         0.00         0.00         0.00         0.00         0.00         0.00         0.00         0.00         0.00        27.54         36.59     1,007.15       266.65     1,273.80        28.54     1,245.26
7168          1.00         0.00         0.00         0.00         0.00         0.00         0.00         0.00         0.00         0.00         0.00        23.00         17.49     1,094.40       337.67     1,432.07        24.00     1,408.07
7901          1.00         0.00         0.00         0.00         0.00         0.00         0.00         0.00         0.00         0.00         0.00        18.65         38.26       871.38       158.48     1,029.86        19.65     1,010.21
7786          1.00         0.00         0.00         0.00         0.00         0.00         0.00         0.00         0.00         0.00         0.00        25.12         38.90       861.38       159.12     1,020.50        26.12       994.38
4314          1.00         0.00         0.00         0.00         0.00         0.00         0.00         0.00         0.00       171.98         0.00        49.43          0.00     2,064.55       355.34     2,419.89       222.41     2,197.48
7848          1.00         0.00       100.00         0.00         0.00         0.00         0.00         0.00         0.00         0.00         0.00        21.43         38.93       861.38       159.15     1,020.53       122.43       898.10
7632          1.00         0.00         0.00         0.00         0.00         0.00         0.00         0.00         0.00         0.00         0.00        30.26         30.09     1,004.27       227.96     1,232.23        31.26     1,200.97
7873          1.00         0.00         0.00         0.00         0.00         0.00         0.00         0.00         0.00         0.00         0.00        21.10         38.26       871.38       158.48     1,029.86        22.10     1,007.76
6504          0.00         0.00         0.00         0.00         0.00         0.00         0.00         0.00         0.00         0.00         0.00         0.00          0.00         0.00         0.00         0.00         0.00         0.00
7905          0.00         0.00         0.00         0.00         0.00         0.00         0.00         0.00         0.00         0.00         0.00         0.00          0.00         0.00         0.00         0.00         0.00         0.00
7801          1.00         0.00         0.00         0.00         0.00         0.00         0.00         0.00         0.00         0.00         0.00        26.58         32.37       974.38       255.59     1,229.97        27.58     1,202.39
7918          1.00         0.00         0.00         0.00         0.00         0.00         0.00         0.00         0.00         0.00         0.00        18.65          5.70     1,160.14       306.17     1,466.31        19.65     1,446.66
7061          1.00         0.00         0.00         0.00         0.00         0.00         0.00         0.00         0.00        13.37         0.00        35.32          0.00     1,266.87       286.33     1,553.20        49.69     1,503.51
7847          1.00         0.00         0.00         0.00         0.00         0.00         0.00         0.00         0.00         0.00         0.00        20.38         38.90       861.38       159.12     1,020.50        21.38       999.12
7884          0.00         0.00         0.00         0.00         0.00         0.00         0.00         0.00         0.00         0.00         0.00         0.00          0.00         0.00         0.00         0.00         0.00         0.00
7633          1.00         0.00         0.00         0.00         0.00         0.00         0.00         0.00         0.00         0.00         0.00        29.69         36.17       904.15       163.23     1,067.38        30.69     1,036.69
7906          1.00         0.00         0.00         0.00         0.00         0.00         0.00         0.00         0.00       138.99         0.00        39.88          0.00     1,797.90       410.17     2,208.07       179.87     2,028.20
7914          1.00         0.00         0.00         0.00         0.00         0.00         0.00         0.00         0.00         0.00         0.00        18.65         19.31     1,167.51       281.15     1,448.66        19.65     1,429.01
2897          1.00         0.00         0.00         0.00         0.00         0.00         0.00         0.00         0.00         0.00         0.00        26.47         28.93     1,017.15       258.99     1,276.14        27.47     1,248.67
7614          1.00         0.00         0.00         0.00         0.00         0.00         0.00         0.00         0.00        58.38         0.00        48.18          0.00     1,593.55       440.55     2,034.10       107.56     1,926.54
3318          1.00         0.00         0.00         0.00         0.00       510.55         0.00         0.00         0.00       214.38         0.00        65.82          0.00     2,329.62       459.16     2,788.78       791.75     1,997.03
7804          1.00         0.00         0.00         0.00         0.00         0.00         0.00         0.00         0.00        55.18         0.00        37.71          0.00     1,564.18       232.66     1,796.84        93.89     1,702.95
5139          1.00         0.00         0.00         0.00         0.00       774.43         0.00         0.00         0.00       276.34         0.00        68.68          0.00     2,688.09       343.88     3,031.97     1,120.45     1,911.52
7921          1.00         0.00         0.00         0.00         0.00         0.00         0.00         0.00         0.00         0.00         0.00        18.65         10.51     1,145.36       285.23     1,430.59        19.65     1,410.94
6083          1.00         0.00         0.00         0.00         0.00         0.00         0.00         0.00         0.00        30.77         0.00        34.46          0.00     1,298.81       405.41     1,704.22        66.23     1,637.99
6766          1.00         0.00         0.00         0.00         0.00         0.00         0.00         0.00         0.00         0.00         0.00        26.88          8.00     1,134.45       171.91     1,306.36        27.88     1,278.48
4137          1.00         0.00         0.00         0.00         0.00         0.00         0.00         0.00         0.00       431.77         0.00        92.87          0.00     3,415.75       763.11     4,178.86       525.64     3,653.22
7913          1.00         0.00         0.00         0.00         0.00         0.00         0.00         0.00         0.00         0.00         0.00        18.65         31.67       974.38       254.89     1,229.27        19.65     1,209.62
7542          1.00         0.00         0.00         0.00         0.00         0.00         0.00         0.00         0.00         0.00         0.00        30.79         25.15     1,017.15       255.21     1,272.36        31.79     1,240.57
3780          1.00         0.00         0.00         0.00         0.00         0.00       146.75         0.00         0.00         0.00         0.00        35.32         58.16     1,514.26       320.81     1,835.07       183.07     1,652.00
6205          1.00         0.00         0.00         0.00         0.00         0.00         0.00         0.00         0.00         0.00         0.00        27.97          6.24     1,067.06       244.28     1,311.34        28.97     1,282.37
5027          1.00         0.00         0.00         0.00         0.00         0.00         0.00         0.00         0.00         9.37         0.00        39.42          0.00     1,230.04       143.04     1,373.08        49.79     1,323.29
7818          1.00         0.00         0.00         0.00         0.00         0.00         0.00         0.00         0.00         0.00         0.00        27.56          1.21     1,145.67       285.87     1,431.54        28.56     1,402.98
7815          1.00         0.00         0.00         0.00         0.00         0.00         0.00         0.00         0.00         0.00         0.00        25.27         38.90       861.38       159.12     1,020.50        26.27       994.23

















































EJECUTIVOS EN SERVICIOS DE ALIMENTOS, S.A. DE C.V.                                                                      Pagina: 0003
R.F.C.:                                                                                                                    2/NOV/19
REPORTE DE SUELDOS SEMANALES DEDUCCIONES


 
Codigo Desc Vales   Desc Zapatos Otras Deducc Desc Fonacot Pension Alim Desc Infonav Faltas       Inca Enferme Inca Riesgo  ISPT         Ajus ISPT    IMSS          Sub P/Empleo Tot Per Grav Tot Per Exce Total Percep Total Deducc Neto Pagado
..........................................................................................................................................................................................................................................
6839          1.00         0.00         0.00         0.00         0.00         0.00         0.00         0.00         0.00         0.00         0.00        21.32         31.40       978.53       222.83     1,201.36        22.32     1,179.04
5646          1.00         0.00         0.00         0.00         0.00         0.00         0.00         0.00         0.00         0.00         0.00        33.15         28.94     1,017.15       259.00     1,276.15        34.15     1,242.00
7708          1.00         0.00         0.00         0.00         0.00         0.00         0.00         0.00         0.00         0.00         0.00        27.63         22.44     1,017.15       252.50     1,269.65        28.63     1,241.02
7869          1.00         0.00         0.00         0.00         0.00         0.00         0.00         0.00         0.00         0.00         0.00        23.38         26.25     1,067.06       264.29     1,331.35        24.38     1,306.97
7882          1.00         0.00         0.00         0.00         0.00         0.00         0.00         0.00         0.00         0.00         0.00        20.14         45.43       861.38       165.65     1,027.03        21.14     1,005.89
5679          1.00         0.00         0.00         0.00         0.00         0.00         0.00         0.00         0.00        33.26         0.00        36.06          0.00     1,449.71       307.44     1,757.15        70.32     1,686.83
7892          1.00         0.00         0.00         0.00         0.00         0.00         0.00         0.00         0.00         3.14         0.00        23.62          0.00     1,117.04       246.04     1,363.08        27.76     1,335.32
7530          1.00         0.00         0.00         0.00         0.00         0.00         0.00         0.00         0.00         0.00         0.00        21.99         30.17       997.84       240.91     1,238.75        22.99     1,215.76
6028          1.00         0.00         0.00         0.00         0.00       407.29         0.00         0.00         0.00        15.66         0.00        31.78          0.00     1,287.87       296.26     1,584.13       455.73     1,128.40
6565          0.00         0.00         0.00         0.00         0.00         0.00         0.00         0.00         0.00         0.00         0.00         0.00          0.00         0.00         0.00         0.00         0.00         0.00
7753          1.00         0.00         0.00         0.00         0.00         0.00         0.00         0.00         0.00         0.00         0.00        29.12          1.21     1,145.67       285.87     1,431.54        30.12     1,401.42
3676          1.00         0.00         0.00         0.00         0.00         0.00         0.00         0.00         0.00       120.49         0.00        39.30          0.00     1,627.85       338.80     1,966.65       160.79     1,805.86
3221          1.00         0.00         0.00         0.00         0.00         0.00         0.00         0.00         0.00         3.25         0.00        31.22          0.00     1,347.81       356.66     1,704.47        35.47     1,669.00
7741          1.00         0.00         0.00         0.00         0.00         0.00         0.00         0.00         0.00         0.00         0.00        26.31         36.17       904.15       163.23     1,067.38        27.31     1,040.07
7779          1.00         0.00         0.00         0.00         0.00         0.00         0.00         0.00         0.00       126.72         0.00        27.42          0.00     1,993.60       415.46     2,409.06       155.14     2,253.92
7845          1.00         0.00         0.00         0.00         0.00         0.00         0.00         0.00         0.00        32.64         0.00        30.94          0.00     1,357.04       246.04     1,603.08        64.58     1,538.50
7920          1.00         0.00         0.00         0.00         0.00         0.00         0.00         0.00         0.00         0.00         0.00        18.65         33.28       887.13       179.25     1,066.38        19.65     1,046.73
2522          1.00         0.00         0.00         0.00         0.00         0.00         0.00         0.00         0.00         0.00         0.00        27.76         31.41       978.53       222.84     1,201.37        28.76     1,172.61
0236          1.00         0.00         0.00         0.00         0.00       533.49         0.00         0.00         0.00       157.00         0.00        52.25          0.00     2,007.27       706.37     2,713.64       743.74     1,969.90
7080          1.00         0.00         0.00         0.00         0.00         0.00         0.00         0.00         0.00        81.26         0.00        38.50          0.00     1,803.95       653.86     2,457.81       120.76     2,337.05
5965          1.00         0.00         0.00         0.00         0.00         0.00         0.00         0.00         0.00        32.05         0.00        29.92          0.00     1,310.55       293.32     1,603.87        62.97     1,540.90
5447          1.00         0.00         0.00         0.00         0.00         0.00         0.00         0.00         0.00         0.00         0.00        31.26          3.68     1,107.04       249.72     1,356.76        32.26     1,324.50
6685          1.00         0.00         0.00         0.00         0.00         0.00         0.00         0.00         0.00         0.00         0.00        29.07         33.87       939.90       271.76     1,211.66        30.07     1,181.59
5549          1.00         0.00         0.00         0.00         0.00         0.00         0.00         0.00         0.00         0.68         0.00        31.96          0.00     1,233.19       326.62     1,559.81        33.64     1,526.17
7911          1.00         0.00         0.00         0.00         0.00         0.00         0.00         0.00         0.00         0.00         0.00        18.65         19.17     1,068.11       165.14     1,233.25        19.65     1,213.60
7874          1.00         0.00         0.00         0.00         0.00         0.00         0.00         0.00         0.00         0.00         0.00        23.32          5.42     1,079.94       307.83     1,387.77        24.32     1,363.45
0854          1.00         0.00         0.00         0.00         0.00       332.71         0.00         0.00         0.00       135.94         0.00        41.65          0.00     1,769.88       392.31     2,162.19       511.30     1,650.89
7295          1.00         0.00         0.00         0.00         0.00         0.00         0.00         0.00         0.00         0.00         0.00        30.97         28.94     1,017.15       259.00     1,276.15        31.97     1,244.18
6832          1.00         0.00       150.00         0.00         0.00         0.00       120.51         0.00         0.00         0.00         0.00        27.22          4.09     1,522.33       284.26     1,806.59       298.73     1,507.86
4807          1.00         0.00         0.00         0.00         0.00         0.00         0.00         0.00         0.00       510.35         0.00       112.04          0.00     3,783.66       586.18     4,369.84       623.39     3,746.45
6821          1.00         0.00         0.00         0.00         0.00         0.00         0.00         0.00         0.00         0.00         0.00        28.55          3.25     1,178.13       174.15     1,352.28        29.55     1,322.73
3169          1.00         0.00         0.00         0.00         0.00         0.00         0.00         0.00         0.00         0.00         0.00        25.86         35.53       914.15       162.59     1,076.74        26.86     1,049.88
4514          1.00         0.00         0.00         0.00         0.00       364.81         0.00         0.00         0.00        46.14         0.00        34.49          0.00     1,481.07       323.13     1,804.20       446.44     1,357.76
6379          1.00         0.00         0.00         0.00         0.00         0.00         0.00         0.00         0.00         0.00         0.00        13.32         29.89       582.35       110.26       692.61        14.32       678.29
7814          1.00         0.00         0.00         0.00         0.00         0.00         0.00         0.00         0.00         0.00         0.00        26.09         29.77     1,004.04       172.81     1,176.85        27.09     1,149.76
7754          1.00         0.00         0.00         0.00         0.00         0.00         0.00         0.00         0.00         0.00         0.00        21.82         21.95       974.38       245.17     1,219.55        22.82     1,196.73
7717          1.00         0.00         0.00         0.00         0.00         0.00         0.00         0.00         0.00       137.17         0.00        33.96          0.00     2,089.59       456.23     2,545.82       172.13     2,373.69
6014          1.00         0.00         0.00         0.00         0.00         0.00         0.00         0.00         0.00        41.02         0.00        32.26          0.00     1,434.03       276.09     1,710.12        74.28     1,635.84
7775          1.00         0.00         0.00         0.00         0.00         0.00         0.00         0.00         0.00         0.00         0.00        25.42         38.91       861.38       159.13     1,020.51        26.42       994.09
7551          1.00         0.00         0.00         0.00         0.00         0.00         0.00         0.00         0.00        22.83         0.00        35.25          0.00     1,266.87       286.33     1,553.20        59.08     1,494.12
7715          1.00         0.00         0.00         0.00         0.00         0.00       120.51         0.00         0.00         0.00         0.00        25.64         40.68       935.13       301.36     1,236.49       147.15     1,089.34
3827          1.00         0.00         0.00         0.00         0.00         0.00         0.00         0.00         0.00         0.00         0.00        29.36         21.71     1,028.44       221.12     1,249.56        30.36     1,219.20
5412          1.00         0.00         0.00         0.00         0.00         0.00         0.00         0.00         0.00         0.00         0.00        30.21         29.58     1,007.15       221.01     1,228.16        31.21     1,196.95

















































EJECUTIVOS EN SERVICIOS DE ALIMENTOS, S.A. DE C.V.                                                                      Pagina: 0004
R.F.C.:                                                                                                                    2/NOV/19
REPORTE DE SUELDOS SEMANALES DEDUCCIONES


 
Codigo Desc Vales   Desc Zapatos Otras Deducc Desc Fonacot Pension Alim Desc Infonav Faltas       Inca Enferme Inca Riesgo  ISPT         Ajus ISPT    IMSS          Sub P/Empleo Tot Per Grav Tot Per Exce Total Percep Total Deducc Neto Pagado
..........................................................................................................................................................................................................................................
4504          1.00         0.00         0.00         0.00         0.00         0.00         0.00         0.00         0.00       193.63         0.00        73.23          0.00     2,199.89       318.38     2,518.27       267.86     2,250.41
7395          1.00         0.00         0.00         0.00         0.00         0.00         0.00         0.00         0.00         0.00         0.00        31.86         25.75     1,067.06       263.79     1,330.85        32.86     1,297.99
0214          1.00         0.00         0.00         0.00         0.00         0.00         0.00         0.00         0.00       510.35         0.00       110.55          0.00     3,783.66       586.18     4,369.84       621.90     3,747.94
7849          1.00         0.00         0.00         0.00         0.00         0.00         0.00         0.00         0.00         0.00         0.00        20.18         34.18       938.63       231.65     1,170.28        21.18     1,149.10
6321          0.00         0.00         0.00         0.00         0.00         0.00         0.00         0.00         0.00         0.00         0.00         0.00          0.00         0.00         0.00         0.00         0.00         0.00
5232          1.00         0.00         0.00         0.00         0.00         0.00         0.00         0.00         0.00        32.62         0.00        46.41          0.00     1,356.74       297.54     1,654.28        80.03     1,574.25
4958          1.00         0.00         0.00         0.00         0.00         0.00         0.00         0.00         0.00         0.00         0.00        30.51         28.94     1,017.15       259.00     1,276.15        31.51     1,244.64
7880          1.00         0.00         0.00         0.00         0.00         0.00         0.00         0.00         0.00         7.87         0.00        23.58          0.00     1,319.17       145.97     1,465.14        32.45     1,432.69
3979          1.00         0.00         0.00         0.00         0.00         0.00         0.00         0.00         0.00       420.98         0.00       103.06          0.00     3,365.20       519.23     3,884.43       525.04     3,359.39
7902          1.00         0.00         0.00         0.00         0.00         0.00         0.00         0.00         0.00         0.00         0.00        18.65         32.70     1,068.11       178.67     1,246.78        19.65     1,227.13
0442          1.00         0.00         0.00         0.00         0.00         0.00         0.00         0.00         0.00        43.67         0.00        34.10          0.00     1,458.39       283.80     1,742.19        78.77     1,663.42
7699          0.00         0.00         0.00         0.00         0.00         0.00         0.00         0.00         0.00         0.00         0.00         0.00          0.00         0.00         0.00         0.00         0.00         0.00
7857          1.00         0.00         0.00         0.00         0.00         0.00         0.00         0.00         0.00       148.91         0.00        47.09          0.00     1,889.10       417.82     2,306.92       197.00     2,109.92
7330          0.00         0.00         0.00         0.00         0.00         0.00         0.00         0.00         0.00         0.00         0.00         0.00          0.00         0.00         0.00         0.00         0.00         0.00
7719          1.00         0.00         0.00         0.00         0.00         0.00         0.00         0.00         0.00         0.00         0.00        30.56         31.42       914.15       158.48     1,072.63        31.56     1,041.07
7924          0.00         0.00         0.00         0.00         0.00         0.00       120.51         0.00         0.00         0.00         0.00         8.69         24.99       488.94        24.99       513.93       129.20       384.73
7846          1.00         0.00         0.00         0.00         0.00         0.00         0.00         0.00         0.00         0.00         0.00        24.24          9.28     1,117.04       255.32     1,372.36        25.24     1,347.12
7421          1.00         0.00         0.00         0.00         0.00         0.00         0.00         0.00         0.00        76.48         0.00        29.22          0.00     1,635.15       345.93     1,981.08       106.70     1,874.38
7776          1.00         0.00         0.00         0.00         0.00         0.00       144.20         0.00         0.00         0.00         0.00        25.37         50.53       785.30       146.70       932.00       170.57       761.43
7823          1.00         0.00         0.00         0.00         0.00         0.00         0.00         0.00         0.00         0.00         0.00        21.33         31.66       974.38       254.88     1,229.26        22.33     1,206.93
7298          1.00         0.00         0.00         0.00         0.00         0.00         0.00         0.00         0.00        55.28         0.00        36.47          0.00     1,565.12       304.51     1,869.63        92.75     1,776.88
7758          1.00         0.00         0.00         0.00         0.00         0.00       241.02         0.00         0.00         0.00         0.00        21.46         42.18       887.15       165.75     1,052.90       263.48       789.42
5396          1.00         0.00         0.00         0.00         0.00         0.00         0.00         0.00         0.00         0.00         0.00        33.69         32.23       965.65       210.79     1,176.44        34.69     1,141.75
5704          1.00         0.00         0.00         0.00         0.00         0.00         0.00         0.00         0.00         5.12         0.00        32.96          0.00     1,364.95       199.19     1,564.14        39.08     1,525.06
7588          1.00         0.00         0.00         0.00         0.00         0.00         0.00         0.00         0.00         0.00         0.00        30.74         28.94     1,017.15       259.00     1,276.15        31.74     1,244.41
7821          1.00         0.00         0.00         0.00         0.00         0.00         0.00         0.00         0.00         0.00         0.00        30.22          3.03     1,117.04       249.07     1,366.11        31.22     1,334.89
5588          1.00         0.00        10.00         0.00         0.00         0.00         0.00         0.00         0.00         0.00         0.00        27.74         22.44     1,017.15       252.50     1,269.65        38.74     1,230.91
6203          1.00         0.00         0.00         0.00         0.00         0.00         0.00         0.00         0.00       129.69         0.00        24.35          0.00     1,712.36       353.91     2,066.27       155.04     1,911.23
6582          1.00         0.00         0.00         0.00         0.00         0.00       144.20         0.00         0.00         0.00         0.00        23.98         44.99       819.52       146.64       966.16       169.18       796.98
7392          1.00         0.00         0.00         0.00         0.00         0.00         0.00         0.00         0.00        42.15         0.00        29.10          0.00     1,403.40       307.31     1,710.71        72.25     1,638.46
7226          1.00         0.00         0.00         0.00         0.00         0.00         0.00         0.00         0.00         0.00         0.00        32.96          3.03     1,117.04       249.07     1,366.11        33.96     1,332.15
7664          1.00         0.00         0.00         0.00         0.00         0.00         0.00         0.00         0.00         0.00         0.00        28.30         36.17       904.15       163.23     1,067.38        29.30     1,038.08
7885          1.00         0.00         0.00         0.00         0.00         0.00       120.51         0.00         0.00         0.00         0.00        19.20         51.49       796.38       151.96       948.34       140.71       807.63
3326          1.00         0.00         0.00         0.00         0.00       352.72         0.00         0.00         0.00        61.63         0.00        37.79          0.00     1,623.45       345.91     1,969.36       453.14     1,516.22
0449          1.00         0.00         0.00         0.00         0.00       447.60         0.00         0.00         0.00        29.71         0.00        46.29          0.00     1,417.04       246.04     1,663.08       524.60     1,138.48
6934          1.00         0.00         0.00         0.00         0.00         0.00         0.00         0.00         0.00       342.85         0.00        84.19          0.00     2,999.45       460.71     3,460.16       428.04     3,032.12
7137          1.00         0.00         0.00         0.00         0.00         0.00         0.00         0.00         0.00        52.38         0.00        36.53          0.00     1,538.38       199.19     1,737.57        89.91     1,647.66
7923          1.00         0.00         0.00         0.00         0.00         0.00         0.00         0.00         0.00        25.92         0.00        26.49          0.00     1,218.80       244.85     1,463.65        53.41     1,410.24
6682          1.00         0.00         0.00         0.00         0.00         0.00       144.20         0.00         0.00         0.00         0.00        18.36         50.20       785.30       146.37       931.67       163.56       768.11
1269          1.00         0.00         0.00         0.00         0.00         0.00         0.00         0.00         0.00         0.00         0.00        29.21         36.17       904.15       163.23     1,067.38        30.21     1,037.17
7890          1.00         0.00         0.00         0.00         0.00         0.00         0.00         0.00         0.00         0.00         0.00        21.46         35.01       871.38       206.73     1,078.11        22.46     1,055.65
1419          1.00         0.00         0.00         0.00         0.00       268.68         0.00         0.00         0.00       104.36         0.00        39.46          0.00     1,788.10       448.69     2,236.79       413.50     1,823.29
7868          1.00         0.00         0.00         0.00         0.00         0.00       120.51         0.00         0.00         0.00         0.00        21.92         49.63       989.72       201.11     1,190.83       143.43     1,047.40

















































EJECUTIVOS EN SERVICIOS DE ALIMENTOS, S.A. DE C.V.                                                                      Pagina: 0005
R.F.C.:                                                                                                                    2/NOV/19
REPORTE DE SUELDOS SEMANALES DEDUCCIONES


 
Codigo Desc Vales   Desc Zapatos Otras Deducc Desc Fonacot Pension Alim Desc Infonav Faltas       Inca Enferme Inca Riesgo  ISPT         Ajus ISPT    IMSS          Sub P/Empleo Tot Per Grav Tot Per Exce Total Percep Total Deducc Neto Pagado
..........................................................................................................................................................................................................................................
7887          1.00         0.00         0.00         0.00         0.00         0.00         0.00         0.00         0.00         0.00         0.00        20.06         38.26       871.38       158.48     1,029.86        21.06     1,008.80
3525          1.00         0.00         0.00         0.00         0.00         0.00         0.00         0.00         0.00        55.60         0.00        32.51          0.00     1,527.01       362.84     1,889.85        89.11     1,800.74
6885          1.00         0.00         0.00         0.00         0.00         0.00         0.00         0.00         0.00       193.49         0.00        32.74          0.00     2,433.40       500.43     2,933.83       227.23     2,706.60
7893          1.00         0.00         0.00         0.00         0.00         0.00         0.00         0.00         0.00         0.00         0.00        19.98         31.67       974.38       254.89     1,229.27        20.98     1,208.29
7907          1.00         0.00         0.00         0.00         0.00         0.00         0.00         0.00         0.00       131.21         0.00        39.88          0.00     1,726.43       257.02     1,983.45       172.09     1,811.36
4775          1.00         0.00         0.00         0.00         0.00         0.00         0.00         0.00         0.00         0.00         0.00        30.17         23.81     1,097.28       343.99     1,441.27        31.17     1,410.10
7528          0.00         0.00         0.00         0.00         0.00         0.00         0.00         0.00         0.00         0.00         0.00         0.00          0.00         0.00         0.00         0.00         0.00         0.00
4832          1.00         0.00         0.00         0.00         0.00         0.00         0.00         0.00         0.00         0.00         0.00        28.01         28.94     1,017.15       259.00     1,276.15        29.01     1,247.14
7824          1.00         0.00         0.00         0.00         0.00         0.00         0.00         0.00         0.00         0.00         0.00        26.99         31.66       974.38       254.88     1,229.26        27.99     1,201.27
3321          1.00         0.00         0.00         0.00         0.00         0.00         0.00         0.00         0.00       260.70         0.00        63.70          0.00     2,585.98       485.21     3,071.19       325.40     2,745.79
2112          1.00         0.00         0.00         0.00         0.00         0.00         0.00         0.00         0.00         0.00         0.00        30.84         28.94     1,017.15       259.00     1,276.15        31.84     1,244.31
0624          1.00         0.00         0.00         0.00         0.00         0.00         0.00         0.00         0.00       191.21         0.00        53.30          0.00     2,184.75       553.34     2,738.09       245.51     2,492.58
6877          1.00         0.00         0.00       194.15         0.00         0.00         0.00         0.00         0.00         5.31         0.00        30.78          0.00     1,256.87       286.33     1,543.20       231.24     1,311.96
4385          1.00         0.00         0.00         0.00         0.00         0.00         0.00         0.00         0.00        48.73         0.00        35.42          0.00     1,504.95       199.19     1,704.14        85.15     1,618.99
0366          1.00         0.00         0.00         0.00         0.00         0.00         0.00         0.00         0.00       343.09         0.00        86.30          0.00     3,000.58       462.49     3,463.07       430.39     3,032.68
7917          1.00         0.00         0.00         0.00         0.00         0.00         0.00         0.00         0.00         0.00         0.00        18.65         38.36       871.38       158.58     1,029.96        19.65     1,010.31
6206          1.00         0.00         0.00         0.00         0.00         0.00         0.00         0.00         0.00       126.42         0.00        31.37          0.00     2,045.06       431.04     2,476.10       158.79     2,317.31
4366          1.00         0.00         0.00         0.00         0.00         0.00       120.51         0.00         0.00         0.00         0.00        26.61         65.32       915.61       184.86     1,100.47       148.12       952.35
7618          1.00         0.00         0.00         0.00         0.00         0.00         0.00         0.00         0.00         0.00         0.00        24.89         32.23       965.65       210.79     1,176.44        25.89     1,150.55
 
*** GLO     180.00         0.00     1,220.00       556.25         0.00     6,368.01     2,746.47         0.00         0.00     8,784.61         0.00     5,914.22      3,129.89   239,879.74                290,696.94    25,769.56   264,927.38
  






































































