EJECUTIVOS EN SERVICIOS DE ALIMENTOS, S.A. DE C.V.                                                                      Pagina: 0001
R.F.C.:                                                                                                                    5/NOV/19
REPORTE DE SUELDOS SEMANALES DEDUCCIONES


 
Codigo Desc Vales   Desc Zapatos Otras Deducc Desc Fonacot Pension Alim Desc Infonav Faltas       Inca Enferme Inca Riesgo  ISPT         Ajus ISPT    IMSS          Sub P/Empleo Tot Per Grav Tot Per Exce Total Percep Total Deducc Neto Pagado
..........................................................................................................................................................................................................................................
7505          1.00         0.00         0.00         0.00         0.00         0.00       104.13         0.00         0.00         0.00         0.00        21.28         38.29       899.51       157.83     1,057.34       126.41       930.93
6600          1.00         0.00         0.00         0.00         0.00         0.00       124.60         0.00         0.00         0.00         0.00        18.65         51.47       854.70       236.64     1,091.34       144.25       947.09
7685          1.00         0.00         0.00         0.00         0.00         0.00       104.13         0.00         0.00         0.00         0.00        20.74         62.65       858.16       285.49     1,143.65       125.87     1,017.78
7331          1.00         0.00         0.00         0.00         0.00         0.00         0.00         0.00         0.00         0.00         0.00        23.90         50.54       871.38       170.76     1,042.14        24.90     1,017.24
5933          1.00         0.00         0.00         0.00         0.00         0.00         0.00         0.00         0.00         0.00         0.00        26.71         44.95       904.76       198.54     1,103.30        27.71     1,075.59
7170          1.00         0.00         0.00         0.00         0.00         0.00         0.00         0.00         0.00         0.00         0.00        26.04         48.58       871.38       168.80     1,040.18        27.04     1,013.14
7774          1.00         0.00         0.00         0.00         0.00         0.00         0.00         0.00         0.00         0.00         0.00        21.09         37.48       883.63       179.95     1,063.58        22.09     1,041.49
5618          1.00         0.00         0.00         0.00         0.00         0.00         0.00         0.00         0.00         0.00         0.00        31.37         15.23     1,004.04       158.27     1,162.31        32.37     1,129.94
5201          1.00         0.00         0.00         0.00         0.00       312.81         0.00         0.00         0.00        30.85         0.00        34.58          0.00     1,427.46       209.19     1,636.65       379.24     1,257.41
3890          1.00         0.00         0.00         0.00         0.00         0.00         0.00         0.00         0.00       178.37         0.00        54.71          0.00     2,104.51       390.35     2,494.86       234.08     2,260.78
6654          0.00         0.00         0.00         0.00         0.00         0.00         0.00         0.00         0.00         0.00         0.00         0.00          0.00         0.00         0.00         0.00         0.00         0.00
3652          1.00         0.00         0.00         0.00         0.00       380.99         0.00         0.00         0.00       162.39         0.00        62.07          0.00     2,012.90       444.45     2,457.35       606.45     1,850.90
1123          1.00         0.00         0.00         0.00         0.00         0.00         0.00         0.00         0.00         0.00         0.00        31.26         91.21     1,291.87       278.70     1,570.57        32.26     1,538.31
4044          1.00         0.00         0.00         0.00         0.00         0.00         0.00         0.00         0.00        17.59         0.00        32.10          0.00     1,305.66       252.41     1,558.07        50.69     1,507.38
7593          1.00         0.00         0.00         0.00         0.00         0.00         0.00         0.00         0.00         0.00         0.00        25.10         50.55       871.38       215.27     1,086.65        26.10     1,060.55
7802          1.00         0.00         0.00         0.00         0.00         0.00         0.00         0.00         0.00         0.00         0.00        18.65         39.27       871.38       159.49     1,030.87        19.65     1,011.22
7259          1.00         0.00         0.00         0.00         0.00         0.00         0.00         0.00         0.00         0.00         0.00        19.86         38.90       861.38       159.12     1,020.50        20.86       999.64
7312          1.00         0.00         0.00         0.00         0.00         0.00         0.00         0.00         0.00         0.00         0.00        22.04         35.03       927.01       255.37     1,182.38        23.04     1,159.34
7338          1.00         0.00         0.00         0.00         0.00         0.00         0.00         0.00         0.00         0.00         0.00        23.65         29.47     1,014.04       172.51     1,186.55        24.65     1,161.90
5677          1.00         0.00         0.00         0.00         0.00         0.00         0.00         0.00         0.00        29.89         0.00        33.88          0.00     1,418.71       410.50     1,829.21        64.77     1,764.44
7737          1.00         0.00         0.00         0.00         0.00         0.00         0.00         0.00         0.00         0.00         0.00        20.50         43.44       883.63       185.91     1,069.54        21.50     1,048.04
4008          1.00         0.00         0.00         0.00         0.00         0.00         0.00         0.00         0.00       175.09         0.00        57.48          0.00     2,083.99       378.67     2,462.66       233.57     2,229.09
6210          1.00         0.00         0.00         0.00         0.00         0.00         0.00         0.00         0.00         4.20         0.00        30.26          0.00     1,182.57       181.40     1,363.97        35.46     1,328.51
6213          1.00         0.00         0.00         0.00         0.00         0.00         0.00         0.00         0.00         0.00         0.00        24.45         29.13     1,014.04       172.17     1,186.21        25.45     1,160.76
7793          1.00         0.00         0.00         0.00         0.00         0.00       208.26         0.00         0.00         0.00         0.00        15.71         46.84       748.83       127.21       876.04       224.97       651.07
0849          1.00         0.00         0.00         0.00         0.00         0.00         0.00         0.00         0.00         0.00         0.00        34.79          9.21     1,118.19       181.39     1,299.58        35.79     1,263.79
7806          1.00         0.00         0.00         0.00         0.00         0.00         0.00         0.00         0.00         0.00         0.00        13.32         37.80       520.82       109.93       630.75        14.32       616.43
7536          1.00         0.00         0.00         0.00         0.00         0.00         0.00         0.00         0.00         0.00         0.00        23.52         36.41       900.32       195.56     1,095.88        24.52     1,071.36
5237          1.00         0.00         0.00         0.00         0.00         0.00       104.13         0.00         0.00         0.00         0.00        17.96         51.47       780.28       151.94       932.22       123.09       809.13
7430          1.00         0.00         0.00         0.00         0.00         0.00         0.00         0.00         0.00       196.01         0.00        58.63          0.00     2,224.96       356.91     2,581.87       255.64     2,326.23
5181          1.00         0.00       250.00         0.00         0.00         0.00         0.00         0.00         0.00         0.00         0.00        25.35         38.26       871.38       158.48     1,029.86       276.35       753.51
7655          1.00         0.00         0.00         0.00         0.00         0.00         0.00         0.00         0.00         0.00         0.00        25.88         51.63       861.38       171.85     1,033.23        26.88     1,006.35
7057          1.00         0.00         0.00         0.00         0.00         0.00         0.00         0.00         0.00         0.00         0.00        23.85         51.63       861.38       252.35     1,113.73        24.85     1,088.88
6986          0.00         0.00         0.00         0.00         0.00         0.00         0.00         0.00         0.00         0.00         0.00         0.00          0.00         0.00         0.00         0.00         0.00         0.00
5558          1.00         0.00         0.00         0.00         0.00         0.00         0.00         0.00         0.00         0.00         0.00        23.74         22.17     1,114.16       231.96     1,346.12        24.74     1,321.38
4746          1.00         0.00         0.00         0.00         0.00       241.03       351.20         0.00         0.00         0.00         0.00        27.86         83.11     1,057.27       312.00     1,369.27       621.09       748.18
7663          1.00         0.00         0.00         0.00         0.00         0.00         0.00         0.00         0.00         0.00         0.00        21.42         38.90       861.38       159.12     1,020.50        22.42       998.08
7407          1.00         0.00       200.00         0.00         0.00         0.00         0.00         0.00         0.00         0.00         0.00        25.14         48.13       893.63       190.60     1,084.23       226.14       858.09
6061          1.00         0.00         0.00         0.00         0.00       676.54         0.00         0.00         0.00       133.08         0.00        46.50          0.00     1,770.28       368.56     2,138.84       857.12     1,281.72
7773          1.00         0.00         0.00         0.00         0.00         0.00         0.00         0.00         0.00         0.00         0.00        21.53         22.09       972.63       253.56     1,226.19        22.53     1,203.66
7704          0.00         0.00         0.00         0.00         0.00         0.00         0.00         0.00         0.00         0.00         0.00         0.00          0.00         0.00         0.00         0.00         0.00         0.00
7797          1.00         0.00         0.00         0.00         0.00         0.00         0.00         0.00         0.00         0.00         0.00        23.30         29.13     1,014.04       172.17     1,186.21        24.30     1,161.91
1424          1.00         0.00         0.00         0.00         0.00       457.22         0.00         0.00         0.00       364.43         0.00        90.02          0.00     3,100.51       724.99     3,825.50       912.67     2,912.83

















































EJECUTIVOS EN SERVICIOS DE ALIMENTOS, S.A. DE C.V.                                                                      Pagina: 0002
R.F.C.:                                                                                                                    5/NOV/19
REPORTE DE SUELDOS SEMANALES DEDUCCIONES


 
Codigo Desc Vales   Desc Zapatos Otras Deducc Desc Fonacot Pension Alim Desc Infonav Faltas       Inca Enferme Inca Riesgo  ISPT         Ajus ISPT    IMSS          Sub P/Empleo Tot Per Grav Tot Per Exce Total Percep Total Deducc Neto Pagado
..........................................................................................................................................................................................................................................
5280          1.00         0.00         0.00       362.10         0.00       435.11         0.00         0.00         0.00       152.33         0.00        48.39          0.00     1,920.48       289.67     2,210.15       998.93     1,211.22
7742          1.00         0.00         0.00         0.00         0.00         0.00         0.00         0.00         0.00         0.00         0.00        19.82         44.80       861.38       165.02     1,026.40        20.82     1,005.58
7740          1.00         0.00         0.00         0.00         0.00         0.00         0.00         0.00         0.00         0.00         0.00        20.37         35.77       910.32       194.92     1,105.24        21.37     1,083.87
7799          1.00         0.00         0.00         0.00         0.00         0.00       104.13         0.00         0.00         0.00         0.00        16.69         33.78       969.40       223.25     1,192.65       121.82     1,070.83
6461          1.00         0.00       200.00         0.00         0.00         0.00         0.00         0.00         0.00         0.00         0.00        31.03         10.27     1,223.47       357.58     1,581.05       232.03     1,349.02
6765          1.00         0.00         0.00         0.00         0.00         0.00         0.00         0.00         0.00        46.64         0.00        54.75          0.00     1,485.69       297.24     1,782.93       102.39     1,680.54
7694          1.00         0.00         0.00         0.00         0.00         0.00         0.00         0.00         0.00         0.00         0.00        24.24         38.26       871.38       202.98     1,074.36        25.24     1,049.12
7752          1.00         0.00         0.00         0.00         0.00         0.00         0.00         0.00         0.00         0.00         0.00        21.03         32.30       971.51       297.14     1,268.65        22.03     1,246.62
6657          1.00         0.00         0.00         0.00         0.00         0.00       104.13       312.39         0.00         0.00         0.00         9.28         56.29       685.91        96.47       782.38       426.80       355.58
5000          1.00         0.00         0.00         0.00         0.00         0.00         0.00         0.00         0.00         0.00         0.00        26.62          8.47     1,129.61       170.00     1,299.61        27.62     1,271.99
5644          1.00         0.00       125.00         0.00         0.00       331.25         0.00         0.00         0.00        33.43         0.00        32.73          0.00     1,451.23       289.86     1,741.09       523.41     1,217.68
6638          1.00         0.00         0.00         0.00         0.00         0.00         0.00         0.00         0.00         0.00         0.00        20.06         47.22       915.88       211.94     1,127.82        21.06     1,106.76
7734          1.00         0.00         0.00         0.00         0.00         0.00         0.00         0.00         0.00         0.00         0.00        20.07         24.82       915.88       189.54     1,105.42        21.07     1,084.35
7800          1.00         0.00         0.00         0.00         0.00         0.00         0.00         0.00         0.00         0.00         0.00        18.65         43.04       883.63       185.51     1,069.14        19.65     1,049.49
6690          1.00         0.00         0.00         0.00         0.00         0.00         0.00         0.00         0.00         0.00         0.00        21.96         26.08     1,061.63       246.42     1,308.05        22.96     1,285.09
7168          1.00         0.00         0.00         0.00         0.00         0.00         0.00         0.00         0.00         0.00         0.00        21.69         50.54       871.38       215.26     1,086.64        22.69     1,063.95
7786          1.00         0.00         0.00         0.00         0.00         0.00         0.00         0.00         0.00         0.00         0.00        21.16         38.90       861.38       159.12     1,020.50        22.16       998.34
6542          1.00         0.00         0.00         0.00         0.00         0.00       163.22         0.00         0.00         0.00         0.00        23.25         36.21       979.83       160.46     1,140.29       187.47       952.82
4314          1.00         0.00         0.00         0.00         0.00         0.00         0.00         0.00         0.00       176.85         0.00        55.37          0.00     2,095.06       442.96     2,538.02       233.22     2,304.80
3160          1.00         0.00         0.00         0.00         0.00         0.00         0.00         0.00         0.00         0.00         0.00        19.71         45.81       861.38       166.03     1,027.41        20.71     1,006.70
7632          1.00         0.00         0.00         0.00         0.00         0.00         0.00         0.00         0.00         0.00         0.00        26.72         32.19     1,038.26       252.53     1,290.79        27.72     1,263.07
7803          1.00         0.00         0.00         0.00         0.00         0.00         0.00         0.00         0.00         0.00         0.00        18.64         36.12       904.76       189.71     1,094.47        19.64     1,074.83
7673          1.00         0.00         0.00         0.00         0.00         0.00       498.40         0.00         0.00         0.00         0.00        11.79         66.50       658.67        90.54       749.21       511.19       238.02
6504          1.00         0.00         0.00         0.00         0.00         0.00         0.00         0.00         0.00         0.00         0.00        23.12         50.55       871.38       197.60     1,068.98        24.12     1,044.86
7801          1.00         0.00         0.00         0.00         0.00         0.00         0.00         0.00         0.00         0.00         0.00        18.65         35.09       871.38       155.31     1,026.69        19.65     1,007.04
7604          1.00         0.00         0.00         0.00         0.00         0.00         0.00         0.00         0.00         0.00         0.00        23.40         38.26       871.38       158.48     1,029.86        24.40     1,005.46
7061          1.00         0.00         0.00         0.00         0.00         0.00         0.00         0.00         0.00         0.00         0.00        30.88          8.72     1,125.86       128.94     1,254.80        31.88     1,222.92
7805          1.00         0.00         0.00         0.00         0.00         0.00         0.00         0.00         0.00         0.00         0.00        22.52          5.54       984.46       205.34     1,189.80        23.52     1,166.28
7633          1.00         0.00         0.00         0.00         0.00         0.00         0.00         0.00         0.00         0.00         0.00        24.34         43.43       928.13       230.40     1,158.53        25.34     1,133.19
7428          1.00         0.00         0.00         0.00         0.00         0.00         0.00         0.00         0.00         0.60         0.00        26.34          0.00     1,149.51       198.09     1,347.60        27.94     1,319.66
2897          1.00         0.00         0.00         0.00         0.00         0.00         0.00         0.00         0.00         0.00         0.00        19.86         38.90       861.38       159.12     1,020.50        20.86       999.64
7558          1.00         0.00         0.00         0.00         0.00         0.00         0.00         0.00         0.00         0.00         0.00        21.09         30.75       861.38       150.97     1,012.35        22.09       990.26
6360          1.00         0.00         0.00         0.00         0.00         0.00         0.00         0.00         0.00         0.00         0.00        21.10         34.05       871.38       154.27     1,025.65        22.10     1,003.55
7614          1.00         0.00         0.00         0.00         0.00         0.00         0.00         0.00         0.00         5.27         0.00        30.54          0.00     1,261.75       155.32     1,417.07        36.81     1,380.26
3318          1.00         0.00         0.00         0.00         0.00       500.52         0.00         0.00         0.00       191.06         0.00        58.55          0.00     2,183.88       313.42     2,497.30       751.13     1,746.17
7706          1.00         0.00         0.00         0.00         0.00         0.00         0.00         0.00         0.00         0.00         0.00        22.19         38.90       861.38       159.12     1,020.50        23.19       997.31
7804          1.00         0.00         0.00         0.00         0.00         0.00         0.00         0.00         0.00        43.58         0.00        30.94          0.00     1,306.58       239.38     1,545.96        75.52     1,470.44
5139          1.00         0.00         0.00         0.00         0.00       759.20         0.00         0.00         0.00       270.04         0.00        83.14          0.00     2,638.09       293.88     2,931.97     1,113.38     1,818.59
6083          1.00         0.00         0.00         0.00         0.00         0.00         0.00         0.00         0.00        12.05         0.00        27.13          0.00     1,167.80       274.88     1,442.68        40.18     1,402.50
6766          1.00         0.00         0.00         0.00         0.00         0.00         0.00         0.00         0.00         0.00         0.00        30.70          9.62     1,119.61       171.15     1,290.76        31.70     1,259.06
4137          1.00         0.00         0.00         0.00         0.00         0.00         0.00         0.00         0.00       371.81         0.00       129.14          0.00     3,135.04       482.40     3,617.44       501.95     3,115.49
7542          1.00        48.00         0.00         0.00         0.00         0.00         0.00         0.00         0.00         0.00         0.00        20.54         50.54       871.38       170.76     1,042.14        69.54       972.60
7756          1.00         0.00         0.00         0.00         0.00         0.00         0.00         0.00         0.00         0.00         0.00        21.60         38.91       861.38       159.13     1,020.51        22.60       997.91

















































EJECUTIVOS EN SERVICIOS DE ALIMENTOS, S.A. DE C.V.                                                                      Pagina: 0003
R.F.C.:                                                                                                                    5/NOV/19
REPORTE DE SUELDOS SEMANALES DEDUCCIONES


 
Codigo Desc Vales   Desc Zapatos Otras Deducc Desc Fonacot Pension Alim Desc Infonav Faltas       Inca Enferme Inca Riesgo  ISPT         Ajus ISPT    IMSS          Sub P/Empleo Tot Per Grav Tot Per Exce Total Percep Total Deducc Neto Pagado
..........................................................................................................................................................................................................................................
7759          1.00         0.00         0.00         0.00         0.00         0.00         0.00         0.00         0.00         0.00         0.00        19.95         38.90       861.38       159.12     1,020.50        20.95       999.55
3780          1.00         0.00         0.00         0.00         0.00         0.00         0.00         0.00         0.00        62.04         0.00        36.26          0.00     1,627.21       381.65     2,008.86        99.30     1,909.56
7678          1.00         0.00         0.00         0.00         0.00         0.00       124.60         0.00         0.00         0.00         0.00        22.98         50.53       765.70       146.70       912.40       148.58       763.82
6205          1.00         0.00         0.00         0.00         0.00         0.00         0.00         0.00         0.00         0.00         0.00        23.06         51.27       871.38       171.49     1,042.87        24.06     1,018.81
5027          1.00         0.00         0.00         0.00         0.00         0.00         0.00         0.00         0.00         0.00         0.00        28.96         95.52     1,252.29       260.81     1,513.10        29.96     1,483.14
7791          1.00         0.00         0.00         0.00         0.00         0.00         0.00         0.00         0.00         0.00         0.00        21.46         38.26       871.38       158.48     1,029.86        22.46     1,007.40
7798          1.00         0.00         0.00         0.00         0.00        30.85         0.00         0.00       733.76         0.00         0.00         9.27          0.00       959.78        97.67     1,057.45       774.88       282.57
6839          1.00         0.00         0.00         0.00         0.00         0.00         0.00         0.00         0.00         0.00         0.00        23.14         42.53       927.01       218.37     1,145.38        24.14     1,121.24
5646          1.00         0.00         0.00         0.00         0.00         0.00         0.00         0.00         0.00         0.00         0.00        23.34         24.81       915.88       189.53     1,105.41        24.34     1,081.07
7750          1.00         0.00         0.00         0.00         0.00         0.00       104.13         0.00         0.00         0.00         0.00        19.27         46.45       813.66       180.29       993.95       124.40       869.55
7708          1.00         0.00         0.00         0.00         0.00         0.00         0.00         0.00         0.00         0.00         0.00        20.08         38.26       871.38       158.48     1,029.86        21.08     1,008.78
6978          1.00         0.00         0.00         0.00         0.00         0.00         0.00         0.00         0.00         0.00         0.00        26.06         50.54       871.38       170.76     1,042.14        27.06     1,015.08
7647          1.00         0.00         0.00         0.00         0.00         0.00         0.00         0.00         0.00         0.00         0.00        26.11         50.55       871.38       170.77     1,042.15        27.11     1,015.04
5679          0.00         0.00         0.00         0.00         0.00         0.00         0.00         0.00         0.00         0.00         0.00         0.00          0.00         0.00         0.00         0.00         0.00         0.00
7530          1.00         0.00         0.00         0.00         0.00         0.00         0.00         0.00         0.00         0.00         0.00        22.83         50.41       872.51       181.75     1,054.26        23.83     1,030.43
6028          1.00         0.00         0.00         0.00         0.00       399.30         0.00         0.00         0.00        77.74         0.00        33.15          0.00     1,771.52       289.86     2,061.38       511.19     1,550.19
6565          1.00         0.00         0.00         0.00         0.00         0.00         0.00         0.00         0.00         0.00         0.00        25.44         46.92       904.76       200.51     1,105.27        26.44     1,078.83
7731          1.00         0.00         0.00         0.00         0.00         0.00         0.00         0.00         0.00         0.00         0.00        22.01         38.19       872.51       169.53     1,042.04        23.01     1,019.03
7753          1.00         0.00         0.00         0.00         0.00         0.00         0.00         0.00         0.00         0.00         0.00        27.40         34.15     1,004.04       177.19     1,181.23        28.40     1,152.83
3676          1.00         0.00         0.00         0.00         0.00         0.00         0.00         0.00         0.00        44.93         0.00        45.80          0.00     1,470.01       328.59     1,798.60        91.73     1,706.87
3221          1.00         0.00         0.00         0.00         0.00         0.00         0.00         0.00         0.00        30.75         0.00        35.58          0.00     1,426.58       309.54     1,736.12        67.33     1,668.79
7741          1.00         0.00         0.00         0.00         0.00         0.00         0.00         0.00         0.00         0.00         0.00        19.84         24.72       928.13       211.69     1,139.82        20.84     1,118.98
7779          1.00         0.00         0.00         0.00         0.00         0.00         0.00         0.00         0.00         0.00         0.00        26.83          9.44     1,119.91       252.19     1,372.10        27.83     1,344.27
7269          1.00         0.00         0.00         0.00         0.00         0.00         0.00         0.00         0.00         0.00         0.00        26.04         49.34       882.51       180.68     1,063.19        27.04     1,036.15
7807          1.00         0.00         0.00         0.00         0.00         0.00         0.00         0.00         0.00         0.00         0.00        10.66         20.08       525.76       135.98       661.74        11.66       650.08
2522          1.00         0.00         0.00         0.00         0.00         0.00         0.00         0.00         0.00         0.00         0.00        27.07         23.00       932.57       248.90     1,181.47        28.07     1,153.40
5506          1.00         0.00         0.00         0.00         0.00       224.80         0.00         0.00         0.00         0.00         0.00        29.23         17.85     1,226.50       318.90     1,545.40       255.03     1,290.37
0236          1.00         0.00         0.00         0.00         0.00       523.01         0.00         0.00         0.00       162.81         0.00        64.96          0.00     2,007.27       378.67     2,385.94       751.78     1,634.16
7080          1.00         0.00         0.00         0.00         0.00         0.00         0.00         0.00         0.00        81.64         0.00        36.62          0.00     1,807.38       518.94     2,326.32       119.26     2,207.06
5965          1.00         0.00         0.00         0.00         0.00         0.00         0.00         0.00         0.00       154.68         0.00        26.71          0.00     2,177.74       422.35     2,600.09       182.39     2,417.70
5447          1.00         0.00         0.00         0.00         0.00         0.00         0.00         0.00         0.00         0.00         0.00        26.47         28.35     1,026.29       193.64     1,219.93        27.47     1,192.46
7723          1.00        48.00         0.00         0.00         0.00         0.00       208.26         0.00         0.00         0.00         0.00        20.30         61.58       748.83       186.45       935.28       277.56       657.72
6685          1.00         0.00         0.00         0.00         0.00         0.00         0.00         0.00         0.00         0.00         0.00        23.34         49.84       893.63       192.31     1,085.94        24.34     1,061.60
5549          1.00         0.00         0.00         0.00         0.00         0.00         0.00         0.00         0.00         0.00         0.00        27.57         50.54       871.38       215.26     1,086.64        28.57     1,058.07
0854          1.00         0.00         0.00         0.00         0.00       326.19         0.00         0.00         0.00        80.71         0.00        37.67          0.00     1,722.87       355.68     2,078.55       445.57     1,632.98
7295          1.00         0.00         0.00         0.00         0.00         0.00         0.00         0.00         0.00         0.00         0.00        23.12         50.54       871.38       170.76     1,042.14        24.12     1,018.02
6832          1.00         0.00         0.00         0.00         0.00         0.00         0.00         0.00         0.00         0.00         0.00        23.52         45.70       915.88       254.92     1,170.80        24.52     1,146.28
4807          1.00         0.00         0.00         0.00         0.00         0.00         0.00         0.00         0.00       510.35         0.00       141.50          0.00     3,783.66       564.20     4,347.86       652.85     3,695.01
6821          1.00         0.00         0.00         0.00         0.00         0.00         0.00         0.00         0.00         1.21         0.00        26.75          0.00     1,207.05       248.97     1,456.02        28.96     1,427.06
3169          1.00         0.00         0.00         0.00         0.00         0.00         0.00         0.00         0.00         0.00         0.00        26.46         50.54       871.38       170.76     1,042.14        27.46     1,014.68
4514          1.00         0.00         0.00         0.00         0.00       555.40         0.00         0.00         0.00        16.09         0.00        54.04          0.00     1,291.87       187.49     1,479.36       626.53       852.83
7104          1.00         0.00         0.00         0.00         0.00         0.00       124.60         0.00         0.00         0.00         0.00        27.41         58.80       902.08       195.48     1,097.56       153.01       944.55
7754          1.00         0.00         0.00         0.00         0.00         0.00         0.00         0.00         0.00         0.00         0.00        20.07         38.26       871.38       158.48     1,029.86        21.07     1,008.79

















































EJECUTIVOS EN SERVICIOS DE ALIMENTOS, S.A. DE C.V.                                                                      Pagina: 0004
R.F.C.:                                                                                                                    5/NOV/19
REPORTE DE SUELDOS SEMANALES DEDUCCIONES


 
Codigo Desc Vales   Desc Zapatos Otras Deducc Desc Fonacot Pension Alim Desc Infonav Faltas       Inca Enferme Inca Riesgo  ISPT         Ajus ISPT    IMSS          Sub P/Empleo Tot Per Grav Tot Per Exce Total Percep Total Deducc Neto Pagado
..........................................................................................................................................................................................................................................
7717          1.00         0.00         0.00         0.00         0.00         0.00         0.00         0.00         0.00        17.59         0.00        33.55          0.00     1,305.66       189.70     1,495.36        52.14     1,443.22
6014          1.00         0.00         0.00         0.00         0.00         0.00         0.00         0.00         0.00         0.00         0.00        32.18          0.60     1,202.48       234.99     1,437.47        33.18     1,404.29
7775          1.00         0.00         0.00         0.00         0.00         0.00         0.00         0.00       498.40         0.00         0.00         9.52         48.81       658.67        72.85       731.52       508.92       222.60
7783          1.00         0.00         0.00         0.00         0.00         0.00         0.00         0.00         0.00       132.30         0.00        26.64          0.00     2,099.10       293.91     2,393.01       159.94     2,233.07
7551          1.00         0.00         0.00         0.00         0.00         0.00         0.00         0.00         0.00        51.07         0.00        31.12          0.00     1,526.36       220.34     1,746.70        83.19     1,663.51
7715          1.00         0.00         0.00         0.00         0.00         0.00         0.00         0.00         0.00         0.00         0.00        24.96         44.83       871.38       209.55     1,080.93        25.96     1,054.97
6985          1.00         0.00         0.00         0.00         0.00         0.00         0.00         0.00         0.00       301.44         0.00        83.48          0.00     2,805.56       687.78     3,493.34       385.92     3,107.42
3827          1.00         0.00         0.00         0.00         0.00         0.00         0.00         0.00         0.00         0.00         0.00        31.47         26.41     1,056.55       323.53     1,380.08        32.47     1,347.61
5412          1.00         0.00         0.00         0.00         0.00         0.00         0.00         0.00         0.00         0.00         0.00        22.88         38.91       861.38       159.13     1,020.51        23.88       996.63
4504          1.00         0.00       500.00         0.00         0.00         0.00         0.00         0.00         0.00       193.63         0.00        57.97          0.00     2,199.89       318.38     2,518.27       752.60     1,765.67
7395          1.00         0.00         0.00         0.00         0.00         0.00         0.00         0.00         0.00         0.00         0.00        23.45          0.32     1,205.13       220.66     1,425.79        24.45     1,401.34
0214          1.00         0.00         0.00         0.00         0.00         0.00         0.00         0.00         0.00       510.35         0.00       133.30          0.00     3,783.66       564.20     4,347.86       644.65     3,703.21
7376          1.00         0.00         0.00         0.00         0.00         0.00         0.00         0.00         0.00        18.18         0.00        34.70          0.00     1,224.04       143.04     1,367.08        53.88     1,313.20
6321          1.00         0.00         0.00         0.00         0.00         0.00         0.00         0.00         0.00         0.00         0.00        24.68         39.33       956.42       191.84     1,148.26        25.68     1,122.58
5232          1.00         0.00         0.00         0.00         0.00         0.00         0.00         0.00         0.00         5.12         0.00        34.31          0.00     1,104.04       143.04     1,247.08        40.43     1,206.65
4958          1.00         0.00         0.00         0.00         0.00         0.00         0.00         0.00         0.00         0.00         0.00        23.14         50.54       871.38       170.76     1,042.14        24.14     1,018.00
3979          1.00         0.00         0.00         0.00         0.00         0.00         0.00         0.00         0.00       420.97         0.00       127.89          0.00     3,365.20       519.23     3,884.43       549.86     3,334.57
0442          1.00         0.00         0.00         0.00         0.00         0.00         0.00         0.00         0.00       111.07         0.00        39.57          0.00     1,541.31       325.27     1,866.58       151.64     1,714.94
7699          1.00         0.00         0.00         0.00         0.00         0.00         0.00         0.00         0.00         0.00         0.00        25.42         31.85       971.51       296.69     1,268.20        26.42     1,241.78
7330          0.00         0.00         0.00         0.00         0.00         0.00         0.00         0.00         0.00         0.00         0.00         0.00          0.00         0.00         0.00         0.00         0.00         0.00
7719          1.00         0.00         0.00         0.00         0.00         0.00         0.00         0.00         0.00         0.00         0.00        20.06         35.01       871.38       155.23     1,026.61        21.06     1,005.55
7421          1.00         0.00         0.00         0.00         0.00         0.00         0.00         0.00         0.00         0.00         0.00        24.46         15.13     1,004.88       235.47     1,240.35        25.46     1,214.89
7787          1.00         0.00         0.00         0.00         0.00         0.00         0.00         0.00         0.00         0.00         0.00        20.04         31.67       871.38       151.89     1,023.27        21.04     1,002.23
7776          1.00         0.00         0.00         0.00         0.00         0.00         0.00         0.00         0.00         0.00         0.00        19.78         38.90       861.38       159.12     1,020.50        20.78       999.72
7298          1.00         0.00         0.00         0.00         0.00         0.00         0.00         0.00         0.00        46.00         0.00        36.05          0.00     1,479.76       219.16     1,698.92        83.05     1,615.87
7758          1.00         0.00         0.00         0.00         0.00         0.00         0.00         0.00         0.00         0.00         0.00        20.38         38.26       871.38       158.48     1,029.86        21.38     1,008.48
5396          1.00         0.00         0.00         0.00         0.00         0.00         0.00         0.00         0.00         0.00         0.00        30.00         13.32     1,021.57       328.22     1,349.79        31.00     1,318.79
5704          1.00         0.00         0.00         0.00         0.00         0.00         0.00         0.00         0.00        51.60         0.00        39.18          0.00     1,531.26       338.39     1,869.65        91.78     1,777.87
7503          1.00         0.00         0.00         0.00         0.00         0.00         0.00         0.00         0.00         0.00         0.00        23.83         16.99     1,082.76       359.70     1,442.46        24.83     1,417.63
7588          1.00         0.00         0.00         0.00         0.00         0.00         0.00         0.00         0.00         0.00         0.00        30.36         48.58       871.38       168.80     1,040.18        31.36     1,008.82
5588          1.00         0.00         0.00         0.00         0.00         0.00         0.00         0.00         0.00         0.00         0.00        25.44         38.26       871.38       158.48     1,029.86        26.44     1,003.42
6203          1.00         0.00         0.00         0.00         0.00         0.00         0.00         0.00         0.00         0.00         0.00        21.14          5.86     1,405.38       270.70     1,676.08        22.14     1,653.94
6582          1.00         0.00         0.00         0.00         0.00         0.00         0.00         0.00         0.00         0.00         0.00        21.99         37.39       883.63       179.86     1,063.49        22.99     1,040.50
7392          1.00         0.00         0.00         0.00         0.00         0.00         0.00         0.00         0.00         0.00         0.00        20.58         49.48       871.38       169.70     1,041.08        21.58     1,019.50
7226          1.00        48.00         0.00         0.00         0.00         0.00         0.00         0.00         0.00         0.00         0.00        32.49         33.06     1,014.04       176.10     1,190.14        81.49     1,108.65
7664          1.00        48.00         0.00         0.00         0.00         0.00         0.00         0.00         0.00         0.00         0.00        23.59         41.32       938.13       194.91     1,133.04        72.59     1,060.45
7766          1.00         0.00         0.00         0.00         0.00       357.28         0.00         0.00         0.00         0.00         0.00        19.83         38.90       861.38       159.12     1,020.50       378.11       642.39
3326          1.00         0.00         0.00         0.00         0.00       352.72         0.00         0.00         0.00        30.85         0.00        50.27          0.00     1,427.46       209.19     1,636.65       434.84     1,201.81
0449          1.00         0.00       250.00         0.00         0.00       386.21         0.00         0.00         0.00         0.00         0.00        40.57        101.38     1,198.39       235.52     1,433.91       677.78       756.13
6934          1.00         0.00         0.00         0.00         0.00         0.00         0.00         0.00         0.00       342.85         0.00        84.50          0.00     2,999.45       460.71     3,460.16       428.35     3,031.81
7770          1.00         0.00         0.00         0.00         0.00         0.00       104.13         0.00         0.00         0.00         0.00        22.31         73.28       780.28       173.75       954.03       127.44       826.59
7137          1.00         0.00         0.00         0.00         0.00         0.00         0.00         0.00         0.00        49.60         0.00        37.28          0.00     1,512.90       195.11     1,708.01        87.88     1,620.13
6682          1.00         0.00         0.00         0.00         0.00         0.00       124.60         0.00         0.00         0.00         0.00        17.70         50.20       765.70       146.37       912.07       143.30       768.77

















































EJECUTIVOS EN SERVICIOS DE ALIMENTOS, S.A. DE C.V.                                                                      Pagina: 0005
R.F.C.:                                                                                                                    5/NOV/19
REPORTE DE SUELDOS SEMANALES DEDUCCIONES


 
Codigo Desc Vales   Desc Zapatos Otras Deducc Desc Fonacot Pension Alim Desc Infonav Faltas       Inca Enferme Inca Riesgo  ISPT         Ajus ISPT    IMSS          Sub P/Empleo Tot Per Grav Tot Per Exce Total Percep Total Deducc Neto Pagado
..........................................................................................................................................................................................................................................
1269          1.00         0.00         0.00         0.00         0.00         0.00         0.00         0.00         0.00         0.00         0.00        19.98         38.91       861.38       159.13     1,020.51        20.98       999.53
6918          1.00         0.00         0.00         0.00         0.00         0.00         0.00         0.00         0.00         0.00         0.00        20.72         28.93     1,017.13       304.90     1,322.03        21.72     1,300.31
1419          1.00         0.00         0.00         0.00         0.00       268.68         0.00         0.00         0.00        53.83         0.00        48.52          0.00     1,551.71       274.51     1,826.22       372.03     1,454.19
7545          1.00         0.00         0.00       275.78         0.00         0.00       146.75         0.00         0.00       102.41         0.00        37.35          0.00     1,608.43       299.63     1,908.06       563.29     1,344.77
6505          0.00         0.00         0.00         0.00         0.00         0.00         0.00         0.00         0.00         0.00         0.00         0.00          0.00         0.00         0.00         0.00         0.00         0.00
3525          1.00         0.00         0.00         0.00         0.00         0.00         0.00         0.00         0.00        35.09         0.00        32.30          0.00     1,338.51       228.18     1,566.69        68.39     1,498.30
6885          1.00         0.00         0.00         0.00         0.00         0.00         0.00         0.00         0.00         0.00         0.00        27.41         38.26       871.38       158.48     1,029.86        28.41     1,001.45
4775          1.00         0.00         0.00         0.00         0.00         0.00         0.00         0.00         0.00         0.00         0.00        20.17         42.53       927.01       218.37     1,145.38        21.17     1,124.21
7528          1.00         0.00         0.00         0.00         0.00         0.00         0.00         0.00         0.00         0.00         0.00        21.39         30.43       993.75       239.65     1,233.40        22.39     1,211.01
4832          1.00         0.00         0.00         0.00         0.00         0.00         0.00         0.00         0.00         0.00         0.00        27.40        136.96       871.38       257.18     1,128.56        28.40     1,100.16
3321          1.00         0.00         0.00         0.00         0.00         0.00         0.00         0.00         0.00       298.16         0.00        81.41          0.00     2,797.60       273.59     3,071.19       380.57     2,690.62
2112          1.00         0.00         0.00         0.00         0.00         0.00         0.00         0.00         0.00         0.00         0.00        23.17         50.54       871.38       304.93     1,176.31        24.17     1,152.14
0624          1.00         0.00         0.00         0.00         0.00         0.00         0.00         0.00         0.00       153.86         0.00        64.21          0.00     1,938.75       372.03     2,310.78       219.07     2,091.71
6877          1.00         0.00         0.00       116.15         0.00         0.00         0.00         0.00         0.00         0.00         0.00        29.08         18.37     1,080.76       173.69     1,254.45       146.23     1,108.22
4385          1.00         0.00         0.00         0.00         0.00         0.00         0.00         0.00         0.00        22.14         0.00        32.83          0.00     1,347.48       198.47     1,545.95        55.97     1,489.98
0366          1.00         0.00         0.00         0.00         0.00         0.00         0.00         0.00         0.00       343.09         0.00        84.82          0.00     3,000.58       772.19     3,772.77       428.91     3,343.86
7755          1.00         0.00         0.00         0.00         0.00         0.00         0.00         0.00         0.00         0.00         0.00        23.38         36.06       905.88       200.78     1,106.66        24.38     1,082.28
6206          1.00         0.00         0.00         0.00         0.00         0.00         0.00         0.00         0.00        11.12         0.00        37.14          0.00     1,246.20       278.12     1,524.32        49.26     1,475.06
4366          1.00         0.00         0.00         0.00         0.00         0.00         0.00         0.00         0.00         0.00         0.00        15.85         23.79       677.72       119.42       797.14        16.85       780.29
7618          1.00        48.00         0.00         0.00         0.00         0.00         0.00         0.00         0.00         0.00         0.00        22.90         44.46       866.94       170.24     1,037.18        71.90       965.28
 
*** GLO     186.00       240.00     1,525.00       754.03         0.00     7,519.11     2,803.40       312.39     1,232.16     7,120.83         0.00     5,899.10      5,157.30   224,188.29                268,156.92    27,592.02   240,564.90
  





































































