EJECUTIVOS EN SERVICIOS DE ALIMENTOS, S.A. DE C.V.                                                                      Pagina: 0001
R.F.C.:                                                                                                                    2/NOV/19
REPORTE DE SUELDOS SEMANALES DEDUCCIONES


 
Codigo Desc Vales   Desc Zapatos Otras Deducc Desc Fonacot Pension Alim Desc Infonav Faltas       Inca Enferme Inca Riesgo  ISPT         Ajus ISPT    IMSS          Sub P/Empleo Tot Per Grav Tot Per Exce Total Percep Total Deducc Neto Pagado
..........................................................................................................................................................................................................................................
8071          1.00         0.00         0.00         0.00         0.00         0.00         0.00         0.00         0.00         0.00         0.00        20.72         33.13       951.51       243.47     1,194.98        21.72     1,173.26
6600          1.00         0.00         0.00         0.00         0.00       246.12         0.00         0.00         0.00         0.00         0.00        21.66         28.76     1,020.03       271.69     1,291.72       268.78     1,022.94
7685          1.00         0.00         0.00         0.00         0.00         0.00         0.00         0.00         0.00         0.00         0.00        32.12         31.00       984.96       228.87     1,213.83        33.12     1,180.71
5933          1.00         0.00         0.00         0.00         0.00         0.00         0.00         0.00         0.00         0.00         0.00        26.88         35.53       914.15       162.59     1,076.74        27.88     1,048.86
7170          1.00         0.00         0.00         0.00         0.00         0.00         0.00         0.00         0.00         4.44         0.00        28.51          0.00     1,248.90       268.68     1,517.58        33.95     1,483.63
5201          1.00         0.00         0.00         0.00         0.00       335.50         0.00         0.00         0.00        63.34         0.00        36.05          0.00     1,639.13       424.29     2,063.42       435.89     1,627.53
3890          1.00         0.00         0.00         0.00         0.00         0.00         0.00         0.00         0.00       178.37         0.00        54.49          0.00     2,104.51       319.12     2,423.63       233.86     2,189.77
7834          0.00        56.00         0.00         0.00         0.00         0.00       482.04         0.00         0.00         0.00         0.00        16.78         63.69       768.38       166.69       935.07       554.82       380.25
8083          1.00         0.00         0.00         0.00         0.00         0.00         0.00         0.00         0.00        11.19         0.00        32.32          0.00     1,246.79       180.28     1,427.07        44.51     1,382.56
1123          1.00         0.00         0.00         0.00         0.00         0.00         0.00         0.00         0.00       160.81         0.00        35.40          0.00     1,998.47       464.23     2,462.70       197.21     2,265.49
8049          1.00         0.00         0.00         0.00         0.00         0.00         0.00         0.00         0.00         0.00         0.00        24.43         29.19     1,013.01       291.03     1,304.04        25.43     1,278.61
8100          1.00         0.00         0.00         0.00         0.00         0.00       144.20         0.00         0.00         0.00         0.00        17.58         62.66       785.30       158.83       944.13       162.78       781.35
8066          1.00         0.00         0.00         0.00         0.00         0.00         0.00         0.00         0.00         0.00         0.00        20.08         26.72     1,051.63       288.56     1,340.19        21.08     1,319.11
7977          1.00         0.00         0.00         0.00         0.00         0.00         0.00         0.00         0.00         0.00         0.00        23.90          5.67     1,160.91       254.64     1,415.55        24.90     1,390.65
8027          1.00         0.00         0.00         0.00         0.00         0.00       120.51         0.00         0.00         0.00         0.00        22.65         36.21       939.08       188.18     1,127.26       144.16       983.10
8088          1.00         0.00         0.00         0.00         0.00         0.00         0.00         0.00         0.00         0.00         0.00        20.06         21.95       974.38       245.17     1,219.55        21.06     1,198.49
8123          1.00         0.00         0.00         0.00         0.00         0.00         0.00         0.00         0.00         0.00         0.00        13.32         29.89       582.35       110.26       692.61        14.32       678.29
8112          1.00         0.00         0.00         0.00         0.00         0.00         0.00         0.00         0.00        24.83         0.00        27.97          0.00     1,372.22       368.42     1,740.64        53.80     1,686.84
7259          1.00         0.00         0.00         0.00         0.00         0.00       144.20         0.00         0.00         0.00         0.00        18.73         38.75       922.52       243.40     1,165.92       163.93     1,001.99
8073          0.00         0.00         0.00         0.00         0.00         0.00         0.00         0.00         0.00         0.00         0.00         0.00          0.00         0.00         0.00         0.00         0.00         0.00
7312          1.00         0.00         0.00         0.00         0.00         0.00         0.00         0.00         0.00         0.00         0.00        24.08         32.34       964.06       167.38     1,131.44        25.08     1,106.36
7338          1.00         0.00         0.00         0.00         0.00         0.00         0.00         0.00         0.00         0.00         0.00        23.98         17.54     1,014.04       160.58     1,174.62        24.98     1,149.64
5677          1.00         0.00         0.00         0.00         0.00         0.00         0.00         0.00         0.00        78.71         0.00        33.25          0.00     1,606.50       511.27     2,117.77       112.96     2,004.81
8078          1.00         0.00         0.00         0.00         0.00         0.00         0.00         0.00         0.00         0.00         0.00        24.53         21.68     1,141.60       251.33     1,392.93        25.53     1,367.40
8023          1.00         0.00         0.00         0.00         0.00         0.00       241.02         0.00         0.00         0.00         0.00        19.96         33.44       998.47       268.31     1,266.78       261.98     1,004.80
8042          1.00         0.00         0.00         0.00         0.00         0.00         0.00         0.00         0.00        28.93         0.00        28.20          0.00     1,409.85       223.22     1,633.07        58.13     1,574.94
7943          1.00         0.00         0.00         0.00         0.00         0.00         0.00         0.00         0.00         0.00         0.00        25.35         31.66       974.38       254.88     1,229.26        26.35     1,202.91
0849          1.00         0.00         0.00         0.00         0.00         0.00         0.00         0.00         0.00         0.00         0.00        28.02         11.08     1,089.04       154.12     1,243.16        29.02     1,214.14
7536          1.00         0.00         0.00         0.00         0.00         0.00       120.51         0.00         0.00         0.00         0.00        25.35         45.88       985.17       203.56     1,188.73       146.86     1,041.87
5181          1.00         0.00         0.00         0.00         0.00         0.00         0.00         0.00         0.00         0.00         0.00        21.24         28.94     1,017.15       259.00     1,276.15        22.24     1,253.91
5429          1.00         0.00         0.00         0.00         0.00         0.00         0.00         0.00         0.00       313.35         0.00        77.10          0.00     2,861.35       403.61     3,264.96       391.45     2,873.51
7655          1.00         0.00         0.00         0.00         0.00         0.00         0.00         0.00         0.00         7.44         0.00        29.12          0.00     1,167.28       320.18     1,487.46        37.56     1,449.90
8126          0.00         0.00         0.00         0.00         0.00         0.00       120.51         0.00         0.00         0.00         0.00         6.03         21.84       276.18        21.84       298.02       126.54       171.48
5558          1.00         0.00         0.00         0.00         0.00         0.00         0.00         0.00         0.00         0.00         0.00        24.38         10.12     1,107.04       256.16     1,363.20        25.38     1,337.82
7663          1.00         0.00         0.00         0.00         0.00         0.00         0.00         0.00         0.00         0.85         0.00        30.16          0.00     1,215.85       210.34     1,426.19        32.01     1,394.18
8093          1.00         0.00         0.00         0.00         0.00         0.00       120.51         0.00         0.00         0.00         0.00        22.66         43.52       796.38       143.99       940.37       144.17       796.20
7773          1.00         0.00         0.00         0.00         0.00         0.00         0.00         0.00         0.00         0.00         0.00        22.82         30.57       997.79       234.88     1,232.67        23.82     1,208.85
1424          1.00         0.00       100.00         0.00         0.00       466.38         0.00         0.00         0.00       343.17         0.00        75.24          0.00     3,020.42       760.04     3,780.46       985.79     2,794.67
5280          1.00         0.00         0.00       362.10         0.00       435.11         0.00         0.00         0.00       151.67         0.00        48.67          0.00     1,920.48       289.67     2,210.15       998.55     1,211.60
8020          1.00         0.00         0.00         0.00         0.00         0.00         0.00         0.00         0.00         0.00         0.00        19.82         44.76       861.38       164.98     1,026.36        20.82     1,005.54
7994          1.00         0.00         0.00         0.00         0.00         0.00         0.00         0.00         0.00         0.00         0.00        24.24         15.61     1,064.51       328.95     1,393.46        25.24     1,368.22
6461          1.00         0.00       200.00         0.00         0.00         0.00         0.00         0.00         0.00         1.38         0.00        27.33          0.00     1,220.62       251.42     1,472.04       229.71     1,242.33
6765          1.00         0.00         0.00         0.00         0.00         0.00         0.00         0.00         0.00       216.75         0.00        59.19          0.00     2,340.66       464.23     2,804.89       276.94     2,527.95

















































EJECUTIVOS EN SERVICIOS DE ALIMENTOS, S.A. DE C.V.                                                                      Pagina: 0002
R.F.C.:                                                                                                                    2/NOV/19
REPORTE DE SUELDOS SEMANALES DEDUCCIONES


 
Codigo Desc Vales   Desc Zapatos Otras Deducc Desc Fonacot Pension Alim Desc Infonav Faltas       Inca Enferme Inca Riesgo  ISPT         Ajus ISPT    IMSS          Sub P/Empleo Tot Per Grav Tot Per Exce Total Percep Total Deducc Neto Pagado
..........................................................................................................................................................................................................................................
7909          1.00         0.00         0.00         0.00         0.00         0.00         0.00         0.00         0.00         0.00         0.00        26.34         31.66       974.38       254.88     1,229.26        27.34     1,201.92
5000          1.00         0.00         0.00         0.00         0.00         0.00         0.00         0.00         0.00        42.03         0.00        36.34          0.00     1,402.36       339.22     1,741.58        79.37     1,662.21
8113          1.00         0.00         0.00         0.00         0.00         0.00       175.60       175.60         0.00         0.00         0.00        21.03         61.72     1,057.27       169.89     1,227.16       373.23       853.93
5644          1.00         0.00       200.00         0.00         0.00       337.88         0.00         0.00         0.00        25.41         0.00        32.02          0.00     1,377.55       296.26     1,673.81       596.31     1,077.50
6638          1.00         0.00         0.00         0.00         0.00         0.00         0.00         0.00         0.00         0.00         0.00        23.80         36.16       904.15       163.22     1,067.37        24.80     1,042.57
8119          0.00         0.00         0.00         0.00         0.00         0.00         0.00         0.00         0.00         0.00         0.00         0.00          0.00         0.00         0.00         0.00         0.00         0.00
7800          1.00         0.00         0.00         0.00         0.00         0.00         0.00         0.00         0.00         0.00         0.00        23.88         31.32       979.89       151.54     1,131.43        24.88     1,106.55
8111          1.00         0.00         0.00         0.00         0.00         0.00         0.00         0.00         0.00         0.00         0.00        18.65         20.13     1,154.63       346.35     1,500.98        19.65     1,481.33
6690          1.00         0.00         0.00         0.00         0.00         0.00         0.00         0.00         0.00         0.00         0.00        21.90         27.93     1,032.90       283.74     1,316.64        22.90     1,293.74
7168          1.00         0.00         0.00         0.00         0.00         0.00         0.00         0.00         0.00         0.00         0.00        27.65         28.94     1,017.15       259.00     1,276.15        28.65     1,247.50
8081          1.00         0.00         0.00         0.00         0.00         0.00         0.00         0.00         0.00        34.37         0.00        28.59          0.00     1,331.85       236.09     1,567.94        63.96     1,503.98
7991          1.00         0.00         0.00         0.00         0.00         0.00         0.00         0.00         0.00         0.00         0.00        29.14         14.30     1,236.79       194.58     1,431.37        30.14     1,401.23
8063          1.00         0.00         0.00         0.00         0.00         0.00         0.00         0.00         0.00         0.00         0.00        19.83         38.90       861.38       159.12     1,020.50        20.83       999.67
8115          1.00         0.00         0.00         0.00         0.00         0.00         0.00         0.00         0.00         6.87         0.00        18.65          0.00     1,207.13       197.47     1,404.60        26.52     1,378.08
4314          1.00         0.00         0.00         0.00         0.00         0.00         0.00         0.00         0.00       181.76         0.00        52.10          0.00     2,125.75       393.60     2,519.35       234.86     2,284.49
7848          1.00         0.00         0.00         0.00         0.00         0.00         0.00         0.00         0.00         0.00         0.00        19.82         36.84       893.57       189.24     1,082.81        20.82     1,061.99
7632          1.00         0.00         0.00         0.00         0.00         0.00         0.00         0.00         0.00         0.00         0.00        23.22         33.47       946.34       192.71     1,139.05        24.22     1,114.83
7873          1.00         0.00         0.00         0.00         0.00         0.00         0.00         0.00         0.00         0.00         0.00        25.93         35.01       871.38       155.23     1,026.61        26.93       999.68
8068          1.00         0.00         0.00         0.00         0.00         0.00         0.00         0.00         0.00       172.87         0.00        39.44          0.00     2,109.29       547.81     2,657.10       213.31     2,443.79
8086          1.00         0.00         0.00         0.00         0.00         0.00         0.00         0.00         0.00         0.00         0.00        20.05         17.75     1,090.26       279.59     1,369.85        21.05     1,348.80
8106          1.00         0.00         0.00         0.00         0.00         0.00         0.00         0.00         0.00         0.00         0.00        22.04         31.66       974.38       306.38     1,280.76        23.04     1,257.72
7847          1.00         0.00         0.00         0.00         0.00         0.00         0.00         0.00         0.00         0.00         0.00        19.82         44.80       861.38       165.02     1,026.40        20.82     1,005.58
8082          0.00         0.00         0.00         0.00         0.00         0.00       482.04         0.00         0.00         0.00         0.00        12.43         41.01       791.33        41.01       832.34       494.47       337.87
8127          0.00         0.00         0.00         0.00         0.00         0.00       120.51         0.00         0.00         0.00         0.00         6.03         20.60       304.72        20.60       325.32       126.54       198.78
7633          1.00         0.00         0.00         0.00         0.00         0.00         0.00         0.00         0.00         0.00         0.00        26.36         36.17       904.15       248.31     1,152.46        27.36     1,125.10
7984          1.00         0.00         0.00         0.00         0.00         0.00         0.00         0.00         0.00        10.10         0.00        29.16          0.00     1,236.79       180.28     1,417.07        40.26     1,376.81
7914          1.00         0.00         0.00         0.00         0.00         0.00         0.00         0.00         0.00         0.00         0.00        20.89         38.26       871.38       158.48     1,029.86        21.89     1,007.97
2897          1.00         0.00         0.00         0.00         0.00         0.00         0.00         0.00         0.00         0.00         0.00        24.21         35.53       914.15       162.59     1,076.74        25.21     1,051.53
5630          1.00         0.00         0.00         0.00         0.00         0.00         0.00         0.00         0.00         0.00         0.00        20.98         33.13       951.51       243.47     1,194.98        21.98     1,173.00
8007          1.00         0.00         0.00         0.00         0.00         0.00         0.00         0.00         0.00        74.26         0.00        28.02          0.00     1,698.61       521.28     2,219.89       103.28     2,116.61
8048          1.00         0.00         0.00         0.00         0.00         0.00         0.00         0.00         0.00       393.70         0.00        47.64          0.00     3,237.51       604.16     3,841.67       442.34     3,399.33
8052          1.00         0.00         0.00         0.00         0.00         0.00         0.00         0.00         0.00        64.03         0.00        38.40          0.00     1,645.50       277.18     1,922.68       103.43     1,819.25
8105          1.00         0.00         0.00         0.00         0.00         0.00         0.00         0.00         0.00         0.00         0.00        23.06         21.48     1,032.16       141.70     1,173.86        24.06     1,149.80
7614          1.00         0.00         0.00         0.00         0.00         0.00         0.00         0.00         0.00       129.80         0.00        37.40          0.00     1,801.01       283.77     2,084.78       168.20     1,916.58
3318          1.00         0.00       500.00         0.00         0.00       510.55         0.00         0.00         0.00       229.36         0.00        62.79          0.00     2,411.11       313.42     2,724.53     1,303.70     1,420.83
7804          1.00         0.00         0.00         0.00         0.00         0.00         0.00         0.00         0.00        55.18         0.00        37.85          0.00     1,564.18       232.66     1,796.84        94.03     1,702.81
6083          1.00         0.00         0.00         0.00         0.00         0.00         0.00         0.00         0.00         0.00         0.00        23.21         25.74     1,067.06       315.28     1,382.34        24.21     1,358.13
8118          1.00         0.00         0.00         0.00         0.00         0.00       120.51         0.00         0.00         0.00         0.00        16.69          3.18     1,235.22       283.90     1,519.12       138.20     1,380.92
6766          1.00         0.00         0.00         0.00         0.00         0.00         0.00         0.00         0.00         0.00         0.00        34.08        108.33     1,134.45       272.24     1,406.69        35.08     1,371.61
8084          1.00         0.00         0.00         0.00         0.00         0.00       120.51         0.00         0.00         0.00         0.00        21.16         37.40     1,106.48       305.24     1,411.72       142.67     1,269.05
5746          1.00         0.00         0.00         0.00         0.00         0.00         0.00         0.00         0.00         0.00         0.00        18.65          8.67     1,145.16       231.89     1,377.05        19.65     1,357.40
4137          1.00         0.00         0.00         0.00         0.00         0.00         0.00         0.00         0.00       371.81         0.00        90.71          0.00     3,135.04       482.40     3,617.44       463.52     3,153.92
8009          1.00         0.00         0.00         0.00         0.00         0.00         0.00         0.00         0.00         0.00         0.00        24.48          7.46     1,032.16       127.68     1,159.84        25.48     1,134.36

















































EJECUTIVOS EN SERVICIOS DE ALIMENTOS, S.A. DE C.V.                                                                      Pagina: 0003
R.F.C.:                                                                                                                    2/NOV/19
REPORTE DE SUELDOS SEMANALES DEDUCCIONES


 
Codigo Desc Vales   Desc Zapatos Otras Deducc Desc Fonacot Pension Alim Desc Infonav Faltas       Inca Enferme Inca Riesgo  ISPT         Ajus ISPT    IMSS          Sub P/Empleo Tot Per Grav Tot Per Exce Total Percep Total Deducc Neto Pagado
..........................................................................................................................................................................................................................................
7542          1.00         0.00         0.00         0.00         0.00         0.00         0.00         0.00         0.00        12.67         0.00        28.48          0.00     1,248.90       268.68     1,517.58        42.15     1,475.43
3780          1.00         0.00         0.00         0.00         0.00         0.00         0.00         0.00         0.00       238.55         0.00        40.02          0.00     1,791.84       487.01     2,278.85       279.57     1,999.28
6205          1.00         0.00         0.00         0.00         0.00         0.00         0.00         0.00         0.00         0.00         0.00        22.62         32.34       964.06       167.38     1,131.44        23.62     1,107.82
5027          1.00         0.00         0.00         0.00         0.00         0.00         0.00         0.00         0.00         9.36         0.00        34.14          0.00     1,230.04       143.04     1,373.08        44.50     1,328.58
7818          1.00         0.00         0.00         0.00         0.00         0.00         0.00         0.00         0.00         1.98         0.00        23.38          0.00     1,261.54       297.54     1,559.08        26.36     1,532.72
7221          1.00         0.00         0.00         0.00         0.00         0.00         0.00         0.00         0.00         0.00         0.00        22.99         39.29     1,041.63       339.76     1,381.39        23.99     1,357.40
7815          1.00         0.00         0.00         0.00         0.00         0.00         0.00         0.00         0.00        25.04         0.00        33.30          0.00     1,374.10       197.47     1,571.57        59.34     1,512.23
6839          1.00         0.00         0.00         0.00         0.00         0.00         0.00         0.00         0.00         0.86         0.00        27.57          0.00     1,215.90       230.06     1,445.96        29.43     1,416.53
5646          1.00         0.00         0.00         0.00         0.00         0.00         0.00         0.00         0.00         0.00         0.00        26.52         28.94     1,017.15       259.00     1,276.15        27.52     1,248.63
8011          1.00         0.00         0.00         0.00         0.00         0.00         0.00         0.00         0.00       159.21         0.00        31.44          0.00     1,983.69       446.81     2,430.50       191.65     2,238.85
7708          1.00         0.00         0.00         0.00         0.00         0.00         0.00         0.00         0.00         0.00         0.00        23.13         23.99     1,094.40       292.67     1,387.07        24.13     1,362.94
7869          1.00         0.00         0.00         0.00         0.00         0.00         0.00         0.00         0.00         0.00         0.00        22.37         32.34       964.06       167.38     1,131.44        23.37     1,108.07
7973          1.00         0.00         0.00         0.00         0.00       126.23       288.40         0.00         0.00         0.00         0.00        17.83         51.63       769.22       123.76       892.98       433.46       459.52
8043          1.00         0.00         0.00         0.00         0.00         0.00         0.00         0.00         0.00         0.00         0.00        24.33         20.84     1,042.16       141.06     1,183.22        25.33     1,157.89
8012          1.00         0.00         0.00         0.00         0.00         0.00         0.00         0.00         0.00        16.24         0.00        30.48          0.00     1,293.22       236.09     1,529.31        47.72     1,481.59
7530          1.00         0.00         0.00         0.00         0.00         0.00         0.00         0.00         0.00         0.00         0.00        29.94         24.81     1,081.53       370.73     1,452.26        30.94     1,421.32
8124          1.00         0.00         0.00         0.00         0.00         0.00         0.00         0.00         0.00         0.00         0.00        13.32         20.76       725.07       152.63       877.70        14.32       863.38
8077          1.00         0.00         0.00         0.00         0.00         0.00         0.00         0.00         0.00         0.00         0.00        23.51         31.43       980.82       312.58     1,293.40        24.51     1,268.89
8076          1.00         0.00         0.00         0.00         0.00         0.00         0.00         0.00         0.00        10.09         0.00        30.32          0.00     1,236.79       180.28     1,417.07        41.41     1,375.66
6028          1.00         0.00         0.00         0.00         0.00       407.29         0.00         0.00         0.00        49.51         0.00        33.51          0.00     1,512.07       296.26     1,808.33       491.31     1,317.02
6565          0.00         0.00         0.00         0.00         0.00         0.00         0.00         0.00         0.00         0.00         0.00         0.00          0.00         0.00         0.00         0.00         0.00         0.00
3676          1.00         0.00         0.00         0.00         0.00         0.00         0.00         0.00         0.00         0.00         0.00        38.39         34.95     1,580.82       373.75     1,954.57        39.39     1,915.18
3221          1.00         0.00         0.00         0.00         0.00         0.00         0.00         0.00         0.00        29.20         0.00        32.50          0.00     1,325.39       334.24     1,659.63        62.70     1,596.93
7779          0.00         0.00         0.00         0.00         0.00         0.00         0.00         0.00         0.00         0.00         0.00         0.00          0.00         0.00         0.00         0.00         0.00         0.00
7942          1.00         0.00         0.00         0.00         0.00         0.00       144.20         0.00         0.00         0.00         0.00        21.18         52.15       928.02       148.32     1,076.34       166.38       909.96
7845          1.00         0.00         0.00         0.00         0.00         0.00         0.00         0.00         0.00        47.32         0.00        37.12          0.00     1,578.92       361.91     1,940.83        85.44     1,855.39
4773          1.00         0.00         0.00         0.00         0.00         0.00         0.00         0.00         0.00         0.00         0.00        18.65         27.34     1,042.16       199.06     1,241.22        19.65     1,221.57
7996          1.00         0.00         0.00         0.00         0.00         0.00         0.00         0.00         0.00         0.00         0.00        22.82         20.84     1,042.16       192.56     1,234.72        23.82     1,210.90
2522          1.00         0.00         0.00         0.00         0.00         0.00         0.00         0.00         0.00        15.53         0.00        26.85          0.00     1,286.71       294.43     1,581.14        43.38     1,537.76
8125          1.00         0.00         0.00         0.00         0.00         0.00         0.00         0.00         0.00         0.00         0.00        10.66         25.48       462.51       111.51       574.02        11.66       562.36
7080          1.00         0.00         0.00         0.00         0.00         0.00         0.00         0.00         0.00        37.69         0.00        34.72          0.00     1,490.38       324.62     1,815.00        73.41     1,741.59
5965          1.00         0.00         0.00         0.00         0.00         0.00         0.00         0.00         0.00        69.82         0.00        28.07          0.00     1,524.78       415.74     1,940.52        98.89     1,841.63
5447          1.00         0.00         0.00         0.00         0.00         0.00         0.00         0.00         0.00         0.00         0.00        26.17          7.45     1,145.67       292.11     1,437.78        27.17     1,410.61
6685          1.00         0.00         0.00         0.00         0.00         0.00         0.00         0.00         0.00        50.29         0.00        29.99          0.00     1,519.28       345.93     1,865.21        81.28     1,783.93
8056          1.00         0.00         0.00         0.00         0.00         0.00         0.00         0.00         0.00       397.15         0.00        37.22          0.00     3,253.67       446.81     3,700.48       435.37     3,265.11
5549          1.00         0.00         0.00         0.00         0.00         0.00         0.00         0.00         0.00         0.00         0.00        31.56         21.26     1,035.65       199.82     1,235.47        32.56     1,202.91
8117          1.00         0.00         0.00         0.00         0.00         0.00         0.00         0.00         0.00         0.00         0.00        18.65         38.91       861.38       159.13     1,020.51        19.65     1,000.86
0854          1.00         0.00         0.00         0.00         0.00       332.71         0.00         0.00         0.00       140.85         0.00        42.13          0.00     1,814.97       385.56     2,200.53       516.69     1,683.84
7295          1.00         0.00       100.00         0.00         0.00         0.00         0.00         0.00         0.00        30.62         0.00        28.10          0.00     1,326.15       307.31     1,633.46       159.72     1,473.74
4807          1.00         0.00         0.00         0.00         0.00         0.00         0.00         0.00         0.00       510.35         0.00       110.77          0.00     3,783.66       586.18     4,369.84       622.12     3,747.72
8018          1.00         0.00         0.00         0.00         0.00         0.00       143.23         0.00         0.00         6.50         0.00        25.86          0.00     1,346.94       396.15     1,743.09       176.59     1,566.50
3169          1.00         0.00         0.00         0.00         0.00         0.00         0.00         0.00         0.00         0.00         0.00        27.15         35.53       914.15       214.09     1,128.24        28.15     1,100.09
4514          1.00         0.00         0.00         0.00         0.00       352.61         0.00         0.00         0.00       510.05         0.00        33.33          0.00     3,761.06       773.14     4,534.20       896.99     3,637.21

















































EJECUTIVOS EN SERVICIOS DE ALIMENTOS, S.A. DE C.V.                                                                      Pagina: 0004
R.F.C.:                                                                                                                    2/NOV/19
REPORTE DE SUELDOS SEMANALES DEDUCCIONES


 
Codigo Desc Vales   Desc Zapatos Otras Deducc Desc Fonacot Pension Alim Desc Infonav Faltas       Inca Enferme Inca Riesgo  ISPT         Ajus ISPT    IMSS          Sub P/Empleo Tot Per Grav Tot Per Exce Total Percep Total Deducc Neto Pagado
..........................................................................................................................................................................................................................................
7814          1.00         0.00         0.00         0.00         0.00         0.00         0.00         0.00         0.00         0.00         0.00        23.38         30.15     1,004.04       173.19     1,177.23        24.38     1,152.85
7754          1.00         0.00         0.00         0.00         0.00         0.00         0.00         0.00         0.00         0.00         0.00        20.39         31.66       974.38       254.88     1,229.26        21.39     1,207.87
6014          1.00         0.00         0.00         0.00         0.00         0.00         0.00         0.00         0.00        58.08         0.00        32.26          0.00     1,590.82       338.80     1,929.62        91.34     1,838.28
7775          1.00         0.00         0.00         0.00         0.00         0.00         0.00         0.00         0.00         0.00         0.00        19.82         38.90       861.38       159.12     1,020.50        20.82       999.68
3827          1.00         0.00         0.00         0.00         0.00         0.00         0.00         0.00         0.00         0.00         0.00        29.73         20.89     1,041.31       233.18     1,274.49        30.73     1,243.76
8103          1.00         0.00         0.00         0.00         0.00         0.00         0.00         0.00         0.00         0.00         0.00        20.08         31.66       974.38       254.88     1,229.26        21.08     1,208.18
8054          0.00         0.00         0.00         0.00         0.00         0.00       432.60         0.00         0.00         0.00         0.00        12.76         43.77       793.33        43.77       837.10       445.36       391.74
5412          1.00         0.00         0.00         0.00         0.00         0.00         0.00         0.00         0.00         0.00         0.00        27.95          9.28     1,058.65       174.96     1,233.61        28.95     1,204.66
7395          1.00         0.00         0.00         0.00         0.00         0.00         0.00         0.00         0.00         0.00         0.00        25.67         18.19     1,083.58       153.23     1,236.81        26.67     1,210.14
0214          1.00         0.00         0.00         0.00         0.00         0.00         0.00         0.00         0.00       510.35         0.00       111.42          0.00     3,783.66       586.18     4,369.84       622.77     3,747.07
7849          1.00         0.00         0.00         0.00         0.00         0.00         0.00         0.00         0.00         0.00         0.00        27.62         27.56     1,045.04       160.65     1,205.69        28.62     1,177.07
5232          1.00         0.00         0.00         0.00         0.00         0.00         0.00         0.00         0.00        61.63         0.00        38.75          0.00     1,623.45       408.61     2,032.06       101.38     1,930.68
8019          1.00         0.00         0.00         0.00         0.00         0.00         0.00         0.00         0.00         0.00         0.00        23.86          8.11     1,135.16       231.33     1,366.49        24.86     1,341.63
4958          1.00         0.00         0.00         0.00         0.00         0.00         0.00         0.00         0.00         0.00         0.00        27.54         28.11     1,030.03       271.04     1,301.07        28.54     1,272.53
3979          1.00         0.00         0.00         0.00         0.00         0.00         0.00         0.00         0.00       620.35         0.00       100.43          0.00     4,298.62     1,102.61     5,401.23       721.78     4,679.45
0442          1.00         0.00         0.00         0.00         0.00         0.00         0.00         0.00         0.00        45.17         0.00        39.92          0.00     1,472.21       297.62     1,769.83        86.09     1,683.74
7330          0.00         0.00         0.00         0.00         0.00         0.00         0.00         0.00         0.00         0.00         0.00         0.00          0.00         0.00         0.00         0.00         0.00         0.00
8101          1.00         0.00         0.00         0.00         0.00         0.00         0.00         0.00         0.00         0.00         0.00        20.08         31.66       974.38       254.88     1,229.26        21.08     1,208.18
7846          1.00        56.00         0.00         0.00         0.00         0.00         0.00         0.00         0.00         6.91         0.00        28.90          0.00     1,271.54       284.66     1,556.20        92.81     1,463.39
8091          1.00         0.00         0.00         0.00         0.00         0.00         0.00         0.00         0.00         0.00         0.00        23.55         21.47     1,032.16       141.69     1,173.85        24.55     1,149.30
7298          1.00         0.00         0.00         0.00         0.00         0.00         0.00         0.00         0.00        40.25         0.00        36.02          0.00     1,513.90       253.30     1,767.20        77.27     1,689.93
7963          1.00         0.00         0.00         0.00         0.00         0.00         0.00         0.00         0.00         0.00         0.00        25.35         23.65     1,128.88       324.12     1,453.00        26.35     1,426.65
5396          1.00         0.00       200.00         0.00         0.00         0.00         0.00         0.00         0.00         0.00         0.00        26.89         33.88       939.90       238.19     1,178.09       227.89       950.20
7989          1.00         0.00         0.00         0.00         0.00         0.00         0.00         0.00         0.00         0.00         0.00        22.48         38.90       861.38       159.12     1,020.50        23.48       997.02
7588          1.00         0.00         0.00         0.00         0.00         0.00       241.02         0.00         0.00         0.00         0.00        16.95         39.40       912.90       227.35     1,140.25       258.97       881.28
6203          1.00         0.00         0.00         0.00         0.00         0.00         0.00         0.00         0.00        29.85         0.00        29.51          0.00     1,418.30       135.04     1,553.34        60.36     1,492.98
8060          1.00         0.00         0.00         0.00         0.00         0.00       288.40         0.00         0.00         0.00         0.00        15.61         65.66       769.22       137.79       907.01       305.01       602.00
7226          1.00         0.00         0.00         0.00         0.00         0.00         0.00         0.00         0.00         0.00         0.00        26.31         29.13     1,014.04       172.17     1,186.21        27.31     1,158.90
7885          1.00         0.00         0.00         0.00         0.00         0.00         0.00         0.00         0.00         0.00         0.00        25.35         38.26       871.38       158.48     1,029.86        26.35     1,003.51
3326          1.00         0.00         0.00         0.00         0.00       352.72         0.00         0.00         0.00        61.63         0.00        40.16          0.00     1,623.45       345.91     1,969.36       455.51     1,513.85
0449          1.00         0.00         0.00         0.00         0.00       447.60         0.00         0.00         0.00        49.45         0.00        34.90          0.00     1,511.54       284.66     1,796.20       532.95     1,263.25
6934          1.00         0.00         0.00         0.00         0.00         0.00         0.00         0.00         0.00       342.85         0.00        85.21          0.00     2,999.45       460.71     3,460.16       429.06     3,031.10
7137          1.00         0.00         0.00         0.00         0.00         0.00         0.00         0.00         0.00       125.49         0.00        39.50          0.00     1,673.81       387.33     2,061.14       165.99     1,895.15
6682          1.00         0.00         0.00         0.00         0.00         0.00       144.20         0.00         0.00         0.00         0.00        18.22         41.03       965.55       137.20     1,102.75       163.42       939.33
1269          1.00         0.00         0.00         0.00         0.00         0.00         0.00         0.00         0.00         0.00         0.00        27.21         43.19       904.15       170.25     1,074.40        28.21     1,046.19
7890          1.00         0.00         0.00         0.00         0.00         0.00         0.00         0.00         0.00         0.00         0.00        26.78          5.45     1,158.04       215.79     1,373.83        27.78     1,346.05
8031          1.00         0.00         0.00         0.00         0.00         0.00       241.02         0.00         0.00         0.00         0.00        17.93         48.57       781.31       128.94       910.25       259.95       650.30
1419          1.00         0.00         0.00         0.00         0.00       399.23         0.00         0.00         0.00        55.99         0.00        37.79          0.00     1,571.66       232.26     1,803.92       494.01     1,309.91
8067          1.00         0.00         0.00         0.00         0.00         0.00         0.00         0.00         0.00         0.00         0.00        20.08         32.31       964.38       255.53     1,219.91        21.08     1,198.83
3525          1.00         0.00         0.00         0.00         0.00         0.00         0.00         0.00         0.00         6.40         0.00        29.95          0.00     1,266.87       286.33     1,553.20        37.35     1,515.85
8036          1.00         0.00         0.00         0.00         0.00         0.00         0.00         0.00         0.00         0.00         0.00        22.32         25.08     1,077.38       402.80     1,480.18        23.32     1,456.86
6885          1.00         0.00         0.00         0.00         0.00         0.00         0.00         0.00         0.00        15.14         0.00        25.15          0.00     1,287.53       345.93     1,633.46        41.29     1,592.17
7907          1.00         0.00         0.00         0.00         0.00         0.00         0.00         0.00         0.00       131.22         0.00        41.75          0.00     1,726.43       257.02     1,983.45       173.97     1,809.48

















































EJECUTIVOS EN SERVICIOS DE ALIMENTOS, S.A. DE C.V.                                                                      Pagina: 0005
R.F.C.:                                                                                                                    2/NOV/19
REPORTE DE SUELDOS SEMANALES DEDUCCIONES


 
Codigo Desc Vales   Desc Zapatos Otras Deducc Desc Fonacot Pension Alim Desc Infonav Faltas       Inca Enferme Inca Riesgo  ISPT         Ajus ISPT    IMSS          Sub P/Empleo Tot Per Grav Tot Per Exce Total Percep Total Deducc Neto Pagado
..........................................................................................................................................................................................................................................
8107          0.00         0.00         0.00         0.00         0.00         0.00         0.00         0.00         0.00         0.00         0.00         0.00          0.00         0.00         0.00         0.00         0.00         0.00
4775          1.00         0.00         0.00         0.00         0.00         0.00         0.00         0.00         0.00         0.00         0.00        29.20          8.52     1,128.65       238.58     1,367.23        30.20     1,337.03
8069          1.00         0.00         0.00         0.00         0.00         0.00         0.00         0.00         0.00       191.56         0.00        46.31          0.00     2,190.29       476.80     2,667.09       238.87     2,428.22
4832          1.00         0.00         0.00         0.00         0.00         0.00         0.00         0.00         0.00        77.63         0.00        33.04          0.00     1,596.53       345.93     1,942.46       111.67     1,830.79
3321          1.00         0.00         0.00         0.00         0.00         0.00         0.00         0.00         0.00       236.97         0.00        58.16          0.00     2,470.55       485.21     2,955.76       296.13     2,659.63
0624          1.00         0.00         0.00         0.00         0.00         0.00         0.00         0.00         0.00       196.83         0.00        49.49          0.00     2,219.89       588.49     2,808.38       247.32     2,561.06
4385          1.00         0.00         0.00         0.00         0.00         0.00         0.00         0.00         0.00        48.73         0.00        35.82          0.00     1,504.95       199.19     1,704.14        85.55     1,618.59
8099          1.00         0.00         0.00         0.00         0.00         0.00         0.00         0.00         0.00         0.00         0.00        23.32         21.48     1,032.16       141.70     1,173.86        24.32     1,149.54
0366          1.00         0.00         0.00         0.00         0.00         0.00         0.00         0.00         0.00       343.09         0.00        88.96          0.00     3,000.58       462.49     3,463.07       433.05     3,030.02
6206          1.00         0.00         0.00         0.00         0.00         0.00         0.00         0.00         0.00       251.17         0.00        42.51          0.00     2,560.73       431.04     2,991.77       294.68     2,697.09
7618          1.00         0.00         0.00         0.00         0.00         0.00         0.00         0.00         0.00         0.00         0.00        27.69         28.52     1,023.59       265.01     1,288.60        28.69     1,259.91
 
*** GLO     172.00       112.00     1,300.00       362.10         0.00     4,749.93     4,435.74       175.60         0.00     9,252.40         0.00     5,409.93      3,174.40   236,928.00                285,687.32    25,969.70   259,717.62
  














































































