EJECUTIVOS EN SERVICIOS DE ALIMENTOS, S.A. DE C.V.                                                                      Pagina: 0001
R.F.C.:                                                                                                                    2/NOV/19
REPORTE DE SUELDOS SEMANALES PERCEPCIONES


 
Codigo Dias de Pago Dias Laborad Sueldo       Compensacion Premio Asist Ayuda Transp Vales Despen T.E. Doble   T.E. Triple  Descanso lab Festivo labo Prim Dominic Perc Gravada Prem x Obj   Aguinaldo    Vacaciones   Prima Vacaci Grat Especia Utilidades
..........................................................................................................................................................................................................................................
7879          7.00         6.00       721.00        30.38        60.00        60.00       120.22         0.00         0.00         0.00         0.00         0.00         0.00     1,000.00         0.00         0.00         0.00         0.00         0.00
6600          7.00         6.00       721.00        73.15        60.00        50.00       127.06        12.87         0.00         0.00         0.00         0.00         0.00         0.00         0.00         0.00         0.00         0.00         0.00
7685          7.00         5.00       721.00        61.13         0.00        50.00       106.18         0.00         0.00         0.00         0.00         0.00         0.00     1,000.00         0.00         0.00         0.00         0.00         0.00
7331          7.00         5.00       721.00        25.38         0.00        50.00       100.47       206.00         0.00         0.00         0.00        51.50       142.72         0.00         0.00         0.00         0.00         0.00         0.00
5933          7.00         6.00       721.00        73.15        60.00        60.00       127.06        77.25        77.25         0.00         0.00         0.00         0.00     1,000.00         0.00         0.00         0.00         0.00         0.00
7170          7.00         6.00       721.00        73.15        60.00        60.00       127.06         0.00         0.00         0.00         0.00         0.00         0.00     1,000.00         0.00         0.00         0.00         0.00         0.00
5201          7.00         6.00       878.01       500.01        60.00        60.00       220.48         0.00         0.00         0.00         0.00         0.00         0.00         0.00         0.00         0.00         0.00         0.00         0.00
3890          7.00         6.00     1,258.95       735.56        60.00        50.00       319.12         0.00         0.00         0.00         0.00         0.00         0.00         0.00         0.00         0.00         0.00         0.00         0.00
7834          7.00         6.00       721.00       173.04        60.00        60.00       143.04         0.00         0.00         0.00         0.00         0.00         0.00     1,000.00         0.00         0.00         0.00         0.00         0.00
1123          7.00         6.00       878.01       357.63        60.00        60.00       197.70       282.21       141.10         0.00         0.00         0.00         0.00         0.00         0.00         0.00         0.00         0.00         0.00
7959          7.00         6.00       721.00        30.38        60.00        50.00       120.22         0.00         0.00         0.00         0.00         0.00       170.78     1,000.00         0.00         0.00         0.00         0.00         0.00
8016          7.00         6.00       721.00        30.38        60.00        50.00       120.22         0.00         0.00         0.00         0.00         0.00         0.00         0.00         0.00         0.00         0.00         0.00         0.00
7977          7.00         6.00       721.00        30.38        60.00        50.00       120.22       103.00         0.00        51.50         0.00         0.00       170.78         0.00         0.00         0.00         0.00         0.00         0.00
8021          7.00         6.00       721.00        30.38        60.00        60.00       120.22         0.00         0.00         0.00         0.00         0.00         0.00         0.00         0.00         0.00         0.00         0.00         0.00
8027          7.00         6.00       721.00        30.38        60.00        60.00       120.22         0.00         0.00         0.00         0.00        51.50       170.78         0.00         0.00         0.00         0.00         0.00         0.00
7986          7.00         5.00       721.00        25.38         0.00        50.00       100.47         0.00         0.00         0.00         0.00        51.50       142.72         0.00         0.00         0.00         0.00         0.00         0.00
8022          7.00         4.00       721.00        20.31         0.00        40.00        80.37         0.00         0.00         0.00         0.00         0.00         0.00         0.00         0.00         0.00         0.00         0.00         0.00
7259          7.00         6.00       721.00        73.15        60.00        50.00       127.06         0.00         0.00         0.00         0.00         0.00         0.00     1,000.00         0.00         0.00         0.00         0.00         0.00
7312          7.00         6.00       721.00       123.06        60.00        60.00       135.04         0.00         0.00         0.00         0.00         0.00         0.00         0.00         0.00         0.00         0.00         0.00         0.00
7975          0.00         0.00         0.00         0.00         0.00         0.00         0.00         0.00         0.00         0.00         0.00         0.00         0.00         0.00         0.00         0.00         0.00         0.00         0.00
7338          7.00         6.00       721.00       173.04        60.00        60.00       143.04         0.00         0.00         0.00         0.00         0.00         0.00     1,000.00         0.00         0.00         0.00         0.00         0.00
5677          7.00         6.00       878.01       357.63        60.00        60.00       197.70         0.00         0.00         0.00         0.00         0.00         0.00         0.00         0.00         0.00         0.00         0.00         0.00
8023          7.00         6.00       721.00        30.38        60.00        60.00       120.22         0.00         0.00         0.00         0.00        51.50       170.78         0.00         0.00         0.00         0.00         0.00         0.00
7943          7.00         6.00       721.00        30.38        60.00        60.00       120.22         0.00         0.00         0.00         0.00         0.00         0.00     1,000.00         0.00         0.00         0.00         0.00         0.00
0849          7.00         4.00       856.94        22.26         0.00        30.00        85.82         0.00         0.00         0.00         0.00         0.00        51.00     1,000.00         0.00         0.00         0.00         0.00         0.00
7536          7.00         5.00       721.00        61.13         0.00        50.00       106.18       103.00         0.00         0.00         0.00         0.00         0.00         0.00         0.00         0.00         0.00         0.00         0.00
5181          7.00         6.00       721.00        73.15        60.00        60.00       127.06        25.75         0.00         0.00         0.00         0.00         0.00     1,000.00         0.00         0.00         0.00         0.00         0.00
5429          7.00         6.00     1,258.95       735.56        60.00        60.00       319.12         0.00         0.00         0.00         0.00        89.92       741.41         0.00         0.00         0.00         0.00         0.00         0.00
7655          7.00         6.00       721.00        73.15        60.00        50.00       127.06       231.75         0.00         0.00         0.00         0.00         0.00     1,000.00         0.00         0.00         0.00         0.00         0.00
5558          7.00         6.00       721.00       173.04        60.00        50.00       143.04        12.87         0.00         0.00         0.00         0.00         0.00     1,000.00         0.00         0.00        31.93         0.00         0.00
7663          7.00         6.00       721.00        30.38        60.00        50.00       120.22       141.62         0.00       115.87         0.00         0.00       264.34         0.00         0.00         0.00         0.00         0.00         0.00
8010          7.00         6.00       721.00        30.38        60.00        50.00         0.00         0.00         0.00         0.00         0.00         0.00       120.22         0.00         0.00         0.00         0.00         0.00         0.00
7773          7.00         6.00       721.00        73.15        60.00        60.00       127.06         0.00         0.00         0.00         0.00        51.50        57.89         0.00         0.00         0.00         0.00         0.00         0.00
1424          7.00         6.00     1,962.52       597.45        60.00        50.00       409.59       140.18         0.00       140.18         0.00         0.00         0.00         0.00         0.00         0.00         0.00         0.00         0.00
5280          7.00         6.00     1,166.69       643.79        60.00        50.00       289.67         0.00         0.00         0.00         0.00         0.00         0.00         0.00         0.00         0.00         0.00         0.00         0.00
8020          7.00         6.00       721.00        30.38        60.00        50.00       120.22       103.00        38.62       154.50         0.00         0.00         0.00         0.00         0.00         0.00         0.00         0.00         0.00
7994          7.00         6.00       721.00        30.38        60.00        60.00       120.22         0.00         0.00         0.00         0.00         0.00         0.00         0.00         0.00         0.00         0.00         0.00         0.00
6461          7.00         6.00       836.99       173.95        60.00        60.00       161.75       179.35         0.00         0.00         0.00         0.00         0.00         0.00         0.00         0.00         0.00         0.00         0.00
6765          7.00         6.00       878.01       357.63        60.00        60.00       197.70       282.21       423.32       250.86         0.00        62.71       250.58         0.00         0.00         0.00         0.00         0.00         0.00
8017          7.00         6.00       721.00        30.38        60.00        50.00       120.22         0.00         0.00         0.00         0.00         0.00         0.00         0.00         0.00         0.00         0.00         0.00         0.00
7909          7.00         6.00       721.00        30.38        60.00        60.00       120.22        77.25        77.25         0.00         0.00         0.00         0.00         0.00         0.00         0.00         0.00         0.00         0.00
5000          7.00         6.00       856.94       211.19        60.00        60.00       170.90       183.63        22.95         0.00         0.00         0.00         0.00         0.00         0.00         0.00         0.00         0.00         0.00
7925          7.00         6.00       878.01       248.78        60.00        60.00       180.28        94.07        94.07         0.00         0.00         0.00         0.00         0.00         0.00         0.00         0.00         0.00         0.00

















































EJECUTIVOS EN SERVICIOS DE ALIMENTOS, S.A. DE C.V.                                                                      Pagina: 0002
R.F.C.:                                                                                                                    2/NOV/19
REPORTE DE SUELDOS SEMANALES PERCEPCIONES


 
Codigo Dias de Pago Dias Laborad Sueldo       Compensacion Premio Asist Ayuda Transp Vales Despen T.E. Doble   T.E. Triple  Descanso lab Festivo labo Prim Dominic Perc Gravada Prem x Obj   Aguinaldo    Vacaciones   Prima Vacaci Grat Especia Utilidades
..........................................................................................................................................................................................................................................
5644          7.00         6.00       836.99       173.95        60.00        60.00       161.75       209.24         0.00         0.00         0.00        59.78         0.00         0.00         0.00         0.00         0.00         0.00         0.00
6638          7.00         6.00       721.00        73.15        60.00        60.00       127.06         0.00         0.00         0.00         0.00         0.00         0.00         0.00         0.00         0.00         0.00         0.00         0.00
7800          7.00         6.00       721.00        30.38        60.00        60.00       120.22         0.00         0.00         0.00         0.00         0.00         0.00         0.00         0.00         0.00         0.00         0.00         0.00
6690          7.00         6.00       721.00        73.15        60.00        50.00       127.06        90.12         0.00         0.00         0.00         0.00         0.00     1,000.00         0.00         0.00         0.00         0.00         0.00
7168          7.00         6.00       721.00        73.15        60.00        60.00       127.06         0.00         0.00         0.00         0.00        51.50         0.00         0.00         0.00         0.00         0.00         0.00         0.00
7991          7.00         6.00       878.01       248.78        60.00        50.00       180.28       125.43        47.03       188.14         0.00         0.00         0.00         0.00         0.00         0.00         0.00         0.00         0.00
4314          7.00         6.00       856.94       742.35        60.00        60.00       255.88       275.44       114.76         0.00         0.00         0.00       245.79         0.00         0.00         0.00         0.00         0.00         0.00
8032          5.00         1.00       482.04         5.07         0.00        10.00         0.00         0.00         0.00         0.00         0.00         0.00        20.09         0.00         0.00         0.00         0.00         0.00         0.00
7848          7.00         6.00       721.00        30.38        60.00        50.00       120.22        51.50         0.00         0.00         0.00         0.00         0.00         0.00         0.00         0.00         0.00         0.00         0.00
7632          7.00         3.00       721.00        36.67         0.00        30.00        63.71       103.00         0.00         0.00         0.00         0.00         0.00     1,000.00         0.00         0.00         0.00         0.00         0.00
7873          7.00         6.00       721.00        30.38        60.00        60.00       120.22         0.00         0.00         0.00         0.00         0.00         0.00     1,000.00         0.00         0.00         0.00         0.00         0.00
7801          7.00         4.00       721.00        20.31         0.00        40.00        80.37         0.00         0.00         0.00         0.00         0.00         0.00         0.00         0.00         0.00         0.00         0.00         0.00
7061          7.00         6.00       856.94       167.51        60.00        60.00       163.91        91.81        91.81         0.00         0.00         0.00         0.00         0.00         0.00         0.00         0.00         0.00         0.00
8028          7.00         6.00       721.00        30.38        60.00        50.00         0.00         0.00         0.00         0.00         0.00         0.00       120.22         0.00         0.00         0.00         0.00         0.00         0.00
7847          7.00         4.00       721.00        18.22         0.00        30.00        72.13         0.00         0.00         0.00         0.00         0.00         0.00     1,000.00         0.00         0.00         0.00         0.00         0.00
7633          7.00         6.00       721.00        73.15        60.00        50.00       127.06         0.00         0.00         0.00         0.00         0.00         0.00     1,000.00         0.00         0.00         0.00         0.00         0.00
7984          7.00         6.00       878.01       248.78        60.00        50.00       180.28         0.00         0.00         0.00         0.00         0.00         0.00         0.00         0.00         0.00         0.00         0.00         0.00
7914          7.00         6.00       721.00        30.38        60.00        60.00       120.22        25.75         0.00         0.00         0.00         0.00         0.00         0.00         0.00         0.00         0.00         0.00         0.00
2897          7.00         6.00       721.00        73.15        60.00        60.00       127.06       154.50         0.00         0.00         0.00        51.50         0.00         0.00         0.00         0.00         0.00         0.00         0.00
8007          7.00         6.00       856.94       201.39        60.00        60.00       169.33         0.00         0.00         0.00         0.00        61.21         0.00         0.00         0.00         0.00         0.00         0.00         0.00
8037          3.00         2.00       144.20         6.07        20.00        10.00        24.04         0.00         0.00         0.00         0.00         0.00        34.15         0.00         0.00         0.00         0.00         0.00         0.00
7614          7.00         6.00       878.01       307.65        60.00        50.00       189.70        94.07         0.00         0.00         0.00         0.00         0.00         0.00         0.00         0.00         0.00         0.00         0.00
3318          7.00         6.00     1,020.18       938.70        60.00        50.00       313.42         0.00         0.00         0.00         0.00         0.00       342.23         0.00         0.00         0.00         0.00         0.00         0.00
7804          7.00         6.00       994.07       460.11        60.00        50.00       232.66       142.01        53.25       213.01         0.00         0.00         0.00         0.00         0.00         0.00         0.00         0.00         0.00
6083          0.00         0.00         0.00         0.00         0.00         0.00         0.00         0.00         0.00         0.00         0.00         0.00         0.00         0.00         0.00         0.00         0.00         0.00         0.00
6766          7.00         6.00       856.94       167.51        60.00        60.00       163.91       183.63       183.63         0.00         0.00         0.00         0.00         0.00         0.00         0.00         0.00         0.00         0.00
7982          7.00         5.00       878.01       199.02         0.00        40.00       144.22         0.00         0.00         0.00         0.00         0.00         0.00         0.00         0.00         0.00         0.00         0.00         0.00
4137          7.00         6.00     1,964.97     1,050.07        60.00        60.00       482.40         0.00         0.00         0.00         0.00         0.00         0.00         0.00         0.00         0.00       215.36         0.00         0.00
8009          7.00         6.00       721.00        30.38        60.00        50.00       120.22         0.00         0.00         0.00         0.00         0.00       170.78         0.00         0.00         0.00         0.00         0.00         0.00
7542          7.00         6.00       721.00        73.15        60.00        60.00       127.06         0.00         0.00         0.00         0.00         0.00         0.00     1,000.00         0.00         0.00         0.00         0.00         0.00
8033          6.00         5.00       576.80        24.30        50.00        40.00        96.17         0.00         0.00         0.00         0.00         0.00       248.00         0.00         0.00         0.00         0.00         0.00         0.00
3780          7.00         5.00       878.01       417.86         0.00        50.00       184.26       282.21        70.55         0.00         0.00         0.00        75.00         0.00         0.00         0.00         0.00         0.00         0.00
6205          7.00         6.00       721.00       123.06        60.00        60.00       135.04         0.00         0.00         0.00         0.00         0.00         0.00         0.00         0.00         0.00         0.00         0.00         0.00
5027          7.00         6.00       721.00       173.04        60.00        60.00       143.04         0.00         0.00         0.00         0.00         0.00       216.00     1,000.00         0.00         0.00         0.00         0.00         0.00
7993          7.00         6.00       721.00        30.38        60.00        60.00       120.22       231.75       154.50         0.00         0.00         0.00         0.00         0.00         0.00         0.00         0.00         0.00         0.00
7818          7.00         6.00       721.00       173.04        60.00        50.00       143.04         0.00         0.00         0.00         0.00         0.00         0.00     1,000.00         0.00         0.00         0.00         0.00         0.00
7221          7.00         5.00       721.00        24.30         0.00        40.00        96.17         0.00         0.00         0.00         0.00         0.00         0.00         0.00         0.00         0.00         0.00         0.00         0.00
7815          7.00         6.00       721.00        30.38        60.00        50.00       120.22         0.00         0.00         0.00         0.00         0.00         0.00     1,000.00         0.00         0.00         0.00         0.00         0.00
6839          7.00         6.00       721.00        73.15        60.00        60.00       127.06       128.75         0.00         0.00         0.00         0.00         0.00     1,000.00         0.00         0.00         0.00         0.00         0.00
5646          7.00         6.00       721.00        73.15        60.00        60.00       127.06         0.00         0.00         0.00         0.00         0.00         0.00     1,000.00         0.00         0.00         0.00         0.00         0.00
8011          7.00         2.00       878.01        83.16         0.00        20.00        60.26         0.00         0.00         0.00         0.00         0.00         0.00         0.00         0.00         0.00         0.00         0.00         0.00
7708          7.00         6.00       721.00        73.15        60.00        60.00       127.06       128.75         0.00         0.00         0.00         0.00         0.00     1,000.00         0.00         0.00         0.00         0.00         0.00
7985          7.00         6.00       721.00        30.38        60.00        60.00       120.22         0.00         0.00         0.00         0.00         0.00       170.78         0.00         0.00         0.00         0.00         0.00         0.00

















































EJECUTIVOS EN SERVICIOS DE ALIMENTOS, S.A. DE C.V.                                                                      Pagina: 0003
R.F.C.:                                                                                                                    2/NOV/19
REPORTE DE SUELDOS SEMANALES PERCEPCIONES


 
Codigo Dias de Pago Dias Laborad Sueldo       Compensacion Premio Asist Ayuda Transp Vales Despen T.E. Doble   T.E. Triple  Descanso lab Festivo labo Prim Dominic Perc Gravada Prem x Obj   Aguinaldo    Vacaciones   Prima Vacaci Grat Especia Utilidades
..........................................................................................................................................................................................................................................
7869          7.00         6.00       721.00       123.06        60.00        60.00       135.04         0.00         0.00         0.00         0.00         0.00         0.00         0.00         0.00         0.00         0.00         0.00         0.00
7973          7.00         6.00       721.00        30.38        60.00        50.00       120.22         0.00         0.00         0.00         0.00         0.00         0.00         0.00         0.00         0.00         0.00         0.00         0.00
8012          7.00         6.00       721.00        30.38        60.00        60.00       120.22       231.75        57.93         0.00         0.00         0.00       170.78         0.00         0.00         0.00         0.00         0.00         0.00
5679          7.00         5.00       878.01       298.87         0.00        50.00       165.22         0.00         0.00         0.00         0.00         0.00         0.00         0.00         0.00         0.00         0.00         0.00         0.00
7530          7.00         6.00       721.00        73.15        60.00        60.00       127.06       231.75       231.75       141.62         0.00        51.50         0.00     1,000.00         0.00         0.00         0.00         0.00         0.00
6028          7.00         6.00       836.99       173.95        60.00        60.00       161.75       269.03       224.19         0.00         0.00         0.00         0.00         0.00         0.00         0.00         0.00         0.00         0.00
6565          0.00         0.00         0.00         0.00         0.00         0.00         0.00         0.00         0.00         0.00         0.00         0.00         0.00         0.00         0.00         0.00         0.00         0.00         0.00
3676          7.00         6.00       878.01       357.63        60.00        50.00       197.70       282.21       188.14         0.00         0.00         0.00         0.00         0.00         0.00         0.00         0.00         0.00         0.00
3221          7.00         6.00       836.99       271.25        60.00        60.00       177.31       269.03       336.29         0.00         0.00         0.00         0.00         0.00         0.00         0.00         0.00         0.00         0.00
7779          7.00         6.00       856.94       113.82        60.00        60.00       155.32        91.81       275.44         0.00         0.00         0.00         0.00         0.00         0.00         0.00         0.00         0.00         0.00
7942          7.00         6.00       721.00        30.38        60.00        50.00       120.22        51.50         0.00         0.00         0.00         0.00       170.78         0.00         0.00         0.00         0.00         0.00         0.00
8035          4.00         3.00       288.40        12.15        30.00        20.00        48.08         0.00         0.00         0.00         0.00         0.00        68.31         0.00         0.00         0.00         0.00         0.00         0.00
7845          7.00         6.00       721.00       173.04        60.00        60.00       143.04         0.00         0.00         0.00         0.00         0.00       250.00     1,000.00         0.00         0.00         0.00         0.00         0.00
7920          7.00         6.00       721.00        30.38        60.00        50.00       120.22       103.00        38.62       154.50         0.00         0.00         0.00         0.00         0.00         0.00         0.00         0.00         0.00
7996          7.00         5.00       721.00        24.30         0.00        40.00        96.17         0.00         0.00         0.00         0.00         0.00         0.00         0.00         0.00         0.00         0.00         0.00         0.00
2522          7.00         6.00       721.00        73.15        60.00        60.00       127.06       206.00         0.00         0.00         0.00         0.00         0.00     1,000.00         0.00         0.00         0.00         0.00         0.00
7990          7.00         6.00       721.00        30.38        60.00        60.00       120.22         0.00         0.00         0.00         0.00        51.50       170.78         0.00         0.00         0.00         0.00         0.00         0.00
0236          0.00         0.00         0.00         0.00         0.00         0.00         0.00         0.00         0.00         0.00         0.00         0.00         0.00         0.00         0.00         0.00         0.00         0.00         0.00
7080          7.00         6.00       878.01       366.94        60.00        60.00       199.19         0.00         0.00         0.00         0.00         0.00         0.00         0.00         0.00         0.00         0.00         0.00         0.00
5965          7.00         6.00       856.94       211.19        60.00        60.00       170.90        61.21         0.00         0.00         0.00         0.00         0.00         0.00         0.00         0.00         0.00         0.00         0.00
5447          7.00         6.00       721.00       173.04        60.00        50.00       143.04         0.00         0.00         0.00         0.00         0.00         0.00     1,000.00         0.00         0.00         0.00         0.00         0.00
7932          7.00         6.00       721.00        30.38        60.00        60.00       120.22        77.25       231.75         0.00         0.00         0.00         0.00         0.00         0.00         0.00         0.00         0.00         0.00
6685          7.00         6.00       721.00        73.15        60.00        60.00       127.06        77.25         0.00         0.00         0.00         0.00         0.00     1,000.00         0.00         0.00         0.00         0.00         0.00
5549          7.00         6.00       721.00        73.15        60.00        60.00       127.06       180.25         0.00         0.00         0.00        51.50       170.78     1,000.00         0.00         0.00         0.00         0.00         0.00
0854          7.00         6.00     1,010.03       441.63        60.00        60.00       232.26       324.65         0.00         0.00         0.00         0.00        90.00         0.00         0.00         0.00         0.00         0.00         0.00
7295          7.00         6.00       721.00        73.15        60.00        60.00       127.06        77.25       193.12         0.00         0.00         0.00         0.00     1,000.00         0.00         0.00         0.00         0.00         0.00
4807          7.00         6.00     3,663.66         0.00        60.00        60.00       586.18         0.00         0.00         0.00         0.00         0.00         0.00         0.00         0.00         0.00         0.00         0.00         0.00
6821          7.00         6.00       856.94       211.19        60.00        50.00       170.90         0.00         0.00         0.00         0.00         0.00         0.00         0.00         0.00         0.00         0.00         0.00         0.00
8018          7.00         6.00       856.94       160.30        60.00        60.00       162.75        91.81       275.44         0.00         0.00         0.00         0.00         0.00         0.00         0.00         0.00         0.00         0.00
3169          7.00         6.00       721.00        73.15        60.00        60.00       127.06         0.00         0.00         0.00         0.00        51.50         0.00     1,000.00         0.00         0.00         0.00         0.00         0.00
7947          7.00         6.00       721.00        30.38        60.00        60.00       120.22         0.00         0.00         0.00         0.00        51.50       170.78     1,000.00         0.00         0.00         0.00         0.00         0.00
4514          7.00         6.00       878.01       357.63        60.00        60.00       197.70         0.00         0.00         0.00         0.00         0.00         0.00         0.00         0.00         0.00         0.00         0.00         0.00
7814          7.00         6.00       721.00       173.04        60.00        50.00       143.04         0.00         0.00         0.00         0.00         0.00         0.00     1,000.00         0.00         0.00         0.00         0.00         0.00
7754          7.00         6.00       721.00        30.38        60.00        60.00       120.22        77.25        77.25         0.00         0.00         0.00         0.00         0.00         0.00         0.00         0.00         0.00         0.00
7717          7.00         6.00       878.01       307.65        60.00        60.00       189.70         0.00         0.00         0.00         0.00         0.00         0.00         0.00         0.00         0.00         0.00         0.00         0.00
6014          7.00         6.00       878.01       357.63        60.00        60.00       197.70       156.78         0.00         0.00         0.00         0.00         0.00         0.00         0.00         0.00         0.00         0.00         0.00
7775          7.00         6.00       721.00        30.38        60.00        50.00       120.22       103.00        38.62       154.50         0.00         0.00         0.00     1,000.00         0.00         0.00         0.00         0.00         0.00
8025          7.00         6.00       721.00        30.38        60.00        60.00       120.22         0.00         0.00         0.00         0.00         0.00         0.00         0.00         0.00         0.00         0.00         0.00         0.00
3827          7.00         6.00       721.00       123.06        60.00        60.00       135.04       231.75        38.62       128.75         0.00        51.50         0.00     1,000.00         0.00         0.00         0.00         0.00         0.00
7976          7.00         6.00       721.00        30.38        60.00        50.00       120.22         0.00         0.00         0.00         0.00         0.00         0.00         0.00         0.00         0.00         0.00         0.00         0.00
5412          7.00         6.00       721.00        73.15        60.00        50.00       127.06        77.25         0.00         0.00         0.00         0.00         0.00         0.00         0.00         0.00         0.00         0.00         0.00
7995          7.00         6.00       721.00        30.38        60.00        60.00       120.22         0.00         0.00         0.00         0.00         0.00         0.00         0.00         0.00         0.00         0.00         0.00         0.00
7395          7.00         6.00       721.00       123.06        60.00        60.00       135.04         0.00         0.00         0.00         0.00         0.00         0.00         0.00         0.00         0.00         0.00         0.00         0.00

















































EJECUTIVOS EN SERVICIOS DE ALIMENTOS, S.A. DE C.V.                                                                      Pagina: 0004
R.F.C.:                                                                                                                    2/NOV/19
REPORTE DE SUELDOS SEMANALES PERCEPCIONES


 
Codigo Dias de Pago Dias Laborad Sueldo       Compensacion Premio Asist Ayuda Transp Vales Despen T.E. Doble   T.E. Triple  Descanso lab Festivo labo Prim Dominic Perc Gravada Prem x Obj   Aguinaldo    Vacaciones   Prima Vacaci Grat Especia Utilidades
..........................................................................................................................................................................................................................................
0214          7.00         6.00     2,439.50     1,224.16        60.00        60.00       586.18         0.00         0.00         0.00         0.00         0.00         0.00         0.00         0.00         0.00         0.00         0.00         0.00
7849          7.00         6.00       721.00        30.38        60.00        50.00       120.22       128.75         0.00         0.00         0.00         0.00         0.00     1,000.00         0.00         0.00         0.00         0.00         0.00
5232          7.00         6.00       721.00       173.04        60.00        60.00       143.04       206.00         0.00         0.00         0.00        51.50       483.98         0.00         0.00         0.00         0.00         0.00         0.00
8019          7.00         6.00       721.00        30.38        60.00        50.00       120.22         0.00         0.00         0.00         0.00         0.00       170.78         0.00         0.00         0.00         0.00         0.00         0.00
4958          7.00         6.00       721.00        73.15        60.00        60.00       127.06         0.00         0.00         0.00         0.00         0.00         0.00     1,000.00         0.00         0.00         0.00         0.00         0.00
7880          7.00         6.00       721.00        30.38        60.00        60.00       120.22       231.75         0.00         0.00         0.00         0.00       170.78     1,000.00         0.00         0.00         0.00         0.00         0.00
3979          7.00         6.00     2,177.98     1,067.22        60.00        60.00       519.23       622.28         0.00         0.00         0.00         0.00         0.00         0.00         0.00         0.00         0.00         0.00         0.00
0442          7.00         6.00       774.06       481.39        60.00        60.00       200.87       248.80         0.00         0.00         0.00         0.00         0.00     1,000.00         0.00         0.00         0.00         0.00         0.00
7330          0.00         0.00         0.00         0.00         0.00         0.00         0.00         0.00         0.00         0.00         0.00         0.00         0.00         0.00         0.00         0.00         0.00         0.00         0.00
7846          7.00         6.00       721.00       173.04        60.00        60.00       143.04         0.00         0.00         0.00         0.00         0.00         0.00     1,000.00         0.00         0.00         0.00         0.00         0.00
8004          7.00         5.00       721.00        25.38         0.00        50.00       100.47         0.00         0.00         0.00         0.00         0.00         0.00         0.00         0.00         0.00         0.00         0.00         0.00
7823          7.00         5.00       721.00        25.38         0.00        50.00       100.47       231.75       347.62         0.00         0.00         0.00         0.00     1,000.00         0.00         0.00         0.00         0.00         0.00
7298          7.00         5.00       955.99       331.01         0.00        40.00       175.32       204.85         0.00         0.00         0.00         0.00         0.00         0.00         0.00         0.00         0.00         0.00         0.00
7963          7.00         6.00       721.00        30.38        60.00        60.00       120.22         0.00         0.00         0.00         0.00         0.00         0.00     1,000.00         0.00         0.00         0.00         0.00         0.00
5396          7.00         6.00       721.00        73.15        60.00        60.00       127.06       218.87         0.00       141.62         0.00        51.50         0.00     1,000.00         0.00         0.00         0.00         0.00         0.00
8015          7.00         5.00       721.00        24.30         0.00        40.00        96.17       154.50         0.00         0.00         0.00         0.00         0.00         0.00         0.00         0.00         0.00         0.00         0.00
7989          7.00         6.00       721.00        30.38        60.00        50.00       120.22         0.00         0.00         0.00         0.00         0.00         0.00         0.00         0.00         0.00         0.00         0.00         0.00
7588          7.00         4.00       721.00        48.90         0.00        40.00        84.95        77.25        77.25         0.00         0.00         0.00         0.00         0.00         0.00         0.00         0.00         0.00         0.00
7821          7.00         4.00       721.00       115.68         0.00        40.00        95.63         0.00         0.00         0.00         0.00         0.00         0.00         0.00         0.00         0.00         0.00         0.00         0.00
6203          7.00         6.00       721.00       123.06        60.00        60.00       135.04         0.00         0.00         0.00         0.00         0.00       297.67         0.00         0.00         0.00         0.00         0.00         0.00
6582          7.00         6.00       721.00        73.15        60.00        60.00       127.06       167.37         0.00       141.62         0.00        51.50         0.00         0.00         0.00         0.00         0.00         0.00         0.00
7392          7.00         6.00       721.00        73.15        60.00        60.00       127.06         0.00         0.00         0.00         0.00         0.00         0.00         0.00         0.00         0.00         0.00         0.00         0.00
7226          7.00         6.00       721.00       173.04        60.00        60.00       143.04         0.00         0.00         0.00         0.00         0.00         0.00         0.00         0.00         0.00         0.00         0.00         0.00
7885          7.00         6.00       721.00        30.38        60.00        60.00       120.22         0.00         0.00         0.00         0.00        51.50         0.00     1,000.00         0.00         0.00         0.00         0.00         0.00
3326          7.00         6.00       878.01       500.01        60.00        60.00       220.48         0.00         0.00         0.00         0.00         0.00         0.00         0.00         0.00         0.00         0.00         0.00         0.00
0449          7.00         6.00       721.00       173.04        60.00        50.00       143.04       128.75         0.00         0.00         0.00         0.00       250.00     1,000.00         0.00         0.00         0.00         0.00         0.00
6934          7.00         6.00     2,057.51       821.94        60.00        60.00       460.71         0.00         0.00         0.00         0.00         0.00         0.00         0.00         0.00         0.00         0.00         0.00         0.00
7137          7.00         6.00       878.01       366.94        60.00        60.00       199.19         0.00         0.00         0.00         0.00        62.71       183.43         0.00         0.00         0.00         0.00         0.00         0.00
6682          7.00         5.00       721.00        24.30         0.00        40.00        96.17         0.00         0.00         0.00         0.00         0.00         0.00         0.00         0.00         0.00         0.00         0.00         0.00
1269          7.00         6.00       721.00        73.15        60.00        50.00       127.06        77.25         0.00         0.00         0.00         0.00         0.00         0.00         0.00         0.00         0.00         0.00         0.00
7037          7.00         6.00       721.00        30.38        60.00        60.00       120.22         0.00         0.00         0.00         0.00         0.00         0.00         0.00         0.00         0.00         0.00         0.00         0.00
7890          7.00         6.00       721.00        30.38        60.00        60.00       120.22         0.00         0.00         0.00         0.00        51.50       170.78     1,000.00         0.00         0.00         0.00         0.00         0.00
8031          5.00         4.00       482.04        20.31        40.00        40.00        80.37         0.00         0.00         0.00         0.00         0.00         0.00         0.00         0.00         0.00         0.00         0.00         0.00
8024          0.00         0.00         0.00         0.00         0.00         0.00         0.00         0.00         0.00         0.00         0.00         0.00         0.00         0.00         0.00         0.00         0.00         0.00         0.00
1419          7.00         6.00     1,010.03       441.63        60.00        60.00       232.26       108.21        54.10         0.00         0.00         0.00         0.00         0.00         0.00         0.00         0.00         0.00         0.00
7887          7.00         3.00       721.00        15.23         0.00        30.00        60.28         0.00         0.00         0.00         0.00        51.50         0.00     1,000.00         0.00         0.00         0.00         0.00         0.00
8026          6.00         4.00       602.55        20.31         0.00        40.00        80.37         0.00         0.00         0.00         0.00         0.00         0.00         0.00         0.00         0.00         0.00         0.00         0.00
3525          7.00         6.00       856.94       167.51        60.00        60.00       163.91         0.00         0.00         0.00         0.00         0.00         0.00         0.00         0.00         0.00         0.00         0.00         0.00
8036          4.00         3.00       361.53        15.23        30.00        30.00        60.28         0.00         0.00         0.00         0.00        51.50         0.00         0.00         0.00         0.00         0.00         0.00         0.00
6885          7.00         6.00       721.00        73.15        60.00        60.00       127.06        77.25       193.12         0.00         0.00         0.00         0.00         0.00         0.00         0.00         0.00         0.00         0.00
8029          7.00         6.00       721.00        30.38        60.00        50.00       120.22         0.00         0.00         0.00         0.00         0.00         0.00         0.00         0.00         0.00         0.00         0.00         0.00
7893          7.00         5.00       721.00        25.38         0.00        50.00       100.47        77.25         0.00         0.00         0.00         0.00         0.00         0.00         0.00         0.00         0.00         0.00         0.00
7907          7.00         6.00     1,143.52       462.91        60.00        60.00       257.02         0.00         0.00         0.00         0.00         0.00         0.00         0.00         0.00         0.00         0.00         0.00         0.00

















































EJECUTIVOS EN SERVICIOS DE ALIMENTOS, S.A. DE C.V.                                                                      Pagina: 0005
R.F.C.:                                                                                                                    2/NOV/19
REPORTE DE SUELDOS SEMANALES PERCEPCIONES


 
Codigo Dias de Pago Dias Laborad Sueldo       Compensacion Premio Asist Ayuda Transp Vales Despen T.E. Doble   T.E. Triple  Descanso lab Festivo labo Prim Dominic Perc Gravada Prem x Obj   Aguinaldo    Vacaciones   Prima Vacaci Grat Especia Utilidades
..........................................................................................................................................................................................................................................
4775          7.00         6.00       721.00        73.15        60.00        50.00       127.06       128.75         0.00         0.00         0.00         0.00         0.00     1,000.00         0.00         0.00         0.00         0.00         0.00
4832          7.00         6.00       721.00        73.15        60.00        60.00       127.06       231.75       347.62         0.00         0.00         0.00         0.00         0.00         0.00         0.00         0.00         0.00         0.00
3321          7.00         6.00     1,077.37       632.59        60.00        50.00       273.59        76.95         0.00         0.00         0.00         0.00       438.96         0.00         0.00         0.00         0.00         0.00         0.00
7965          0.00         0.00         0.00         0.00         0.00         0.00         0.00         0.00         0.00         0.00         0.00         0.00         0.00         0.00         0.00         0.00         0.00         0.00         0.00
0624          7.00         6.00       983.99       827.19        60.00        50.00       289.78       140.57         0.00         0.00         0.00         0.00         0.00         0.00         0.00         0.00         0.00         0.00         0.00
6877          7.00         6.00       856.94       167.51        60.00        50.00       163.91         0.00         0.00         0.00         0.00         0.00       118.71         0.00         0.00         0.00         0.00         0.00         0.00
4385          7.00         6.00       878.01       366.94        60.00        50.00       199.19         0.00         0.00         0.00         0.00         0.00       150.00         0.00         0.00         0.00         0.00         0.00         0.00
8030          7.00         6.00       721.00        30.38        60.00        60.00       120.22         0.00         0.00         0.00         0.00        51.50       170.78         0.00         0.00         0.00         0.00         0.00         0.00
0366          7.00         6.00     2,020.55       870.03        60.00        50.00       462.49       144.32         0.00       577.30         0.00         0.00         0.00         0.00         0.00         0.00         0.00         0.00         0.00
6206          7.00         6.00       856.94       211.19        60.00        60.00       170.90       275.44       229.53         0.00         0.00         0.00       194.31         0.00         0.00         0.00         0.00         0.00         0.00
8034          5.00         4.00       482.04        20.31        40.00        40.00        80.37         0.00         0.00         0.00         0.00        51.50       114.17         0.00         0.00         0.00         0.00         0.00         0.00
7618          7.00         5.00       721.00        61.13         0.00        50.00       106.18       193.12         0.00         0.00         0.00         0.00         0.00     1,000.00         0.00         0.00         0.00         0.00         0.00
 
*** GLOBAL             1,002.00   145,881.50    30,174.28     8,850.00     9,430.00    27,019.43    11,997.53     5,046.49     2,553.97         0.00     1,469.33     8,273.60    51,000.00         0.00         0.00       247.29         0.00         0.00
  













































































