EJECUTIVOS EN SERVICIOS DE ALIMENTOS, S.A. DE C.V.                                                                      Pagina: 0001
R.F.C.:                                                                                                                    2/NOV/19
REPORTE DE SUELDOS SEMANALES PERCEPCIONES


 
Codigo Dias de Pago Dias Laborad Sueldo       Compensacion Premio Asist Ayuda Transp Vales Despen T.E. Doble   T.E. Triple  Descanso lab Festivo labo Prim Dominic Perc Gravada Prem x Obj   Aguinaldo    Vacaciones   Prima Vacaci Grat Especia Utilidades
..........................................................................................................................................................................................................................................
7840          7.00         6.00     1,143.52       462.91        60.00        60.00       257.02       367.56         0.00         0.00         0.00         0.00         0.00         0.00         0.00         0.00         0.00         0.00         0.00
7505          7.00         6.00       721.00       173.04        60.00        60.00       143.04         0.00         0.00         0.00         0.00         0.00         0.00         0.00         0.00         0.00         0.00         0.00         0.00
6600          7.00         6.00       721.00        30.38        60.00        50.00       120.22        25.75         0.00         0.00         0.00         0.00         0.00         0.00         0.00         0.00         0.00         0.00         0.00
7685          7.00         6.00       721.00        30.38        60.00        60.00       120.22        25.75         0.00         0.00         0.00         0.00         0.00         0.00         0.00         0.00         0.00         0.00         0.00
7331          7.00         6.00       721.00        30.38        60.00        60.00       120.22       180.25         0.00         0.00         0.00         0.00         0.00         0.00         0.00         0.00         0.00         0.00         0.00
5933          7.00         6.00       721.00        30.38        60.00        60.00       120.22         0.00         0.00         0.00         0.00         0.00         0.00         0.00         0.00         0.00         0.00         0.00         0.00
7170          7.00         6.00       721.00        30.38        60.00        60.00       120.22         0.00         0.00         0.00         0.00         0.00         0.00         0.00         0.00         0.00         0.00         0.00         0.00
5201          7.00         6.00       878.01       429.45        60.00        60.00       209.19         0.00         0.00         0.00         0.00         0.00         0.00         0.00         0.00         0.00         0.00         0.00         0.00
3890          7.00         6.00     1,258.95       735.56        60.00        50.00       319.12         0.00         0.00         0.00         0.00         0.00         0.00         0.00         0.00         0.00         0.00         0.00         0.00
7834          7.00         6.00       721.00       173.04        60.00        60.00       143.04         0.00         0.00         0.00         0.00         0.00         0.00         0.00         0.00         0.00         0.00         0.00         0.00
7851          7.00         6.00       721.00        30.38        60.00        60.00       120.22         0.00         0.00         0.00         0.00         0.00         0.00         0.00         0.00         0.00         0.00         0.00         0.00
3652          7.00         6.00     1,077.37       738.57        60.00        60.00       290.55       115.43         0.00         0.00         0.00        76.95         0.00         0.00         0.00         0.00         0.00         0.00         0.00
1123          7.00         6.00       878.01       293.86        60.00        60.00       187.49         0.00         0.00         0.00         0.00         0.00         0.00         0.00         0.00         0.00         0.00         0.00         0.00
4044          7.00         6.00       878.01       307.65        60.00        60.00       189.70         0.00         0.00         0.00         0.00        62.71         0.00         0.00         0.00         0.00         0.00         0.00         0.00
7593          7.00         6.00       721.00        30.38        60.00        60.00       120.22       180.25         0.00         0.00         0.00        51.50         0.00         0.00         0.00         0.00         0.00         0.00         0.00
7865          4.00         3.00       361.53        15.23        30.00        30.00        60.28        51.50         0.00         0.00         0.00         0.00         0.00         0.00         0.00         0.00         0.00         0.00         0.00
7866          3.00         2.00       241.02        10.15        20.00        20.00        40.18         0.00         0.00         0.00         0.00         0.00         0.00         0.00         0.00         0.00         0.00         0.00         0.00
7259          7.00         6.00       721.00        30.38        60.00        50.00       120.22         0.00         0.00         0.00         0.00         0.00         0.00         0.00         0.00         0.00         0.00         0.00         0.00
7312          7.00         6.00       721.00       123.06        60.00        60.00       135.04         0.00         0.00         0.00         0.00        51.50         0.00         0.00         0.00         0.00         0.00         0.00         0.00
7338          7.00         6.00       721.00       173.04        60.00        60.00       143.04         0.00         0.00         0.00         0.00         0.00         0.00         0.00         0.00         0.00         0.00         0.00         0.00
5677          7.00         6.00       856.94       160.30        60.00        50.00       162.75         0.00         0.00         0.00         0.00         0.00         0.00         0.00         0.00         0.00         0.00         0.00         0.00
7737          7.00         5.00       721.00        25.38         0.00        50.00       100.47         0.00         0.00         0.00         0.00         0.00         0.00         0.00         0.00         0.00         0.00         0.00         0.00
4008          7.00         6.00     1,074.01       813.26        60.00        60.00       301.96         0.00         0.00         0.00         0.00         0.00       150.00         0.00         0.00         0.00         0.00         0.00         0.00
6210          7.00         6.00       721.00        30.38        60.00        60.00       120.22        77.25         0.00         0.00         0.00         0.00       100.00         0.00         0.00         0.00         0.00         0.00         0.00
6213          7.00         6.00       721.00       173.04        60.00        50.00       143.04         0.00         0.00         0.00         0.00         0.00         0.00         0.00         0.00         0.00         0.00         0.00         0.00
7812          7.00         6.00       721.00        30.38        60.00        60.00       120.22       128.75         0.00         0.00         0.00         0.00         0.00         0.00         0.00         0.00         0.00         0.00         0.00
0849          7.00         6.00       856.94        37.10        60.00        50.00       143.04         0.00         0.00         0.00         0.00         0.00        85.00         0.00         0.00         0.00         0.00         0.00         0.00
7536          7.00         6.00       721.00        30.38        60.00        50.00       120.22       206.00         0.00         0.00         0.00         0.00         0.00         0.00         0.00         0.00         0.00         0.00         0.00
7430          7.00         6.00     1,260.00       460.11        60.00        60.00       275.21       405.00        67.50         0.00         0.00         0.00       218.05         0.00         0.00         0.00         0.00         0.00         0.00
5181          7.00         6.00       721.00        30.38        60.00        60.00       120.22         0.00         0.00         0.00         0.00         0.00         0.00         0.00         0.00         0.00         0.00         0.00         0.00
7655          7.00         5.00       721.00        24.30         0.00        40.00        96.17       103.00         0.00         0.00         0.00         0.00         0.00         0.00         0.00         0.00         0.00         0.00         0.00
7858          7.00         5.00       721.00        25.38         0.00        50.00       100.47         0.00         0.00         0.00         0.00        51.50         0.00         0.00         0.00         0.00         0.00         0.00         0.00
7057          7.00         6.00       721.00        30.38        60.00        50.00       120.22         0.00         0.00         0.00         0.00         0.00         0.00         0.00         0.00         0.00         0.00         0.00         0.00
5558          7.00         6.00       721.00       173.04        60.00        50.00       143.04         0.00         0.00         0.00         0.00         0.00         0.00         0.00         0.00         0.00         0.00         0.00         0.00
4746          7.00         6.00       878.01       248.78        60.00        50.00       180.28         0.00         0.00         0.00         0.00         0.00       145.00         0.00         0.00         0.00         0.00         0.00         0.00
7663          7.00         6.00       721.00        30.38        60.00        50.00       120.22        25.75         0.00       128.75         0.00         0.00       264.34         0.00         0.00         0.00         0.00         0.00         0.00
7407          7.00         6.00       721.00        30.38        60.00        60.00       120.22         0.00         0.00         0.00         0.00         0.00         0.00         0.00         0.00         0.00         0.00         0.00         0.00
7828          7.00         6.00       721.00       123.06        60.00        60.00       135.04        51.50         0.00         0.00         0.00         0.00         0.00         0.00         0.00         0.00         0.00         0.00         0.00
7773          7.00         6.00       721.00        30.38        60.00        60.00       120.22         0.00         0.00         0.00         0.00        51.50         0.00         0.00         0.00         0.00         0.00         0.00         0.00
7839          7.00         6.00     1,258.95       735.56        60.00        60.00       319.12         0.00         0.00         0.00         0.00         0.00       449.62         0.00         0.00         0.00         0.00         0.00         0.00
1424          7.00         6.00     1,962.52       597.45        60.00        50.00       409.59         0.00         0.00         0.00         0.00         0.00         0.00         0.00         0.00         0.00         0.00         0.00         0.00
5280          7.00         6.00     1,166.69       643.79        60.00        50.00       289.67         0.00         0.00         0.00         0.00         0.00         0.00         0.00         0.00         0.00         0.00         0.00         0.00
7742          7.00         6.00       721.00        30.38        60.00        50.00       120.22         0.00         0.00         0.00         0.00         0.00         0.00         0.00         0.00         0.00         0.00         0.00         0.00

















































EJECUTIVOS EN SERVICIOS DE ALIMENTOS, S.A. DE C.V.                                                                      Pagina: 0002
R.F.C.:                                                                                                                    2/NOV/19
REPORTE DE SUELDOS SEMANALES PERCEPCIONES


 
Codigo Dias de Pago Dias Laborad Sueldo       Compensacion Premio Asist Ayuda Transp Vales Despen T.E. Doble   T.E. Triple  Descanso lab Festivo labo Prim Dominic Perc Gravada Prem x Obj   Aguinaldo    Vacaciones   Prima Vacaci Grat Especia Utilidades
..........................................................................................................................................................................................................................................
7853          7.00         6.00       721.00        30.38        60.00        60.00       120.22         0.00         0.00         0.00         0.00        51.50         0.00         0.00         0.00         0.00         0.00         0.00         0.00
6461          7.00         6.00       836.99       173.95        60.00        60.00       161.75       239.14         0.00         0.00         0.00         0.00         0.00         0.00         0.00         0.00        36.10         0.00         0.00
6765          7.00         6.00       878.01       293.86        60.00        60.00       187.49        31.35         0.00         0.00         0.00         0.00         0.00         0.00         0.00         0.00         0.00         0.00         0.00
7694          7.00         6.00       721.00        30.38        60.00        60.00       120.22         0.00         0.00         0.00         0.00        51.50         0.00         0.00         0.00         0.00         0.00         0.00         0.00
6657          0.00         0.00         0.00         0.00         0.00         0.00         0.00         0.00         0.00         0.00         0.00         0.00         0.00         0.00         0.00         0.00         0.00         0.00         0.00
5000          7.00         6.00       856.94       152.67        60.00        60.00       161.53         0.00         0.00         0.00         0.00         0.00         0.00         0.00         0.00         0.00         0.00         0.00         0.00
5644          7.00         6.00       836.99       173.95        60.00        60.00       161.75       239.14         0.00         0.00         0.00        59.78         0.00         0.00         0.00         0.00         0.00         0.00         0.00
6638          7.00         6.00       721.00        30.38        60.00        60.00       120.22         0.00         0.00         0.00         0.00         0.00         0.00         0.00         0.00         0.00         0.00         0.00         0.00
7800          7.00         6.00       721.00        30.38        60.00        60.00       120.22        77.25         0.00         0.00         0.00         0.00         0.00         0.00         0.00         0.00         0.00         0.00         0.00
6690          7.00         6.00       721.00        30.38        60.00        50.00       120.22         0.00         0.00         0.00         0.00         0.00         0.00         0.00         0.00         0.00         0.00         0.00         0.00
7861          6.00         2.00       602.55        41.13         0.00        20.00         0.00         0.00         0.00         0.00         0.00         0.00        45.14         0.00         0.00         0.00         0.00         0.00         0.00
7168          7.00         6.00       721.00        30.38        60.00        60.00       120.22         0.00         0.00         0.00         0.00        51.50         0.00         0.00         0.00         0.00         0.00         0.00         0.00
7786          7.00         6.00       721.00        30.38        60.00        50.00       120.22         0.00         0.00         0.00         0.00         0.00         0.00         0.00         0.00         0.00         0.00         0.00         0.00
4314          7.00         6.00       856.94       742.35        60.00        60.00       255.88       214.23         0.00         0.00         0.00         0.00       245.79         0.00         0.00         0.00         0.00         0.00         0.00
7843          0.00         0.00         0.00         0.00         0.00         0.00         0.00         0.00         0.00         0.00         0.00         0.00         0.00         0.00         0.00         0.00         0.00         0.00         0.00
7848          7.00         5.00       721.00        24.30         0.00        40.00        96.17         0.00         0.00         0.00         0.00         0.00         0.00         0.00         0.00         0.00         0.00         0.00         0.00
7632          7.00         6.00       721.00        30.38        60.00        60.00       120.22        77.25         0.00       128.75         0.00        51.50         0.00         0.00         0.00         0.00         0.00         0.00         0.00
6504          7.00         6.00       721.00        30.38        60.00        60.00       120.22        64.37         0.00         0.00         0.00         0.00         0.00         0.00         0.00         0.00         0.00         0.00         0.00
7842          7.00         3.00       721.00        15.23         0.00        30.00         0.00        25.75         0.00         0.00         0.00         0.00        60.28         0.00         0.00         0.00         0.00         0.00         0.00
7801          7.00         6.00       721.00        30.38        60.00        60.00       120.22         0.00         0.00         0.00         0.00         0.00         0.00         0.00         0.00         0.00         0.00         0.00         0.00
7604          7.00         6.00       721.00        30.38        60.00        60.00       120.22         0.00         0.00         0.00         0.00         0.00         0.00         0.00         0.00         0.00         0.00         0.00         0.00
7061          7.00         6.00       721.00        30.38        60.00        60.00       120.22         0.00         0.00         0.00         0.00         0.00       254.48         0.00         0.00         0.00         0.00         0.00         0.00
7805          0.00         0.00         0.00         0.00         0.00         0.00         0.00         0.00         0.00         0.00         0.00         0.00         0.00         0.00         0.00         0.00         0.00         0.00         0.00
7847          7.00         6.00       721.00        30.38        60.00        50.00       120.22         0.00         0.00         0.00         0.00         0.00         0.00         0.00         0.00         0.00         0.00         0.00         0.00
7633          7.00         6.00       721.00        30.38        60.00        50.00       120.22         0.00         0.00       128.75         0.00        51.50         0.00         0.00         0.00         0.00         0.00         0.00         0.00
7428          7.00         6.00       721.00        30.38        60.00        60.00       120.22         0.00         0.00         0.00         0.00         0.00         0.00         0.00         0.00         0.00         0.00         0.00         0.00
2897          7.00         6.00       721.00        30.38        60.00        50.00       120.22         0.00         0.00         0.00         0.00         0.00         0.00         0.00         0.00         0.00         0.00         0.00         0.00
7558          7.00         6.00       721.00        30.38        60.00        60.00       120.22       193.12        19.31         0.00         0.00         0.00         0.00         0.00         0.00         0.00         0.00         0.00         0.00
6360          7.00         6.00       721.00        30.38        60.00        60.00       120.22       231.75         0.00         0.00         0.00         0.00         0.00         0.00         0.00         0.00        53.67         0.00         0.00
7614          7.00         6.00       856.94       113.82        60.00        50.00       155.32       275.44       504.98       244.84         0.00         0.00       180.99         0.00         0.00         0.00         0.00         0.00         0.00
3318          7.00         6.00     1,020.18       938.70        60.00        50.00       313.42         0.00         0.00         0.00         0.00         0.00     2,062.68         0.00         0.00         0.00       419.76         0.00         0.00
7706          7.00         5.00       721.00        25.38         0.00        50.00       100.47         0.00         0.00         0.00         0.00         0.00         0.00         0.00         0.00         0.00         0.00         0.00         0.00
7804          7.00         6.00       994.07       460.11        60.00        50.00       232.66         0.00         0.00         0.00         0.00         0.00         0.00         0.00         0.00         0.00         0.00         0.00         0.00
5139          7.00         6.00     1,400.00       436.80        60.00        60.00       293.88       100.00         0.00         0.00         0.00         0.00       681.29         0.00         0.00         0.00         0.00         0.00         0.00
6083          7.00         6.00       721.00        93.17        60.00        60.00       130.26         0.00         0.00         0.00         0.00        51.50         0.00         0.00         0.00         0.00         0.00         0.00         0.00
6766          7.00         6.00       856.94       152.67        60.00        50.00       161.53         0.00         0.00         0.00         0.00         0.00         0.00         0.00         0.00         0.00         0.00         0.00         0.00
4137          7.00         6.00     1,964.97     1,050.07        60.00        60.00       482.40       280.71         0.00         0.00         0.00         0.00         0.00         0.00         0.00         0.00         0.00         0.00         0.00
7542          7.00         6.00       721.00        30.38        60.00        60.00       120.22         0.00         0.00         0.00         0.00         0.00         0.00         0.00         0.00         0.00         0.00         0.00         0.00
7756          7.00         6.00       721.00        30.38        60.00        50.00       120.22         0.00         0.00         0.00         0.00         0.00         0.00         0.00         0.00         0.00         0.00         0.00         0.00
3780          7.00         6.00       878.01       429.45        60.00        60.00       209.19       172.46         0.00         0.00         0.00         0.00        90.00         0.00         0.00         0.00         0.00         0.00         0.00
6205          7.00         6.00       721.00       123.06        60.00        60.00       135.04         0.00         0.00         0.00         0.00        51.50         0.00         0.00         0.00         0.00         0.00         0.00         0.00
5027          7.00         6.00       721.00       173.04        60.00        60.00       143.04         0.00         0.00         0.00         0.00         0.00       216.00         0.00         0.00         0.00         0.00         0.00         0.00
7791          7.00         6.00       721.00        30.38        60.00        60.00       120.22       180.25         0.00         0.00         0.00         0.00         0.00         0.00         0.00         0.00         0.00         0.00         0.00

















































EJECUTIVOS EN SERVICIOS DE ALIMENTOS, S.A. DE C.V.                                                                      Pagina: 0003
R.F.C.:                                                                                                                    2/NOV/19
REPORTE DE SUELDOS SEMANALES PERCEPCIONES


 
Codigo Dias de Pago Dias Laborad Sueldo       Compensacion Premio Asist Ayuda Transp Vales Despen T.E. Doble   T.E. Triple  Descanso lab Festivo labo Prim Dominic Perc Gravada Prem x Obj   Aguinaldo    Vacaciones   Prima Vacaci Grat Especia Utilidades
..........................................................................................................................................................................................................................................
7818          7.00         5.00       721.00       138.43         0.00        40.00       114.43         0.00         0.00         0.00         0.00         0.00         0.00         0.00         0.00         0.00         0.00         0.00         0.00
7815          7.00         6.00       721.00        30.38        60.00        50.00       120.22         0.00         0.00         0.00         0.00         0.00         0.00         0.00         0.00         0.00         0.00         0.00         0.00
6839          7.00         6.00       721.00        30.38        60.00        60.00       120.22       128.75         0.00         0.00         0.00         0.00         0.00         0.00         0.00         0.00         0.00         0.00         0.00
5646          7.00         6.00       721.00        30.38        60.00        60.00       120.22         0.00         0.00         0.00         0.00         0.00         0.00         0.00         0.00         0.00         0.00         0.00         0.00
7708          7.00         6.00       721.00        30.38        60.00        60.00       120.22         0.00         0.00         0.00         0.00         0.00         0.00         0.00         0.00         0.00         0.00         0.00         0.00
7852          7.00         6.00       721.00        30.38        60.00        50.00       120.22        64.37         0.00         0.00         0.00         0.00         0.00         0.00         0.00         0.00         0.00         0.00         0.00
7833          0.00         0.00         0.00         0.00         0.00         0.00         0.00         0.00         0.00         0.00         0.00         0.00         0.00         0.00         0.00         0.00         0.00         0.00         0.00
5679          7.00         6.00       856.94       243.74        60.00        60.00       176.10         0.00         0.00         0.00         0.00         0.00         0.00         0.00         0.00         0.00         0.00         0.00         0.00
7530          7.00         6.00       721.00        30.38        60.00        60.00       120.22       141.62         0.00         0.00         0.00         0.00         0.00         0.00         0.00         0.00         0.00         0.00         0.00
6028          7.00         6.00       836.99       173.95        60.00        60.00       161.75       269.03       179.35         0.00         0.00         0.00         0.00         0.00         0.00         0.00         0.00         0.00         0.00
6565          7.00         6.00       721.00        30.38        60.00        60.00       120.22         0.00         0.00         0.00         0.00         0.00         0.00         0.00         0.00         0.00         0.00         0.00         0.00
7731          7.00         6.00       721.00        30.38        60.00        50.00       120.22         0.00         0.00         0.00         0.00         0.00         0.00         0.00         0.00         0.00         0.00         0.00         0.00
7753          7.00         6.00       721.00       173.04        60.00        50.00       143.04         0.00         0.00       180.25         0.00         0.00         0.00         0.00         0.00         0.00         0.00         0.00         0.00
3676          7.00         6.00       878.01       293.86        60.00        50.00       187.49       282.21       282.21       219.50         0.00         0.00         0.00         0.00         0.00         0.00         0.00         0.00         0.00
3221          7.00         6.00       836.99       271.25        60.00        60.00       177.31       194.30         0.00         0.00         0.00         0.00         0.00         0.00         0.00         0.00         0.00         0.00         0.00
7741          7.00         6.00       721.00        30.38        60.00        50.00       120.22         0.00         0.00         0.00         0.00         0.00         0.00         0.00         0.00         0.00         0.00         0.00         0.00
7779          7.00         6.00       856.94       113.82        60.00        60.00       155.32         0.00         0.00         0.00         0.00         0.00         0.00         0.00         0.00         0.00         0.00         0.00         0.00
7269          7.00         6.00       721.00        30.38        60.00        60.00       120.22         0.00         0.00         0.00         0.00         0.00         0.00         0.00         0.00         0.00         0.00         0.00         0.00
7844          7.00         6.00       721.00        30.38        60.00        60.00       120.22         0.00         0.00         0.00         0.00         0.00         0.00         0.00         0.00         0.00         0.00         0.00         0.00
7845          7.00         6.00       721.00       173.04        60.00        60.00       143.04       103.00         0.00         0.00         0.00         0.00       245.00         0.00         0.00         0.00         0.00         0.00         0.00
2522          7.00         6.00       721.00        30.38        60.00        60.00       120.22       103.00         0.00       115.87         0.00        51.50         0.00         0.00         0.00         0.00         0.00         0.00         0.00
7856          7.00         6.00       602.55        25.38        50.00        50.00       100.47         0.00         0.00         0.00         0.00         0.00         0.00         0.00         0.00         0.00         0.00         0.00         0.00
0236          7.00         6.00     1,074.01       813.26        60.00        60.00       301.96         0.00         0.00         0.00         0.00         0.00         0.00         0.00         0.00         0.00         0.00         0.00         0.00
7080          7.00         6.00       878.01       307.65        60.00        60.00       189.70       282.21       235.18         0.00         0.00        62.71         0.00         0.00         0.00         0.00         0.00         0.00         0.00
5965          7.00         6.00       856.94       152.67        60.00        60.00       161.53        30.60         0.00         0.00         0.00         0.00         0.00         0.00         0.00         0.00         0.00         0.00         0.00
5447          7.00         6.00       721.00       173.04        60.00        50.00       143.04         0.00         0.00         0.00         0.00         0.00         0.00         0.00         0.00         0.00         0.00         0.00         0.00
6685          7.00         6.00       721.00        30.38        60.00        60.00       120.22        51.50         0.00         0.00         0.00         0.00         0.00         0.00         0.00         0.00         0.00         0.00         0.00
5549          7.00         6.00       721.00        30.38        60.00        60.00       120.22         0.00         0.00         0.00         0.00        51.50         0.00         0.00         0.00         0.00         0.00         0.00         0.00
7860          6.00         4.00       602.55        82.27         0.00        40.00        90.29         0.00         0.00         0.00         0.00        51.50         0.00         0.00         0.00         0.00         0.00         0.00         0.00
0854          7.00         6.00     1,010.03       367.57        60.00        60.00       220.41       180.36         0.00         0.00         0.00        72.14        90.00         0.00         0.00         0.00         0.00         0.00         0.00
7295          7.00         6.00       721.00        30.38        60.00        60.00       120.22         0.00         0.00         0.00         0.00         0.00         0.00         0.00         0.00         0.00         0.00         0.00         0.00
6832          7.00         6.00       721.00        30.38        60.00        60.00       120.22        90.12         0.00         0.00         0.00         0.00         0.00         0.00         0.00         0.00        26.83         0.00         0.00
4807          7.00         6.00     3,663.66         0.00        60.00        60.00       564.20         0.00         0.00         0.00         0.00         0.00         0.00         0.00         0.00         0.00         0.00         0.00         0.00
6821          7.00         6.00       856.94       152.67        60.00        50.00       161.53         0.00         0.00       153.02         0.00        61.21         0.00         0.00         0.00         0.00         0.00         0.00         0.00
7850          7.00         6.00       721.00        30.38        60.00        60.00       120.22         0.00         0.00         0.00         0.00         0.00         0.00         0.00         0.00         0.00         0.00         0.00         0.00
7862          6.00         5.00       602.55       102.84        50.00        50.00       112.86         0.00         0.00         0.00         0.00         0.00         0.00         0.00         0.00         0.00         0.00         0.00         0.00
3169          7.00         6.00       721.00        30.38        60.00        60.00       120.22         0.00         0.00         0.00         0.00         0.00         0.00         0.00         0.00         0.00         0.00         0.00         0.00
4514          7.00         6.00       878.01       293.86        60.00        60.00       187.49         0.00         0.00         0.00         0.00         0.00         0.00         0.00         0.00         0.00       251.11         0.00         0.00
7814          7.00         6.00       721.00       173.04        60.00        50.00       143.04         0.00         0.00         0.00         0.00         0.00         0.00         0.00         0.00         0.00         0.00         0.00         0.00
7104          7.00         6.00       721.00       173.04        60.00        50.00       143.04         0.00         0.00         0.00         0.00         0.00         0.00         0.00         0.00         0.00         0.00         0.00         0.00
7754          6.00         5.00       602.55        25.38        50.00        50.00       100.47         0.00         0.00         0.00         0.00         0.00         0.00         0.00         0.00         0.00         0.00         0.00         0.00
7717          7.00         6.00       878.01       307.65        60.00        60.00       189.70         0.00         0.00         0.00         0.00         0.00         0.00         0.00         0.00         0.00         0.00         0.00         0.00
6014          7.00         6.00       856.94       152.67        60.00        60.00       161.53       153.02         0.00         0.00         0.00         0.00         0.00         0.00         0.00         0.00         0.00         0.00         0.00

















































EJECUTIVOS EN SERVICIOS DE ALIMENTOS, S.A. DE C.V.                                                                      Pagina: 0004
R.F.C.:                                                                                                                    2/NOV/19
REPORTE DE SUELDOS SEMANALES PERCEPCIONES


 
Codigo Dias de Pago Dias Laborad Sueldo       Compensacion Premio Asist Ayuda Transp Vales Despen T.E. Doble   T.E. Triple  Descanso lab Festivo labo Prim Dominic Perc Gravada Prem x Obj   Aguinaldo    Vacaciones   Prima Vacaci Grat Especia Utilidades
..........................................................................................................................................................................................................................................
7775          7.00         6.00       721.00        30.38        60.00        50.00       120.22         0.00         0.00         0.00         0.00         0.00         0.00         0.00         0.00         0.00         0.00         0.00         0.00
7551          7.00         6.00       721.00        30.38        60.00        60.00       120.22         0.00         0.00         0.00         0.00         0.00     1,254.59         0.00         0.00         0.00       161.01         0.00         0.00
7715          7.00         6.00       721.00        30.38        60.00        60.00       120.22         0.00         0.00         0.00         0.00        51.50         0.00         0.00         0.00         0.00         0.00         0.00         0.00
3827          7.00         6.00       721.00        93.17        60.00        60.00       130.26       103.00         0.00       128.75         0.00        51.50         0.00         0.00         0.00         0.00         0.00         0.00         0.00
5412          7.00         6.00       721.00        30.38        60.00        50.00       120.22         0.00         0.00         0.00         0.00         0.00         0.00         0.00         0.00         0.00         0.00         0.00         0.00
4504          7.00         6.00     1,484.91       504.98        60.00        50.00       318.38         0.00         0.00         0.00         0.00         0.00       100.00         0.00         0.00         0.00         0.00         0.00         0.00
7395          7.00         6.00       721.00       123.06        60.00        60.00       135.04       231.75         0.00         0.00         0.00         0.00         0.00         0.00         0.00         0.00         0.00         0.00         0.00
0214          7.00         6.00     2,439.50     1,224.16        60.00        60.00       564.20         0.00         0.00         0.00         0.00         0.00         0.00         0.00         0.00         0.00         0.00         0.00         0.00
7849          7.00         6.00       721.00        30.38        60.00        50.00       120.22       103.00         0.00         0.00         0.00         0.00         0.00         0.00         0.00         0.00         0.00         0.00         0.00
6321          7.00         6.00       721.00        93.17        60.00        60.00       130.26        64.37         0.00         0.00         0.00         0.00         0.00         0.00         0.00         0.00         0.00         0.00         0.00
5232          7.00         6.00       721.00       173.04        60.00        50.00       143.04         0.00         0.00       180.25         0.00         0.00       100.00         0.00         0.00         0.00         0.00         0.00         0.00
4958          7.00         6.00       721.00        30.38        60.00        60.00       120.22         0.00         0.00         0.00         0.00         0.00         0.00         0.00         0.00         0.00         0.00         0.00         0.00
3979          7.00         6.00     2,177.98     1,067.22        60.00        60.00       519.23         0.00         0.00         0.00         0.00         0.00         0.00         0.00         0.00         0.00         0.00         0.00         0.00
7854          7.00         6.00       721.00        30.38        60.00        60.00       120.22         0.00         0.00         0.00         0.00         0.00         0.00         0.00         0.00         0.00         0.00         0.00         0.00
0442          7.00         6.00       774.06       481.39        60.00        60.00       200.87       110.58         0.00       138.22         0.00        55.29         0.00         0.00         0.00         0.00         0.00         0.00         0.00
7699          7.00         6.00       721.00        30.38        60.00        60.00       120.22         0.00         0.00         0.00         0.00        51.50         0.00         0.00         0.00         0.00         0.00         0.00         0.00
7857          6.00         5.00       967.41       459.22        50.00        50.00       228.26         0.00         0.00         0.00         0.00        82.68         0.00         0.00         0.00         0.00         0.00         0.00         0.00
7330          0.00         0.00         0.00         0.00         0.00         0.00         0.00         0.00         0.00         0.00         0.00         0.00         0.00         0.00         0.00         0.00         0.00         0.00         0.00
7719          7.00         6.00       721.00        30.38        60.00        60.00       120.22         0.00         0.00         0.00         0.00         0.00         0.00         0.00         0.00         0.00         0.00         0.00         0.00
7841          7.00         6.00       721.00        30.38        60.00        60.00       120.22         0.00         0.00         0.00         0.00         0.00         0.00         0.00         0.00         0.00         0.00         0.00         0.00
7846          7.00         6.00       721.00       173.04        60.00        60.00       143.04         0.00         0.00         0.00         0.00         0.00         0.00         0.00         0.00         0.00         0.00         0.00         0.00
7421          7.00         6.00       721.00        30.38        60.00        60.00       120.22       231.75         0.00         0.00         0.00         0.00         0.00         0.00         0.00         0.00         0.00         0.00         0.00
7776          7.00         6.00       721.00        30.38        60.00        50.00       120.22         0.00         0.00         0.00         0.00         0.00         0.00         0.00         0.00         0.00         0.00         0.00         0.00
7823          7.00         6.00       721.00        30.38        60.00        60.00       120.22         0.00         0.00         0.00         0.00         0.00         0.00         0.00         0.00         0.00         0.00         0.00         0.00
7298          7.00         6.00       955.99       413.77        60.00        50.00       219.16       204.85         0.00         0.00         0.00         0.00         0.00         0.00         0.00         0.00         0.00         0.00         0.00
7758          7.00         6.00       721.00        30.38        60.00        60.00       120.22         0.00         0.00         0.00         0.00         0.00         0.00         0.00         0.00         0.00         0.00         0.00         0.00
5396          7.00         6.00       721.00        30.38        60.00        60.00       120.22       115.87         0.00       128.75         0.00        51.50         0.00         0.00         0.00         0.00         0.00         0.00         0.00
5704          7.00         6.00       878.01       355.11        60.00        60.00       197.29         0.00         0.00         0.00         0.00         0.00         0.00         0.00         0.00         0.00         0.00         0.00         0.00
7503          7.00         6.00       721.00       123.06        60.00        60.00       135.04         0.00         0.00         0.00         0.00        51.50         0.00         0.00         0.00         0.00         0.00         0.00         0.00
7588          7.00         6.00       721.00        30.38        60.00        60.00       120.22         0.00         0.00         0.00         0.00         0.00         0.00         0.00         0.00         0.00         0.00         0.00         0.00
7821          7.00         6.00       721.00       173.04        60.00        60.00       143.04         0.00         0.00         0.00         0.00         0.00         0.00         0.00         0.00         0.00         0.00         0.00         0.00
5588          7.00         6.00       721.00        30.38        60.00        60.00       120.22         0.00         0.00         0.00         0.00         0.00         0.00         0.00         0.00         0.00         0.00         0.00         0.00
6203          7.00         6.00       721.00       123.06        60.00        60.00       135.04       103.00         0.00         0.00         0.00         0.00         0.00         0.00         0.00         0.00         0.00         0.00         0.00
6582          7.00         6.00       721.00        30.38        60.00        50.00       120.22         0.00         0.00         0.00         0.00         0.00         0.00         0.00         0.00         0.00         0.00         0.00         0.00
7392          7.00         6.00       721.00        30.38        60.00        60.00       120.22         0.00         0.00         0.00         0.00         0.00         0.00         0.00         0.00         0.00         0.00         0.00         0.00
7226          7.00         6.00       721.00       173.04        60.00        60.00       143.04         0.00         0.00         0.00         0.00         0.00         0.00         0.00         0.00         0.00         0.00         0.00         0.00
7664          7.00         6.00       721.00        30.38        60.00        60.00       120.22         0.00         0.00         0.00         0.00        51.50         0.00         0.00         0.00         0.00         0.00         0.00         0.00
3326          7.00         6.00       878.01       429.45        60.00        60.00       209.19         0.00         0.00         0.00         0.00         0.00         0.00         0.00         0.00         0.00         0.00         0.00         0.00
0449          7.00         6.00       721.00       117.39        60.00        60.00       134.14         0.00         0.00         0.00         0.00        51.50       300.00         0.00         0.00         0.00         0.00         0.00         0.00
7863          5.00         4.00       587.01       166.32        40.00        40.00       120.53         0.00         0.00         0.00         0.00        62.71         0.00         0.00         0.00         0.00         0.00         0.00         0.00
6934          7.00         6.00     2,057.51       821.94        60.00        60.00       460.71         0.00         0.00         0.00         0.00         0.00         0.00         0.00         0.00         0.00         0.00         0.00         0.00
7137          7.00         6.00       856.94       362.53        60.00        50.00       195.11         0.00         0.00         0.00         0.00         0.00       183.43         0.00         0.00         0.00         0.00         0.00         0.00
6682          7.00         5.00       721.00        24.30         0.00        40.00        96.17         0.00         0.00         0.00         0.00         0.00         0.00         0.00         0.00         0.00         0.00         0.00         0.00

















































EJECUTIVOS EN SERVICIOS DE ALIMENTOS, S.A. DE C.V.                                                                      Pagina: 0005
R.F.C.:                                                                                                                    2/NOV/19
REPORTE DE SUELDOS SEMANALES PERCEPCIONES


 
Codigo Dias de Pago Dias Laborad Sueldo       Compensacion Premio Asist Ayuda Transp Vales Despen T.E. Doble   T.E. Triple  Descanso lab Festivo labo Prim Dominic Perc Gravada Prem x Obj   Aguinaldo    Vacaciones   Prima Vacaci Grat Especia Utilidades
..........................................................................................................................................................................................................................................
1269          7.00         6.00       721.00        30.38        60.00        50.00       120.22         0.00         0.00         0.00         0.00         0.00         0.00         0.00         0.00         0.00         0.00         0.00         0.00
7864          5.00         1.00       482.04        20.56         0.00        10.00         0.00         0.00         0.00         0.00         0.00         0.00        22.57         0.00         0.00         0.00         0.00         0.00         0.00
6006          7.00         6.00       721.00        30.38        60.00        50.00       120.22         0.00         0.00         0.00         0.00         0.00         0.00         0.00         0.00         0.00         0.00         0.00         0.00
1419          7.00         6.00     1,010.03       367.57        60.00        60.00       220.41         0.00         0.00         0.00         0.00         0.00         0.00         0.00         0.00         0.00         0.00         0.00         0.00
3525          7.00         6.00       856.94         0.00        60.00        60.00       155.32         0.00         0.00         0.00         0.00         0.00         0.00         0.00         0.00         0.00         0.00         0.00         0.00
7859          7.00         6.00       721.00       123.06        60.00        60.00       135.04         0.00         0.00         0.00         0.00         0.00         0.00         0.00         0.00         0.00         0.00         0.00         0.00
7855          7.00         6.00       721.00        30.38        60.00        60.00       120.22         0.00         0.00         0.00         0.00        51.50         0.00         0.00         0.00         0.00         0.00         0.00         0.00
6885          7.00         6.00       721.00        30.38        60.00        60.00       120.22        77.25       193.12         0.00         0.00         0.00         0.00         0.00         0.00         0.00         0.00         0.00         0.00
4775          7.00         6.00       721.00        30.38        60.00        50.00       120.22       128.75         0.00         0.00         0.00         0.00         0.00         0.00         0.00         0.00         0.00         0.00         0.00
7528          7.00         6.00       721.00       123.06        60.00        60.00       135.04       180.25         0.00         0.00         0.00        51.50         0.00         0.00         0.00         0.00         0.00         0.00         0.00
4832          7.00         6.00       721.00        30.38        60.00        60.00       120.22         0.00         0.00         0.00         0.00         0.00         0.00         0.00         0.00         0.00         0.00         0.00         0.00
7836          7.00         6.00       721.00        30.38        60.00        60.00       120.22       154.50       231.75         0.00         0.00         0.00        77.25         0.00         0.00         0.00         0.00         0.00         0.00
7824          7.00         6.00       721.00        30.38        60.00        60.00       120.22         0.00         0.00         0.00         0.00         0.00         0.00         0.00         0.00         0.00         0.00         0.00         0.00
3321          7.00         6.00     1,077.37       632.59        60.00        50.00       273.59         0.00         0.00         0.00         0.00         0.00       438.96         0.00         0.00         0.00         0.00         0.00         0.00
2112          7.00         6.00       721.00        30.38        60.00        60.00       120.22         0.00         0.00         0.00         0.00         0.00         0.00         0.00         0.00         0.00         0.00         0.00         0.00
0624          7.00         6.00       983.99       827.19        60.00        60.00       289.78         0.00         0.00         0.00         0.00         0.00         0.00         0.00         0.00         0.00        64.68         0.00         0.00
6877          7.00         6.00       856.94       113.82        60.00        50.00       155.32         0.00         0.00         0.00         0.00         0.00         0.00         0.00         0.00         0.00         0.00         0.00         0.00
4385          7.00         6.00       856.94       201.39        60.00        50.00       169.33         0.00         0.00         0.00         0.00         0.00       150.00         0.00         0.00         0.00         0.00         0.00         0.00
7378          7.00         5.00       721.00        25.38         0.00        50.00       100.47         0.00         0.00         0.00         0.00        51.50         0.00         0.00         0.00         0.00         0.00         0.00         0.00
0366          7.00         6.00     2,020.55       870.03        60.00        50.00       462.49         0.00         0.00         0.00         0.00         0.00         0.00         0.00         0.00         0.00         0.00         0.00         0.00
7755          7.00         6.00       361.53        15.23        30.00        30.00        60.28         0.00         0.00         0.00         0.00         0.00         0.00         0.00         0.00         0.00         0.00         0.00         0.00
6206          7.00         6.00       856.94       152.67        60.00        60.00         0.00         0.00         0.00         0.00         0.00         0.00         0.00         0.00         0.00         0.00         0.00         0.00         0.00
4366          7.00         6.00       721.00       173.04        60.00        60.00       143.04         0.00         0.00         0.00         0.00         0.00         0.00         0.00         0.00         0.00         0.00         0.00         0.00
7618          7.00         5.00       721.00        25.38         0.00        50.00       100.47       115.87         0.00       128.75         0.00        51.50         0.00         0.00         0.00         0.00         0.00         0.00         0.00
 
*** GLOBAL             1,111.00   158,602.23    32,302.67    10,520.00    10,530.00    29,849.38     8,344.83     1,713.40     2,004.45         0.00     1,883.68     8,210.46         0.00         0.00         0.00     1,013.16         0.00         0.00
  

































































