EJECUTIVOS EN SERVICIOS DE ALIMENTOS, S.A. DE C.V.                                                                      Pagina: 0001
R.F.C.:                                                                                                                    5/NOV/19
REPORTE DE SUELDOS SEMANALES PERCEPCIONES


 
Codigo Dias de Pago Dias Laborad Sueldo       Compensacion Premio Asist Ayuda Transp Vales Despen T.E. Doble   T.E. Triple  Descanso lab Festivo labo Prim Dominic Perc Gravada Prem x Obj   Aguinaldo    Vacaciones   Prima Vacaci Grat Especia Utilidades
..........................................................................................................................................................................................................................................
7505          7.00         4.00       623.00        85.83         0.00        40.00        80.37         0.00         0.00         0.00         0.00         0.00         0.00         0.00         0.00         0.00         0.00         0.00         0.00
7652          7.00         6.00       623.00       128.38        60.00        60.00       120.22         0.00         0.00         0.00         0.00         0.00         0.00         0.00         0.00         0.00         0.00         0.00         0.00
6600          7.00         6.00       623.00       128.38        60.00        50.00       120.22        44.50         0.00         0.00         0.00         0.00         0.00         0.00         0.00         0.00         0.00         0.00         0.00
5933          7.00         6.00       623.00       128.38        60.00        60.00       120.22         0.00         0.00         0.00         0.00         0.00         0.00         0.00         0.00         0.00         0.00         0.00         0.00
7170          7.00         6.00       623.00       128.38        60.00        60.00       120.22        89.00         0.00         0.00         0.00         0.00         0.00         0.00         0.00         0.00         0.00         0.00         0.00
5618          7.00         6.00       623.00       128.38        60.00        50.00       120.22        66.75         0.00         0.00         0.00         0.00       800.00         0.00         0.00         0.00         0.00         0.00         0.00
3890          7.00         6.00     1,258.95       735.56        60.00        50.00       319.12         0.00         0.00         0.00         0.00         0.00         0.00         0.00         0.00         0.00         0.00         0.00         0.00
3652          7.00         6.00     1,077.37       738.57        60.00        60.00       290.55       192.38        57.71         0.00         0.00         0.00         0.00         0.00         0.00         0.00         0.00         0.00         0.00
2530          7.00         6.00       623.00       128.38        60.00        50.00       120.22         0.00         0.00         0.00         0.00         0.00         0.00         0.00         0.00         0.00         0.00         0.00         0.00
1123          7.00         6.00       878.01       293.86        60.00        60.00       187.49         0.00         0.00         0.00         0.00         0.00         0.00         0.00         0.00         0.00         0.00         0.00         0.00
7593          7.00         6.00       623.00       128.38        60.00        60.00       120.22         0.00         0.00         0.00         0.00         0.00       800.00         0.00         0.00         0.00         0.00         0.00         0.00
7640          7.00         6.00       623.00       128.38        60.00        60.00       120.22         0.00         0.00         0.00         0.00         0.00         0.00         0.00         0.00         0.00         0.00         0.00         0.00
7005          0.00         0.00         0.00         0.00         0.00         0.00         0.00         0.00         0.00         0.00         0.00         0.00         0.00         0.00         0.00         0.00         0.00         0.00         0.00
7259          7.00         6.00       623.00       128.38        60.00        60.00       120.22         0.00         0.00         0.00         0.00         0.00         0.00         0.00         0.00         0.00         0.00         0.00         0.00
7312          7.00         6.00       623.00       128.38        60.00        60.00       120.22         0.00         0.00         0.00         0.00        44.50         0.00         0.00         0.00         0.00         0.00         0.00         0.00
7338          7.00         6.00       623.00       128.38        60.00        60.00       120.22         0.00         0.00         0.00         0.00         0.00         0.00         0.00         0.00         0.00         0.00         0.00         0.00
7600          7.00         6.00       623.00       128.38        60.00        50.00       120.22         0.00         0.00         0.00         0.00         0.00       800.00         0.00         0.00         0.00         0.00         0.00         0.00
5677          7.00         6.00       816.13       201.11        60.00        60.00       162.75         0.00         0.00         0.00         0.00         0.00         0.00         0.00         0.00         0.00         0.00         0.00         0.00
6210          7.00         6.00       623.00       128.38        60.00        60.00       120.22        33.37         0.00         0.00         0.00         0.00        50.00         0.00         0.00         0.00        26.83         0.00         0.00
0849          7.00         6.00       816.13        49.98        60.00        50.00       138.57         0.00         0.00         0.00         0.00         0.00         0.00         0.00         0.00         0.00        30.93         0.00         0.00
7536          7.00         6.00       623.00       128.38        60.00        50.00       120.22         0.00         0.00         0.00         0.00         0.00         0.00         0.00         0.00         0.00         0.00         0.00         0.00
7430          7.00         6.00       994.07       460.11        60.00        60.00       232.66       319.52       319.52         0.00         0.00        71.00         0.00         0.00         0.00         0.00         0.00         0.00         0.00
5181          7.00         6.00       623.00       128.38        60.00        60.00       120.22        66.75       166.87         0.00         0.00         0.00         0.00         0.00         0.00         0.00         0.00         0.00         0.00
7655          7.00         3.00       623.00        51.35         0.00        20.00        48.08        11.12         0.00       133.50         0.00         0.00         0.00         0.00         0.00         0.00         0.00         0.00         0.00
7057          7.00         6.00       623.00       128.38        60.00        50.00       120.22         0.00         0.00         0.00         0.00         0.00         0.00         0.00         0.00         0.00         0.00         0.00         0.00
5558          7.00         6.00       623.00       128.38        60.00        50.00       120.22        44.50         0.00         0.00         0.00         0.00         0.00         0.00         0.00         0.00         0.00         0.00         0.00
4746          7.00         5.00       878.01       199.02         0.00        40.00       144.22         0.00         0.00         0.00         0.00         0.00         0.00         0.00         0.00         0.00         0.00         0.00         0.00
7643          7.00         6.00       623.00       128.38        60.00        50.00       120.22       122.37         0.00         0.00         0.00         0.00         0.00         0.00         0.00         0.00         0.00         0.00         0.00
7573          7.00         6.00       623.00       128.38        60.00        50.00       120.22         0.00         0.00         0.00         0.00         0.00         0.00         0.00         0.00         0.00         0.00         0.00         0.00
7663          4.00         3.00       249.20        51.35        30.00        20.00        48.08         0.00         0.00        89.00         0.00         0.00         0.00         0.00         0.00         0.00         0.00         0.00         0.00
7407          7.00         6.00       623.00       128.38        60.00        60.00       120.22        89.00       100.12       133.50         0.00        44.50         0.00         0.00         0.00         0.00         0.00         0.00         0.00
1424          7.00         6.00     1,962.52       597.45        60.00        60.00       409.59       420.54         0.00         0.00         0.00         0.00         0.00         0.00         0.00         0.00         0.00         0.00         0.00
5280          7.00         6.00     1,166.69       643.79        60.00        50.00       289.67         0.00         0.00         0.00         0.00         0.00         0.00         0.00         0.00         0.00         0.00         0.00         0.00
6461          7.00         6.00       797.16       213.78        60.00        60.00       161.75       199.29        42.70         0.00         0.00        56.94         0.00         0.00         0.00         0.00         0.00         0.00         0.00
6765          7.00         6.00       878.01       293.86        60.00        50.00       187.49         0.00         0.00         0.00         0.00         0.00       450.00         0.00         0.00         0.00         0.00         0.00         0.00
7012          7.00         6.00       623.00       128.38        60.00        60.00       120.22         0.00         0.00         0.00         0.00         0.00         0.00         0.00         0.00         0.00         0.00         0.00         0.00
5000          7.00         6.00       816.13       193.48        60.00        60.00       161.53       145.73         0.00         0.00         0.00         0.00         0.00         0.00         0.00         0.00         0.00         0.00         0.00
7586          7.00         6.00       623.00       128.38        60.00        60.00       120.22         0.00         0.00         0.00         0.00         0.00       800.00         0.00         0.00         0.00         0.00         0.00         0.00
7649          7.00         6.00       623.00       128.38        60.00        50.00       120.22         0.00         0.00         0.00         0.00         0.00         0.00         0.00         0.00         0.00         0.00         0.00         0.00
5644          7.00         6.00       797.16       213.78        60.00        60.00       161.75       213.52         0.00         0.00         0.00         0.00         0.00         0.00         0.00         0.00         0.00         0.00         0.00
7519          7.00         6.00       623.00       128.38        60.00        60.00       120.22         0.00         0.00         0.00         0.00         0.00         0.00         0.00         0.00         0.00         0.00         0.00         0.00
6638          5.00         4.00       373.80        77.02        40.00        30.00        72.13         0.00         0.00         0.00         0.00         0.00         0.00         0.00         0.00         0.00         0.00         0.00         0.00
6690          7.00         5.00       623.00       102.70         0.00        40.00        96.17        44.50         0.00         0.00         0.00         0.00         0.00         0.00         0.00         0.00         0.00         0.00         0.00

















































EJECUTIVOS EN SERVICIOS DE ALIMENTOS, S.A. DE C.V.                                                                      Pagina: 0002
R.F.C.:                                                                                                                    5/NOV/19
REPORTE DE SUELDOS SEMANALES PERCEPCIONES


 
Codigo Dias de Pago Dias Laborad Sueldo       Compensacion Premio Asist Ayuda Transp Vales Despen T.E. Doble   T.E. Triple  Descanso lab Festivo labo Prim Dominic Perc Gravada Prem x Obj   Aguinaldo    Vacaciones   Prima Vacaci Grat Especia Utilidades
..........................................................................................................................................................................................................................................
7168          7.00         5.00       623.00       107.28         0.00        50.00       100.47         0.00         0.00         0.00         0.00        44.50         0.00         0.00         0.00         0.00         0.00         0.00         0.00
6958          7.00         5.00       623.00       102.70         0.00        40.00        96.17         0.00         0.00        89.00         0.00         0.00       264.34         0.00         0.00         0.00         0.00         0.00         0.00
4314          7.00         6.00       856.31       742.98        60.00        60.00       255.88        61.16         0.00         0.00         0.00         0.00         0.00         0.00         0.00         0.00         0.00         0.00         0.00
7485          7.00         6.00       623.00       128.38        60.00        60.00       120.22         0.00         0.00         0.00         0.00        44.50         0.00         0.00         0.00         0.00         0.00         0.00         0.00
7632          7.00         6.00       623.00       128.38        60.00        60.00       120.22        66.75       100.12         0.00         0.00        44.50         0.00         0.00         0.00         0.00         0.00         0.00         0.00
4287          7.00         6.00       816.13       154.63        60.00        50.00       155.32         0.00         0.00         0.00         0.00         0.00       205.64         0.00         0.00         0.00         0.00         0.00         0.00
6427          7.00         6.00       623.00       191.17        60.00        60.00       130.26         0.00         0.00         0.00         0.00         0.00         0.00         0.00         0.00         0.00         0.00         0.00         0.00
6504          7.00         6.00       623.00       128.38        60.00        60.00       120.22         0.00         0.00         0.00         0.00         0.00         0.00         0.00         0.00         0.00        26.83         0.00         0.00
5745          7.00         6.00       623.00       128.38        60.00        60.00       120.22         0.00         0.00         0.00         0.00        44.50         0.00         0.00         0.00         0.00         0.00         0.00         0.00
7617          7.00         6.00       623.00       128.38        60.00        60.00       120.22       200.25       433.87         0.00         0.00         0.00       254.48         0.00         0.00         0.00         0.00         0.00         0.00
7604          7.00         6.00       623.00       128.38        60.00        60.00       120.22         0.00         0.00         0.00         0.00         0.00         0.00         0.00         0.00         0.00         0.00         0.00         0.00
7660          7.00         6.00       623.00       128.38        60.00        60.00       120.22         0.00         0.00         0.00         0.00        44.50         0.00         0.00         0.00         0.00         0.00         0.00         0.00
6849          7.00         6.00       623.00       128.38        60.00        60.00       120.22         0.00         0.00         0.00         0.00        44.50         0.00         0.00         0.00         0.00         0.00         0.00         0.00
7061          7.00         6.00       623.00       128.38        60.00        60.00       120.22       200.25       300.37         0.00         0.00         0.00         0.00         0.00         0.00         0.00         0.00         0.00         0.00
0881          7.00         6.00       623.00       128.38        60.00        50.00       120.22         0.00         0.00         0.00         0.00         0.00         0.00         0.00         0.00         0.00         0.00         0.00         0.00
7634          7.00         6.00       955.99       361.06        60.00        60.00       210.72       102.42         0.00         0.00         0.00         0.00         0.00         0.00         0.00         0.00         0.00         0.00         0.00
7627          7.00         6.00       623.00       128.38        60.00        60.00       120.22         0.00         0.00         0.00         0.00        44.50         0.00         0.00         0.00         0.00         0.00         0.00         0.00
7633          7.00         5.00       623.00       102.70         0.00        40.00        96.17        66.75         0.00         0.00         0.00         0.00         0.00         0.00         0.00         0.00         0.00         0.00         0.00
7650          7.00         6.00       623.00       128.38        60.00        50.00       120.22         0.00         0.00         0.00         0.00         0.00         0.00         0.00         0.00         0.00         0.00         0.00         0.00
7428          7.00         6.00       623.00       128.38        60.00        60.00       120.22         0.00         0.00         0.00         0.00         0.00         0.00         0.00         0.00         0.00         0.00         0.00         0.00
7661          7.00         6.00       623.00       128.38        60.00        60.00       120.22         0.00         0.00         0.00         0.00         0.00         0.00         0.00         0.00         0.00         0.00         0.00         0.00
2897          7.00         6.00       623.00       128.38        60.00        50.00       120.22         0.00         0.00         0.00         0.00         0.00         0.00         0.00         0.00         0.00         0.00         0.00         0.00
7558          7.00         6.00       623.00       128.38        60.00        50.00       120.22         0.00         0.00         0.00         0.00         0.00         0.00         0.00         0.00         0.00         0.00         0.00         0.00
6360          7.00         6.00       623.00       128.38        60.00        50.00       120.22         0.00         0.00         0.00         0.00         0.00         0.00         0.00         0.00         0.00        26.83         0.00         0.00
7614          7.00         6.00       623.00       128.38        60.00        50.00       120.22         0.00         0.00         0.00         0.00         0.00       155.75         0.00         0.00         0.00         0.00         0.00         0.00
3318          7.00         6.00     1,020.18       938.70        60.00        50.00       313.42         0.00         0.00         0.00         0.00         0.00       115.00         0.00         0.00         0.00         0.00         0.00         0.00
5139          7.00         6.00     1,400.00       436.80        60.00        60.00       293.88         0.00         0.00         0.00         0.00         0.00       681.29         0.00         0.00         0.00        65.60         0.00         0.00
6083          7.00         6.00       623.00       191.17        60.00        60.00       130.26         0.00         0.00         0.00         0.00        44.50         0.00         0.00         0.00         0.00         0.00         0.00         0.00
7616          7.00         3.00       623.00        64.37         0.00        30.00        60.28         0.00         0.00         0.00         0.00        44.50         0.00         0.00         0.00         0.00         0.00         0.00         0.00
6766          7.00         6.00       816.13       193.48        60.00        60.00       161.53       262.32     1,093.03         0.00         0.00         0.00         0.00         0.00         0.00         0.00         0.00         0.00         0.00
4137          7.00         6.00     1,964.97     1,050.07        60.00        60.00       482.40         0.00         0.00         0.00         0.00         0.00         0.00         0.00         0.00         0.00         0.00         0.00         0.00
7657          7.00         2.00       623.00        25.67         0.00        10.00        24.04         0.00         0.00         0.00         0.00         0.00         0.00         0.00         0.00         0.00         0.00         0.00         0.00
7542          7.00         3.00       623.00        64.37         0.00        30.00        60.28         0.00         0.00         0.00         0.00         0.00         0.00         0.00         0.00         0.00         0.00         0.00         0.00
7656          7.00         3.00       623.00        64.37         0.00        30.00        60.28         0.00         0.00         0.00         0.00         0.00         0.00         0.00         0.00         0.00         0.00         0.00         0.00
3780          7.00         6.00       878.01       429.45        60.00        60.00       209.19       109.75         0.00         0.00         0.00        62.71     1,733.32         0.00         0.00         0.00       373.56         0.00         0.00
6205          7.00         6.00       623.00       128.38        60.00        60.00       120.22         0.00         0.00         0.00         0.00         0.00         0.00         0.00         0.00         0.00         0.00         0.00         0.00
5027          7.00         6.00       623.00       191.17        60.00        60.00       130.26        66.75         0.00         0.00         0.00         0.00       216.00         0.00         0.00         0.00         0.00         0.00         0.00
7245          7.00         5.00       623.00       107.28         0.00        50.00       100.47         0.00         0.00         0.00         0.00         0.00         0.00         0.00         0.00         0.00         0.00         0.00         0.00
6839          7.00         6.00       623.00       128.38        60.00        60.00       120.22        89.00         0.00         0.00         0.00         0.00         0.00         0.00         0.00         0.00        26.83         0.00         0.00
5646          7.00         6.00       623.00       128.38        60.00        60.00       120.22         0.00         0.00         0.00         0.00         0.00         0.00         0.00         0.00         0.00         0.00         0.00         0.00
6978          7.00         6.00       623.00       128.38        60.00        60.00       120.22         0.00         0.00         0.00         0.00         0.00         0.00         0.00         0.00         0.00        26.83         0.00         0.00
6658          7.00         6.00       698.74       309.96        60.00        60.00       161.39         0.00         0.00         0.00         0.00         0.00         0.00         0.00         0.00         0.00         0.00         0.00         0.00
4458          7.00         6.00     1,143.52       394.24        60.00        50.00       246.04         0.00         0.00         0.00         0.00         0.00         0.00         0.00         0.00         0.00         0.00         0.00         0.00

















































EJECUTIVOS EN SERVICIOS DE ALIMENTOS, S.A. DE C.V.                                                                      Pagina: 0003
R.F.C.:                                                                                                                    5/NOV/19
REPORTE DE SUELDOS SEMANALES PERCEPCIONES


 
Codigo Dias de Pago Dias Laborad Sueldo       Compensacion Premio Asist Ayuda Transp Vales Despen T.E. Doble   T.E. Triple  Descanso lab Festivo labo Prim Dominic Perc Gravada Prem x Obj   Aguinaldo    Vacaciones   Prima Vacaci Grat Especia Utilidades
..........................................................................................................................................................................................................................................
7619          7.00         5.00       623.00       102.70         0.00        40.00        96.17        66.75         0.00         0.00         0.00         0.00         0.00         0.00         0.00         0.00         0.00         0.00         0.00
7647          7.00         6.00       623.00       128.38        60.00        60.00       120.22        66.75        33.37         0.00         0.00         0.00         0.00         0.00         0.00         0.00         0.00         0.00         0.00
6791          7.00         6.00       623.00       191.17        60.00        60.00       130.26        44.50         0.00         0.00         0.00        44.50         0.00         0.00         0.00         0.00         0.00         0.00         0.00
7574          0.00         0.00         0.00         0.00         0.00         0.00         0.00         0.00         0.00         0.00         0.00         0.00         0.00         0.00         0.00         0.00         0.00         0.00         0.00
5679          7.00         6.00       816.13       284.55        60.00        60.00       176.10         0.00         0.00         0.00         0.00        58.29         0.00         0.00         0.00         0.00         0.00         0.00         0.00
7601          7.00         5.00       623.00       102.70         0.00        40.00        96.17        44.50         0.00         0.00         0.00         0.00         0.00         0.00         0.00         0.00         0.00         0.00         0.00
7530          7.00         6.00       623.00       128.38        60.00        50.00       120.22        44.50         0.00       144.62         0.00         0.00         0.00         0.00         0.00         0.00         0.00         0.00         0.00
6028          7.00         6.00       797.16       213.78        60.00        60.00       161.75       256.23        85.41         0.00         0.00         0.00         0.00         0.00         0.00         0.00         0.00         0.00         0.00
6565          7.00         6.00       623.00       128.38        60.00        60.00       120.22         0.00         0.00         0.00         0.00         0.00         0.00         0.00         0.00         0.00         0.00         0.00         0.00
3218          7.00         6.00       623.00       191.17        60.00        60.00       130.26         0.00         0.00         0.00         0.00        44.50         0.00         0.00         0.00         0.00         0.00         0.00         0.00
3676          7.00         6.00       878.01       293.86        60.00        50.00       187.49       282.21        47.03         0.00         0.00         0.00         0.00         0.00         0.00         0.00         0.00         0.00         0.00
7269          7.00         6.00       623.00       128.38        60.00        60.00       120.22         0.00         0.00         0.00         0.00         0.00         0.00         0.00         0.00         0.00        26.83         0.00         0.00
2522          7.00         6.00       623.00       128.38        60.00        60.00       120.22        89.00       100.12       155.75         0.00        44.50         0.00         0.00         0.00         0.00         0.00         0.00         0.00
7555          7.00         6.00       623.00       128.38        60.00        50.00       120.22         0.00         0.00         0.00         0.00         0.00         0.00         0.00         0.00         0.00         0.00         0.00         0.00
5506          7.00         6.00       816.13       154.63        60.00        50.00       155.32       116.59         0.00       174.88         0.00         0.00         0.00         0.00         0.00         0.00        34.67         0.00         0.00
0236          7.00         6.00     1,074.01       813.26        60.00        60.00       301.96         0.00         0.00         0.00         0.00         0.00       312.74         0.00         0.00         0.00       269.61         0.00         0.00
7080          7.00         6.00       878.01       307.65        60.00        60.00       189.70         0.00         0.00         0.00         0.00         0.00         0.00         0.00         0.00         0.00         0.00         0.00         0.00
5965          7.00         6.00       816.13       193.48        60.00        60.00       161.53         0.00         0.00         0.00         0.00         0.00         0.00         0.00         0.00         0.00         0.00         0.00         0.00
5447          7.00         5.00       623.00       102.70         0.00        40.00        96.17         0.00         0.00         0.00         0.00         0.00         0.00         0.00         0.00         0.00         0.00         0.00         0.00
6685          7.00         6.00       623.00       128.38        60.00        60.00       120.22        44.50         0.00         0.00         0.00         0.00         0.00         0.00         0.00         0.00         0.00         0.00         0.00
5549          7.00         6.00       623.00       128.38        60.00        60.00       120.22         0.00         0.00         0.00         0.00        44.50         0.00         0.00         0.00         0.00         0.00         0.00         0.00
6349          7.00         6.00       623.00       128.38        60.00        60.00       120.22         0.00         0.00         0.00         0.00         0.00         0.00         0.00         0.00         0.00        26.83         0.00         0.00
7484          7.00         5.00       623.00       107.28         0.00        50.00       100.47         0.00         0.00         0.00         0.00         0.00         0.00         0.00         0.00         0.00         0.00         0.00         0.00
0854          7.00         6.00     1,010.03       367.57        60.00        50.00       220.41         0.00         0.00         0.00         0.00         0.00         0.00         0.00         0.00         0.00         0.00         0.00         0.00
7295          7.00         6.00       623.00       128.38        60.00        60.00       120.22         0.00         0.00         0.00         0.00         0.00         0.00         0.00         0.00         0.00         0.00         0.00         0.00
6832          7.00         6.00       623.00       128.38        60.00        60.00       120.22        44.50         0.00       155.75         0.00        44.50         0.00         0.00         0.00         0.00         0.00         0.00         0.00
4807          7.00         6.00     3,663.66         0.00        60.00        60.00       564.20         0.00         0.00         0.00         0.00         0.00         0.00         0.00         0.00         0.00         0.00         0.00         0.00
7610          7.00         6.00       623.00       128.38        60.00        60.00       120.22         0.00         0.00         0.00         0.00         0.00         0.00         0.00         0.00         0.00         0.00         0.00         0.00
6821          7.00         5.00       816.13       154.78         0.00        40.00       129.23        87.44         0.00         0.00         0.00         0.00         0.00         0.00         0.00         0.00         0.00         0.00         0.00
3169          7.00         6.00       623.00       128.38        60.00        60.00       120.22         0.00         0.00         0.00         0.00         0.00         0.00         0.00         0.00         0.00        26.83         0.00         0.00
6944          7.00         4.00       816.13       129.35         0.00        40.00       107.99         0.00         0.00         0.00         0.00         0.00         0.00         0.00         0.00         0.00         0.00         0.00         0.00
5902          0.00         0.00         0.00         0.00         0.00         0.00         0.00         0.00         0.00         0.00         0.00         0.00         0.00         0.00         0.00         0.00         0.00         0.00         0.00
4514          7.00         6.00       816.13       284.55        60.00        60.00       176.10         0.00         0.00         0.00         0.00         0.00         0.00         0.00         0.00         0.00         0.00         0.00         0.00
7104          7.00         6.00       623.00       128.38        60.00        50.00       120.22         0.00         0.00         0.00         0.00         0.00         0.00         0.00         0.00         0.00         0.00         0.00         0.00
6014          7.00         6.00       816.13       193.48        60.00        60.00       161.53       116.59         0.00         0.00         0.00         0.00         0.00         0.00         0.00         0.00        36.05         0.00         0.00
7551          7.00         6.00       623.00       128.38        60.00        60.00       120.22         0.00         0.00         0.00         0.00         0.00         0.00         0.00         0.00         0.00         0.00         0.00         0.00
7645          7.00         6.00       623.00       128.38        60.00        60.00       120.22         0.00         0.00         0.00         0.00        44.50         0.00         0.00         0.00         0.00         0.00         0.00         0.00
6985          7.00         6.00     1,260.00       648.06        60.00        60.00       305.28       405.00       607.50         0.00         0.00         0.00         0.00         0.00         0.00         0.00         0.00         0.00         0.00
3827          7.00         6.00       623.00       191.17        60.00        60.00       130.26        66.75         0.00         0.00         0.00        44.50         0.00         0.00         0.00         0.00         0.00         0.00         0.00
5412          7.00         6.00       623.00       128.38        60.00        50.00       120.22         0.00         0.00         0.00         0.00         0.00         0.00         0.00         0.00         0.00        26.83         0.00         0.00
4504          7.00         6.00     1,484.91       504.98        60.00        50.00       318.38         0.00         0.00         0.00         0.00         0.00       100.00         0.00         0.00         0.00       213.20         0.00         0.00
7395          7.00         6.00       623.00       128.38        60.00        60.00       120.22         0.00         0.00         0.00         0.00         0.00         0.00         0.00         0.00         0.00         0.00         0.00         0.00
0214          7.00         6.00     2,439.50     1,224.16        60.00        60.00       564.20         0.00         0.00         0.00         0.00         0.00         0.00         0.00         0.00         0.00         0.00         0.00         0.00

















































EJECUTIVOS EN SERVICIOS DE ALIMENTOS, S.A. DE C.V.                                                                      Pagina: 0004
R.F.C.:                                                                                                                    5/NOV/19
REPORTE DE SUELDOS SEMANALES PERCEPCIONES


 
Codigo Dias de Pago Dias Laborad Sueldo       Compensacion Premio Asist Ayuda Transp Vales Despen T.E. Doble   T.E. Triple  Descanso lab Festivo labo Prim Dominic Perc Gravada Prem x Obj   Aguinaldo    Vacaciones   Prima Vacaci Grat Especia Utilidades
..........................................................................................................................................................................................................................................
7376          7.00         6.00       623.00       128.38        60.00        60.00       120.22         0.00         0.00         0.00         0.00         0.00         0.00         0.00         0.00         0.00         0.00         0.00         0.00
7212          7.00         6.00       623.00       128.38        60.00        60.00       120.22         0.00         0.00         0.00         0.00         0.00         0.00         0.00         0.00         0.00         0.00         0.00         0.00
6321          7.00         6.00       623.00       191.17        60.00        60.00       130.26         0.00         0.00         0.00         0.00         0.00         0.00         0.00         0.00         0.00        29.07         0.00         0.00
5232          7.00         6.00       670.25       143.92        60.00        50.00       130.26         0.00         0.00         0.00         0.00         0.00       100.00         0.00         0.00         0.00         0.00         0.00         0.00
4958          7.00         6.00       623.00       128.38        60.00        60.00       120.22         0.00         0.00         0.00         0.00         0.00         0.00         0.00         0.00         0.00         0.00         0.00         0.00
7620          7.00         6.00       623.00       128.38        60.00        60.00       120.22         0.00         0.00         0.00         0.00         0.00         0.00         0.00         0.00         0.00         0.00         0.00         0.00
3979          7.00         6.00     2,177.98     1,067.22        60.00        60.00       519.23         0.00         0.00         0.00         0.00         0.00         0.00         0.00         0.00         0.00         0.00         0.00         0.00
0442          7.00         6.00       774.06       481.39        60.00        60.00       200.87        82.93         0.00         0.00         0.00         0.00         0.00         0.00         0.00         0.00         0.00         0.00         0.00
7330          0.00         0.00         0.00         0.00         0.00         0.00         0.00         0.00         0.00         0.00         0.00         0.00         0.00         0.00         0.00         0.00         0.00         0.00         0.00
7243          7.00         6.00       623.00       128.38        60.00        50.00       120.22         0.00         0.00         0.00         0.00         0.00         0.00         0.00         0.00         0.00         0.00         0.00         0.00
7397          7.00         5.00       623.00       107.28         0.00        50.00       100.47         0.00         0.00         0.00         0.00        44.50         0.00         0.00         0.00         0.00         0.00         0.00         0.00
7421          7.00         6.00       623.00       128.38        60.00        60.00       120.22        44.50         0.00         0.00         0.00         0.00         0.00         0.00         0.00         0.00         0.00         0.00         0.00
7595          7.00         6.00       623.00       128.38        60.00        60.00       120.22        44.50         0.00         0.00         0.00         0.00       800.00         0.00         0.00         0.00         0.00         0.00         0.00
7298          7.00         6.00       955.99       413.77        60.00        50.00       219.16         0.00         0.00         0.00         0.00         0.00         0.00         0.00         0.00         0.00         0.00         0.00         0.00
5396          7.00         6.00       623.00       128.38        60.00        60.00       120.22         0.00         0.00         0.00         0.00        44.50         0.00         0.00         0.00         0.00         0.00         0.00         0.00
5704          7.00         6.00       878.01       355.11        60.00        60.00       197.29         0.00         0.00         0.00         0.00        62.71         0.00         0.00         0.00         0.00         0.00         0.00         0.00
7503          7.00         5.00       623.00       107.28         0.00        50.00       100.47         0.00         0.00         0.00         0.00        44.50         0.00         0.00         0.00         0.00         0.00         0.00         0.00
7190          7.00         6.00       623.00       128.38        60.00        60.00       120.22         0.00         0.00         0.00         0.00         0.00         0.00         0.00         0.00         0.00         0.00         0.00         0.00
7642          7.00         5.00       623.00       107.28         0.00        50.00       100.47         0.00         0.00         0.00         0.00         0.00         0.00         0.00         0.00         0.00         0.00         0.00         0.00
7588          7.00         6.00       623.00       128.38        60.00        60.00       120.22         0.00         0.00         0.00         0.00         0.00       800.00         0.00         0.00         0.00         0.00         0.00         0.00
5588          7.00         6.00       623.00       128.38        60.00        60.00       120.22        66.75         0.00         0.00         0.00         0.00         0.00         0.00         0.00         0.00         0.00         0.00         0.00
6203          7.00         5.00       623.00       107.28         0.00        50.00       100.47         0.00         0.00         0.00         0.00        44.50         0.00         0.00         0.00         0.00         0.00         0.00         0.00
6582          7.00         6.00       623.00       128.38        60.00        50.00       120.22         0.00         0.00         0.00         0.00         0.00         0.00         0.00         0.00         0.00         0.00         0.00         0.00
7226          7.00         6.00       623.00       128.38        60.00        60.00       120.22         0.00         0.00         0.00         0.00         0.00         0.00         0.00         0.00         0.00         0.00         0.00         0.00
7664          5.00         4.00       416.52        85.83        40.00        40.00        80.37         0.00         0.00         0.00         0.00         0.00         0.00         0.00         0.00         0.00         0.00         0.00         0.00
7613          7.00         6.00       623.00       128.38        60.00        50.00       120.22         0.00         0.00         0.00         0.00         0.00         0.00         0.00         0.00         0.00         0.00         0.00         0.00
3326          7.00         6.00       878.01       429.45        60.00        60.00       209.19       125.43         0.00         0.00         0.00         0.00         0.00         0.00         0.00         0.00         0.00         0.00         0.00
3960          7.00         6.00       822.78       285.46        60.00        60.00       177.31       264.46       110.19         0.00         0.00         0.00         0.00         0.00         0.00         0.00         0.00         0.00         0.00
2233          0.00         0.00         0.00         0.00         0.00         0.00         0.00         0.00         0.00         0.00         0.00         0.00         0.00         0.00         0.00         0.00         0.00         0.00         0.00
7584          7.00         3.00       623.00        51.35         0.00        20.00        48.08         0.00         0.00         0.00         0.00         0.00         0.00         0.00         0.00         0.00         0.00         0.00         0.00
0449          7.00         6.00       714.35       124.04        60.00        60.00       134.14       153.07       114.80         0.00         0.00         0.00       300.00         0.00         0.00         0.00         0.00         0.00         0.00
6934          7.00         6.00     2,057.51       821.94        60.00        60.00       460.71         0.00         0.00         0.00         0.00         0.00         0.00         0.00         0.00         0.00         0.00         0.00         0.00
7137          7.00         6.00       816.13       403.34        60.00        50.00       195.11        87.44         0.00         0.00         0.00         0.00       183.43         0.00         0.00         0.00         0.00         0.00         0.00
6682          7.00         5.00       623.00       102.70         0.00        40.00        96.17         0.00         0.00         0.00         0.00         0.00         0.00         0.00         0.00         0.00         0.00         0.00         0.00
1269          7.00         6.00       623.00       128.38        60.00        50.00       120.22         0.00         0.00         0.00         0.00         0.00         0.00         0.00         0.00         0.00         0.00         0.00         0.00
6006          7.00         6.00       623.00       128.38        60.00        60.00       120.22        89.00         0.00         0.00         0.00         0.00         0.00         0.00         0.00         0.00         0.00         0.00         0.00
6918          7.00         6.00       623.00       128.38        60.00        60.00       120.22         0.00         0.00         0.00         0.00         0.00         0.00         0.00         0.00         0.00         0.00         0.00         0.00
1419          7.00         6.00       878.01       307.65        60.00        60.00       189.70         0.00         0.00         0.00         0.00         0.00         0.00         0.00         0.00         0.00         0.00         0.00         0.00
7545          7.00         6.00       878.01       307.65        60.00        60.00       189.70         0.00         0.00         0.00         0.00         0.00         0.00         0.00         0.00         0.00         0.00         0.00         0.00
7653          7.00         5.00       816.13       202.41         0.00        50.00       141.51         0.00         0.00         0.00         0.00         0.00         0.00         0.00         0.00         0.00         0.00         0.00         0.00
5905          7.00         6.00       878.01       307.65        60.00        60.00       189.70         0.00         0.00         0.00         0.00         0.00         0.00         0.00         0.00         0.00         0.00         0.00         0.00
7638          7.00         6.00       623.00       128.38        60.00        50.00       120.22         0.00         0.00         0.00         0.00         0.00         0.00         0.00         0.00         0.00         0.00         0.00         0.00
7462          7.00         4.00       623.00        85.83         0.00        40.00        80.37         0.00         0.00         0.00         0.00         0.00         0.00         0.00         0.00         0.00         0.00         0.00         0.00

















































EJECUTIVOS EN SERVICIOS DE ALIMENTOS, S.A. DE C.V.                                                                      Pagina: 0005
R.F.C.:                                                                                                                    5/NOV/19
REPORTE DE SUELDOS SEMANALES PERCEPCIONES


 
Codigo Dias de Pago Dias Laborad Sueldo       Compensacion Premio Asist Ayuda Transp Vales Despen T.E. Doble   T.E. Triple  Descanso lab Festivo labo Prim Dominic Perc Gravada Prem x Obj   Aguinaldo    Vacaciones   Prima Vacaci Grat Especia Utilidades
..........................................................................................................................................................................................................................................
3525          7.00         6.00       816.13       154.63        60.00        60.00       155.32         0.00         0.00         0.00         0.00         0.00         0.00         0.00         0.00         0.00         0.00         0.00         0.00
7626          7.00         6.00       623.00       128.38        60.00        60.00       120.22         0.00         0.00         0.00         0.00         0.00         0.00         0.00         0.00         0.00         0.00         0.00         0.00
2451          7.00         6.00       623.00       128.38        60.00        60.00       120.22        66.75         0.00         0.00         0.00        44.50         0.00         0.00         0.00         0.00         0.00         0.00         0.00
6885          7.00         6.00       623.00       128.38        60.00        60.00       120.22         0.00         0.00         0.00         0.00         0.00         0.00         0.00         0.00         0.00         0.00         0.00         0.00
7231          5.00         4.00       416.52        85.83        40.00        40.00        80.37         0.00         0.00         0.00         0.00         0.00         0.00         0.00         0.00         0.00         0.00         0.00         0.00
4775          7.00         6.00       623.00       128.38        60.00        60.00       120.22        66.75         0.00         0.00         0.00         0.00         0.00         0.00         0.00         0.00        26.83         0.00         0.00
7528          7.00         6.00       623.00       128.38        60.00        60.00       120.22         0.00         0.00         0.00         0.00        44.50         0.00         0.00         0.00         0.00         0.00         0.00         0.00
7658          7.00         2.00       623.00        42.91         0.00        20.00        40.18         0.00         0.00         0.00         0.00         0.00         0.00         0.00         0.00         0.00         0.00         0.00         0.00
5671          7.00         6.00     1,220.73       552.51        60.00        50.00       283.71         0.00         0.00         0.00         0.00         0.00         0.00         0.00         0.00         0.00         0.00         0.00         0.00
4832          7.00         6.00       623.00       128.38        60.00        60.00       120.22         0.00         0.00         0.00         0.00         0.00         0.00         0.00         0.00         0.00         0.00         0.00         0.00
7637          7.00         6.00       623.00       128.38        60.00        50.00       120.22         0.00         0.00         0.00         0.00         0.00         0.00         0.00         0.00         0.00         0.00         0.00         0.00
6567          7.00         6.00       623.00       128.38        60.00        60.00       120.22         0.00         0.00         0.00         0.00         0.00         0.00         0.00         0.00         0.00         0.00         0.00         0.00
3321          7.00         6.00     1,077.37       434.91        60.00        50.00       241.96       115.43         0.00         0.00         0.00         0.00       379.15         0.00         0.00         0.00         0.00         0.00         0.00
2112          7.00         6.00       623.00       128.38        60.00        60.00       120.22         0.00         0.00         0.00         0.00         0.00         0.00         0.00         0.00         0.00         0.00         0.00         0.00
0624          7.00         6.00       983.99       827.19        60.00        50.00       289.78       105.42         0.00         0.00         0.00         0.00         0.00         0.00         0.00         0.00         0.00         0.00         0.00
6877          7.00         6.00       623.00       128.38        60.00        50.00       120.22         0.00         0.00         0.00         0.00         0.00       244.48         0.00         0.00         0.00         0.00         0.00         0.00
4385          7.00         6.00       816.13       242.20        60.00        60.00       169.33         0.00         0.00         0.00         0.00         0.00         0.00         0.00         0.00         0.00         0.00         0.00         0.00
7378          7.00         6.00       623.00       128.38        60.00        50.00       120.22         0.00         0.00         0.00         0.00         0.00         0.00         0.00         0.00         0.00        26.83         0.00         0.00
0366          7.00         6.00     2,020.55       870.03        60.00        50.00       462.49         0.00         0.00         0.00         0.00         0.00         0.00         0.00         0.00         0.00         0.00         0.00         0.00
6206          7.00         6.00       816.13       193.48        60.00        60.00       161.53        58.29         0.00         0.00         0.00         0.00         0.00         0.00         0.00         0.00         0.00         0.00         0.00
7618          7.00         4.00       623.00        77.02         0.00        30.00        24.04         0.00         0.00         0.00         0.00         0.00         0.00         0.00         0.00         0.00         0.00         0.00         0.00
 
*** GLOBAL             1,071.00   143,538.82    40,200.30     9,510.00    10,100.00    28,411.79     6,474.77     3,712.73     1,076.00         0.00     1,379.65    10,545.62         0.00         0.00         0.00     1,347.82         0.00         0.00
  




































































