EJECUTIVOS EN SERVICIOS DE ALIMENTOS, S.A. DE C.V.                                                                      Pagina: 0001
R.F.C.:                                                                                                                    5/NOV/19
REPORTE DE SUELDOS SEMANALES PERCEPCIONES


 
Codigo Dias de Pago Dias Laborad Sueldo       Compensacion Premio Asist Ayuda Transp Vales Despen T.E. Doble   T.E. Triple  Descanso lab Festivo labo Prim Dominic Perc Gravada Prem x Obj   Aguinaldo    Vacaciones   Prima Vacaci Grat Especia Utilidades
..........................................................................................................................................................................................................................................
7505          7.00         5.00       618.52       132.86        60.00        60.00       120.22         0.00         0.00         0.00         0.00         0.00         0.00         0.00         0.00         0.00         0.00         0.00         0.00
6600          7.00         5.00       618.52       132.86        60.00        60.00       120.22         0.00         0.00         0.00         0.00         0.00         0.00         0.00         0.00         0.00         0.00         0.00         0.00
7515          7.00         5.00       618.52       132.86        60.00        60.00       120.22         0.00         0.00         0.00         0.00         0.00         0.00         0.00         0.00         0.00         0.00         0.00         0.00
5933          7.00         5.00       618.52       132.86        60.00        60.00       120.22         0.00         0.00         0.00         0.00         0.00         0.00         0.00         0.00         0.00         0.00         0.00         0.00
7170          7.00         5.00       618.52       132.86        60.00        60.00       120.22         0.00         0.00         0.00         0.00         0.00         0.00       500.00         0.00         0.00         0.00         0.00         0.00
3890          7.00         5.00     1,258.95       658.84        60.00        50.00       306.84         0.00         0.00         0.00         0.00         0.00         0.00         0.00         0.00         0.00         0.00         0.00         0.00
7526          7.00         5.00       618.52       132.86        60.00        60.00       120.22       132.54       265.08         0.00         0.00         0.00         0.00         0.00         0.00         0.00         0.00         0.00         0.00
3652          7.00         5.00     1,077.37       668.71        60.00        60.00       279.37         0.00         0.00         0.00         0.00         0.00         0.00         0.00         0.00         0.00         0.00         0.00         0.00
2530          7.00         5.00       618.52       132.86        60.00        50.00       120.22         0.00         0.00         0.00         0.00         0.00         0.00         0.00         0.00         0.00         0.00         0.00         0.00
1123          7.00         5.00       878.01       248.78        60.00        60.00       180.28         0.00         0.00         0.00         0.00         0.00         0.00         0.00         0.00         0.00         0.00         0.00         0.00
7458          7.00         5.00       618.52       132.86        60.00        60.00       120.22         0.00         0.00         0.00         0.00         0.00         0.00       500.00         0.00         0.00         0.00         0.00         0.00
6104          7.00         5.00       618.52       132.86        60.00        60.00       120.22       198.81       331.35       154.63       154.63        44.18         0.00         0.00         0.00         0.00         0.00         0.00         0.00
7005          7.00         5.00       618.52       132.86        60.00        60.00       120.22         0.00         0.00         0.00         0.00         0.00         0.00       500.00         0.00         0.00         0.00         0.00         0.00
7259          7.00         5.00       618.52       132.86        60.00        60.00       120.22         0.00         0.00         0.00         0.00         0.00         0.00         0.00         0.00         0.00         0.00         0.00         0.00
7276          7.00         5.00       816.13        55.37        60.00        60.00       139.44       262.32       218.60         0.00         0.00        58.29         0.00         0.00         0.00         0.00         0.00         0.00         0.00
7312          7.00         5.00       618.52       132.86        60.00        60.00       120.22         0.00         0.00         0.00         0.00         0.00         0.00       500.00         0.00         0.00         0.00         0.00         0.00
7338          7.00         5.00       618.52       132.86        60.00        60.00       120.22         0.00         0.00         0.00         0.00         0.00         0.00       500.00         0.00         0.00         0.00         0.00         0.00
5677          7.00         5.00       816.13       201.11        60.00        60.00       162.75         0.00         0.00         0.00         0.00        58.29         0.00         0.00         0.00         0.00       145.32         0.00         0.00
7531          7.00         5.00       618.52       132.86        60.00        60.00       120.22       198.81       298.21         0.00         0.00         0.00         0.00         0.00         0.00         0.00         0.00         0.00         0.00
6210          7.00         5.00       618.52       132.86        60.00        60.00       120.22        88.36         0.00         0.00         0.00         0.00       200.00       500.00         0.00         0.00         0.00         0.00         0.00
0849          7.00         5.00       816.13        49.98        60.00        50.00       138.57         0.00         0.00         0.00       174.88         0.00       685.00         0.00         0.00         0.00         0.00         0.00         0.00
7536          7.00         5.00       618.52       132.86        60.00        50.00       120.22         0.00         0.00         0.00         0.00         0.00         0.00         0.00         0.00         0.00         0.00         0.00         0.00
5993          0.00         0.00         0.00         0.00         0.00         0.00         0.00         0.00         0.00         0.00         0.00         0.00         0.00         0.00         0.00         0.00         0.00         0.00         0.00
7538          7.00         4.00       618.52       111.03         0.00        50.00       100.47         0.00         0.00         0.00         0.00        44.18         0.00         0.00         0.00         0.00         0.00         0.00         0.00
7430          7.00         5.00       994.07       460.11        60.00        60.00       232.66         0.00         0.00         0.00       284.02        71.00         0.00         0.00         0.00         0.00         0.00         0.00         0.00
5181          7.00         5.00       618.52       132.86        60.00        60.00       120.22         0.00         0.00         0.00         0.00         0.00         0.00         0.00         0.00         0.00         0.00         0.00         0.00
7463          7.00         5.00       618.52       132.86        60.00        60.00       120.22         0.00         0.00         0.00         0.00        44.18         0.00         0.00         0.00         0.00         0.00         0.00         0.00
7057          7.00         5.00       618.52       132.86        60.00        50.00       120.22         0.00         0.00         0.00       121.49         0.00       600.00       500.00         0.00         0.00         0.00         0.00         0.00
7076          7.00         4.00       816.13       123.70         0.00        40.00       124.25         0.00         0.00         0.00         0.00         0.00         0.00         0.00         0.00         0.00         0.00         0.00         0.00
5558          7.00         5.00       618.52       132.86        60.00        50.00       120.22        44.18         0.00       132.54         0.00         0.00         0.00       500.00         0.00         0.00         0.00         0.00         0.00
4746          7.00         5.00       878.01       248.78        60.00        50.00       180.28       282.21       517.39         0.00         0.00         0.00         0.00         0.00         0.00         0.00         0.00         0.00         0.00
7573          3.00         2.00       123.70        26.57        20.00        10.00        24.04         0.00         0.00         0.00         0.00         0.00         0.00         0.00         0.00         0.00         0.00         0.00         0.00
7516          7.00         5.00       618.52       132.86        60.00        60.00       120.22         0.00         0.00         0.00         0.00         0.00         0.00         0.00         0.00         0.00         0.00         0.00         0.00
7407          7.00         5.00       618.52       132.86        60.00        60.00       120.22         0.00         0.00         0.00         0.00        44.18         0.00         0.00         0.00         0.00         0.00         0.00         0.00
7540          7.00         5.00       618.52       132.86        60.00        50.00       120.22        44.18         0.00         0.00         0.00         0.00         0.00         0.00         0.00         0.00         0.00         0.00         0.00
2107          7.00         5.00       774.06       433.09        60.00        50.00       193.14         0.00         0.00         0.00         0.00         0.00         0.00         0.00         0.00         0.00         0.00         0.00         0.00
1424          7.00         5.00     1,962.52       597.45        60.00        60.00       409.59       455.58         0.00         0.00         0.00         0.00         0.00         0.00         0.00         0.00         0.00         0.00         0.00
5280          7.00         5.00     1,166.69       643.79        60.00        50.00       289.67         0.00         0.00         0.00         0.00         0.00         0.00         0.00         0.00         0.00         0.00         0.00         0.00
6472          7.00         5.00     2,333.31       408.31        60.00        60.00       438.65         0.00         0.00         0.00       666.66       166.66         0.00         0.00         0.00         0.00         0.00         0.00         0.00
7442          7.00         5.00       816.13       201.11        60.00        60.00       162.75         0.00         0.00         0.00         0.00         0.00         0.00         0.00         0.00         0.00         0.00         0.00         0.00
6461          7.00         5.00       797.16       174.93        60.00        50.00       155.53        28.47         0.00         0.00         0.00         0.00         0.00         0.00         0.00         0.00         0.00         0.00         0.00
6765          7.00         5.00       878.01       248.78        60.00        50.00       180.28        94.07         0.00         0.00         0.00         0.00         0.00         0.00         0.00         0.00         0.00         0.00         0.00
7012          7.00         5.00       618.52       132.86        60.00        60.00       120.22         0.00         0.00         0.00         0.00         0.00         0.00       500.00         0.00         0.00         0.00         0.00         0.00

















































EJECUTIVOS EN SERVICIOS DE ALIMENTOS, S.A. DE C.V.                                                                      Pagina: 0002
R.F.C.:                                                                                                                    5/NOV/19
REPORTE DE SUELDOS SEMANALES PERCEPCIONES


 
Codigo Dias de Pago Dias Laborad Sueldo       Compensacion Premio Asist Ayuda Transp Vales Despen T.E. Doble   T.E. Triple  Descanso lab Festivo labo Prim Dominic Perc Gravada Prem x Obj   Aguinaldo    Vacaciones   Prima Vacaci Grat Especia Utilidades
..........................................................................................................................................................................................................................................
7478          0.00         0.00         0.00         0.00         0.00         0.00         0.00         0.00         0.00         0.00         0.00         0.00         0.00         0.00         0.00         0.00         0.00         0.00         0.00
5000          7.00         5.00       816.13       154.63        60.00        60.00       155.32       145.73         0.00         0.00         0.00         0.00         0.00         0.00         0.00         0.00         0.00         0.00         0.00
7206          7.00         5.00       618.52       132.86        60.00        50.00       120.22         0.00         0.00         0.00         0.00         0.00         0.00         0.00         0.00         0.00         0.00         0.00         0.00
5644          7.00         5.00       797.16       174.93        60.00        50.00       155.53        56.94         0.00         0.00         0.00         0.00         0.00         0.00         0.00         0.00         0.00         0.00         0.00
7519          7.00         5.00       618.52       132.86        60.00        60.00       120.22         0.00         0.00         0.00         0.00         0.00         0.00       500.00         0.00         0.00         0.00         0.00         0.00
7292          7.00         5.00       618.52       132.86        60.00        50.00       120.22         0.00         0.00         0.00         0.00         0.00         0.00         0.00         0.00         0.00         0.00         0.00         0.00
6690          7.00         5.00       618.52       132.86        60.00        50.00       120.22        44.18         0.00         0.00         0.00         0.00         0.00       500.00         0.00         0.00         0.00         0.00         0.00
0090          7.00         5.00       878.01       429.45        60.00        50.00       209.19         0.00         0.00         0.00         0.00         0.00         0.00         0.00         0.00         0.00         0.00         0.00         0.00
7168          7.00         5.00       618.52       132.86        60.00        60.00       120.22         0.00         0.00         0.00         0.00        44.18         0.00         0.00         0.00         0.00         0.00         0.00         0.00
6958          7.00         4.00       618.52       106.28         0.00        40.00        96.17         0.00         0.00         0.00         0.00         0.00         0.00         0.00         0.00         0.00         0.00         0.00         0.00
4314          7.00         5.00       856.31       681.45        60.00        60.00       246.04         0.00         0.00         0.00         0.00         0.00         0.00         0.00         0.00         0.00         0.00         0.00         0.00
6193          7.00         5.00       816.13       154.63        60.00        60.00       155.32         0.00         0.00         0.00         0.00         0.00         0.00         0.00         0.00         0.00         0.00         0.00         0.00
5332          7.00         5.00       618.52       132.86        60.00        50.00       120.22        66.27         0.00         0.00         0.00         0.00         0.00         0.00         0.00         0.00         0.00         0.00         0.00
7485          7.00         5.00       618.52       132.86        60.00        60.00       120.22         0.00         0.00         0.00         0.00         0.00         0.00         0.00         0.00         0.00         0.00         0.00         0.00
4287          7.00         4.00       816.13       123.70         0.00        40.00       124.25         0.00         0.00         0.00         0.00         0.00         0.00         0.00         0.00         0.00         0.00         0.00         0.00
6427          7.00         5.00       618.52       195.65        60.00        60.00       130.26         0.00         0.00         0.00         0.00         0.00         0.00         0.00         0.00         0.00        87.23         0.00         0.00
6504          7.00         5.00       618.52       132.86        60.00        60.00       120.22        22.09         0.00         0.00         0.00         0.00         0.00         0.00         0.00         0.00         0.00         0.00         0.00
7517          7.00         4.00       618.52       106.28         0.00        40.00        96.17         0.00         0.00         0.00       132.54         0.00       600.00         0.00         0.00         0.00         0.00         0.00         0.00
5745          7.00         5.00       618.52       132.86        60.00        60.00       120.22        88.36         0.00         0.00         0.00         0.00         0.00         0.00         0.00         0.00         0.00         0.00         0.00
6884          7.00         3.00       618.52        88.82         0.00        40.00        80.37         0.00         0.00         0.00         0.00         0.00         0.00         0.00         0.00         0.00         0.00         0.00         0.00
6849          7.00         5.00       618.52       132.86        60.00        60.00       120.22       198.81       397.62       154.63       154.63        44.18         0.00         0.00         0.00         0.00         0.00         0.00         0.00
7061          7.00         5.00       618.52       132.86        60.00        60.00       120.22         0.00         0.00         0.00        99.40         0.00       600.00       500.00         0.00         0.00         0.00         0.00         0.00
0881          7.00         5.00       618.52       132.86        60.00        50.00       120.22         0.00         0.00         0.00         0.00         0.00         0.00         0.00         0.00         0.00         0.00         0.00         0.00
6334          7.00         5.00       797.16        99.89        60.00        60.00       143.52        71.17         0.00         0.00         0.00         0.00       197.72         0.00         0.00         0.00         0.00         0.00         0.00
2413          3.00         2.00       272.82        80.96        20.00        20.00        56.60         0.00         0.00         0.00         0.00         0.00         0.00         0.00         0.00         0.00         0.00         0.00         0.00
7428          7.00         5.00       618.52       132.86        60.00        60.00       120.22         0.00         0.00         0.00         0.00         0.00         0.00         0.00         0.00         0.00         0.00         0.00         0.00
7567          7.00         5.00       618.52       132.86        60.00        60.00       120.22        66.27         0.00         0.00         0.00         0.00         0.00         0.00         0.00         0.00         0.00         0.00         0.00
2897          7.00         5.00       618.52       132.86        60.00        50.00       120.22         0.00         0.00         0.00         0.00         0.00        96.00         0.00         0.00         0.00         0.00         0.00         0.00
7558          7.00         5.00       618.52       132.86        60.00        50.00       120.22         0.00         0.00         0.00         0.00         0.00         0.00       500.00         0.00         0.00         0.00         0.00         0.00
6360          7.00         5.00       618.52       132.86        60.00        50.00       120.22         0.00         0.00         0.00         0.00         0.00         0.00         0.00         0.00         0.00       134.17         0.00         0.00
7572          3.00         2.00       123.70        26.57        20.00        10.00        24.04         0.00         0.00         0.00         0.00         0.00         0.00         0.00         0.00         0.00         0.00         0.00         0.00
3318          7.00         5.00     1,020.18       863.38        60.00        50.00       301.36         0.00         0.00         0.00         0.00         0.00       115.00         0.00         0.00         0.00         0.00         0.00         0.00
5139          7.00         5.00     1,400.00       436.80        60.00        60.00       293.88         0.00         0.00         0.00         0.00         0.00       681.29         0.00         0.00         0.00         0.00         0.00         0.00
6083          7.00         5.00       618.52       195.65        60.00        60.00       130.26         0.00         0.00         0.00         0.00        44.18         0.00         0.00         0.00         0.00         0.00         0.00         0.00
6766          7.00         5.00       816.13       154.63        60.00        60.00       155.32        87.44       174.88         0.00         0.00         0.00         0.00         0.00         0.00         0.00         0.00         0.00         0.00
4137          7.00         5.00     1,964.97       801.15        60.00        60.00       442.57         0.00         0.00         0.00         0.00         0.00         0.00         0.00         0.00         0.00         0.00         0.00         0.00
7542          7.00         5.00       618.52       132.86        60.00        60.00       120.22         0.00         0.00         0.00         0.00         0.00         0.00         0.00         0.00         0.00         0.00         0.00         0.00
3780          7.00         5.00       878.01       429.45        60.00        60.00       209.19         0.00         0.00         0.00         0.00        62.71         0.00         0.00         0.00         0.00         0.00         0.00         0.00
7571          3.00         2.00       206.76        44.41        20.00        20.00        40.18         0.00         0.00         0.00         0.00         0.00         0.00         0.00         0.00         0.00         0.00         0.00         0.00
6205          7.00         5.00       618.52       132.86        60.00        60.00       120.22         0.00         0.00         0.00         0.00        44.18         0.00         0.00         0.00         0.00         0.00         0.00         0.00
5027          7.00         5.00       618.52       195.65        60.00        60.00       130.26         0.00         0.00         0.00         0.00         0.00       216.00         0.00         0.00         0.00         0.00         0.00         0.00
7245          7.00         5.00       618.52       132.86        60.00        60.00       120.22         0.00         0.00         0.00         0.00         0.00         0.00         0.00         0.00         0.00         0.00         0.00         0.00
6839          7.00         5.00       618.52       132.86        60.00        60.00       120.22        88.36         0.00         0.00         0.00         0.00         0.00         0.00         0.00         0.00         0.00         0.00         0.00

















































EJECUTIVOS EN SERVICIOS DE ALIMENTOS, S.A. DE C.V.                                                                      Pagina: 0003
R.F.C.:                                                                                                                    5/NOV/19
REPORTE DE SUELDOS SEMANALES PERCEPCIONES


 
Codigo Dias de Pago Dias Laborad Sueldo       Compensacion Premio Asist Ayuda Transp Vales Despen T.E. Doble   T.E. Triple  Descanso lab Festivo labo Prim Dominic Perc Gravada Prem x Obj   Aguinaldo    Vacaciones   Prima Vacaci Grat Especia Utilidades
..........................................................................................................................................................................................................................................
5646          7.00         5.00       618.52       132.86        60.00        60.00       120.22         0.00         0.00         0.00         0.00         0.00         0.00         0.00         0.00         0.00         0.00         0.00         0.00
6978          7.00         5.00       618.52       132.86        60.00        60.00       120.22        44.18         0.00         0.00         0.00         0.00         0.00         0.00         0.00         0.00         0.00         0.00         0.00
4458          7.00         5.00     1,143.52       335.09        60.00        50.00       236.57       367.56       673.86         0.00         0.00         0.00         0.00         0.00         0.00         0.00         0.00         0.00         0.00
7522          7.00         5.00       618.52       132.86        60.00        60.00       120.22         0.00         0.00         0.00         0.00         0.00         0.00         0.00         0.00         0.00         0.00         0.00         0.00
5679          7.00         5.00       816.13       242.20        60.00        60.00       169.33         0.00         0.00         0.00         0.00        58.29         0.00         0.00         0.00         0.00        37.79         0.00         0.00
7417          7.00         5.00       618.52       132.86        60.00        60.00       120.22         0.00         0.00         0.00         0.00         0.00         0.00         0.00         0.00         0.00         0.00         0.00         0.00
7530          7.00         4.00       618.52       106.28         0.00        40.00        96.17        88.36         0.00         0.00         0.00         0.00         0.00       500.00         0.00         0.00         0.00         0.00         0.00
7239          7.00         5.00       618.52       132.86        60.00        50.00       120.22         0.00         0.00         0.00         0.00         0.00         0.00         0.00         0.00         0.00         0.00         0.00         0.00
6028          7.00         5.00       797.16       174.93        60.00        60.00       155.53       227.76         0.00         0.00         0.00         0.00         0.00         0.00         0.00         0.00         0.00         0.00         0.00
6565          7.00         5.00       618.52       132.86        60.00        60.00       120.22        66.27         0.00         0.00         0.00         0.00         0.00         0.00         0.00         0.00         0.00         0.00         0.00
7400          0.00         0.00         0.00         0.00         0.00         0.00         0.00         0.00         0.00         0.00         0.00         0.00         0.00         0.00         0.00         0.00         0.00         0.00         0.00
3218          7.00         5.00       618.52       195.65        60.00        60.00       130.26         0.00         0.00         0.00         0.00         0.00         0.00         0.00         0.00         0.00        58.15         0.00         0.00
3676          7.00         5.00       878.01       248.78        60.00        50.00       180.28       250.86         0.00       219.50         0.00         0.00         0.00         0.00         0.00         0.00         0.00         0.00         0.00
0445          7.00         5.00       816.13       154.70        60.00        60.00       155.33         0.00         0.00         0.00         0.00         0.00         0.00         0.00         0.00         0.00         0.00         0.00         0.00
5901          7.00         5.00       618.52       132.86        60.00        50.00       120.22         0.00         0.00         0.00         0.00         0.00         0.00         0.00         0.00         0.00         0.00         0.00         0.00
7269          7.00         5.00       618.52       132.86        60.00        60.00       120.22        22.09         0.00         0.00         0.00         0.00         0.00         0.00         0.00         0.00         0.00         0.00         0.00
2522          7.00         5.00       618.52       132.86        60.00        60.00       120.22         0.00         0.00         0.00         0.00         0.00         0.00         0.00         0.00         0.00         0.00         0.00         0.00
7569          7.00         2.00       618.52        66.61         0.00        30.00        60.28         0.00         0.00         0.00         0.00         0.00         0.00         0.00         0.00         0.00         0.00         0.00         0.00
7555          7.00         5.00       618.52       132.86        60.00        50.00       120.22       198.81       364.48         0.00         0.00         0.00         0.00         0.00         0.00         0.00         0.00         0.00         0.00
0116          7.00         5.00       816.13       481.74        60.00        50.00       207.65         0.00         0.00         0.00         0.00         0.00       180.00         0.00         0.00         0.00         0.00         0.00         0.00
5506          7.00         3.00       816.13       103.38         0.00        40.00       103.84        43.72         0.00         0.00         0.00         0.00         0.00         0.00         0.00         0.00         0.00         0.00         0.00
7167          7.00         5.00       618.52       132.86        60.00        60.00       120.22         0.00         0.00         0.00         0.00        44.18         0.00         0.00         0.00         0.00         0.00         0.00         0.00
0236          7.00         5.00     1,074.01       813.26        60.00        60.00       301.96         0.00         0.00         0.00         0.00         0.00         0.00         0.00         0.00         0.00         0.00         0.00         0.00
7080          7.00         5.00       878.01       307.65        60.00        60.00       189.70         0.00         0.00         0.00         0.00         0.00         0.00         0.00         0.00         0.00        42.34         0.00         0.00
5965          7.00         5.00       816.13       154.63        60.00        60.00       155.32         0.00         0.00         0.00         0.00         0.00         0.00         0.00         0.00         0.00         0.00         0.00         0.00
7457          7.00         5.00       618.52       132.86        60.00        60.00       120.22         0.00         0.00         0.00         0.00         0.00         0.00       500.00         0.00         0.00         0.00         0.00         0.00
5168          7.00         5.00       618.52       132.86        60.00        50.00       120.22         0.00         0.00         0.00         0.00         0.00         0.00       500.00         0.00         0.00         0.00         0.00         0.00
5447          7.00         5.00       618.52       132.86        60.00        50.00       120.22       198.81       165.67         0.00         0.00         0.00         0.00       500.00         0.00         0.00         0.00         0.00         0.00
6685          7.00         5.00       618.52       132.86        60.00        60.00       120.22         0.00         0.00         0.00         0.00         0.00         0.00         0.00         0.00         0.00         0.00         0.00         0.00
7489          7.00         5.00       618.52       132.86        60.00        60.00       120.22        88.36       165.67         0.00         0.00         0.00         0.00         0.00         0.00         0.00         0.00         0.00         0.00
5549          7.00         5.00       618.52       132.86        60.00        60.00       120.22        44.18         0.00         0.00         0.00        44.18         0.00         0.00         0.00         0.00         0.00         0.00         0.00
7554          7.00         5.00       618.52       132.86        60.00        60.00       120.22        66.27        33.13         0.00         0.00         0.00         0.00         0.00         0.00         0.00         0.00         0.00         0.00
6349          7.00         5.00       618.52       132.86        60.00        60.00       120.22         0.00         0.00         0.00         0.00         0.00         0.00         0.00         0.00         0.00        53.67         0.00         0.00
7484          7.00         5.00       618.52       132.86        60.00        60.00       120.22         0.00         0.00         0.00         0.00        44.18         0.00         0.00         0.00         0.00         0.00         0.00         0.00
0854          7.00         3.00     1,010.03       245.74         0.00        40.00       147.36         0.00         0.00         0.00         0.00        72.14         0.00         0.00         0.00         0.00         0.00         0.00         0.00
7314          0.00         0.00         0.00         0.00         0.00         0.00         0.00         0.00         0.00         0.00         0.00         0.00         0.00         0.00         0.00         0.00         0.00         0.00         0.00
7295          7.00         5.00       618.52       132.86        60.00        60.00       120.22         0.00         0.00         0.00         0.00         0.00         0.00       500.00         0.00         0.00         0.00         0.00         0.00
6832          7.00         5.00       618.52       132.86        60.00        60.00       120.22         0.00         0.00         0.00         0.00         0.00         0.00         0.00         0.00         0.00         0.00         0.00         0.00
7492          7.00         5.00       618.52       132.86        60.00        50.00       120.22         0.00         0.00         0.00         0.00         0.00         0.00         0.00         0.00         0.00         0.00         0.00         0.00
4807          7.00         5.00     3,420.55         0.00        60.00        60.00       528.43         0.00         0.00         0.00         0.00         0.00         0.00         0.00         0.00         0.00         0.00         0.00         0.00
6821          7.00         3.00       816.13       103.38         0.00        40.00       103.84         0.00         0.00         0.00         0.00         0.00         0.00         0.00         0.00         0.00         0.00         0.00         0.00
3169          7.00         5.00       618.52       132.86        60.00        60.00       120.22         0.00         0.00         0.00         0.00         0.00         0.00         0.00         0.00         0.00         0.00         0.00         0.00
6944          7.00         5.00       816.13       154.63        60.00        60.00       155.32         0.00         0.00         0.00         0.00         0.00         0.00         0.00         0.00         0.00         0.00         0.00         0.00

















































EJECUTIVOS EN SERVICIOS DE ALIMENTOS, S.A. DE C.V.                                                                      Pagina: 0004
R.F.C.:                                                                                                                    5/NOV/19
REPORTE DE SUELDOS SEMANALES PERCEPCIONES


 
Codigo Dias de Pago Dias Laborad Sueldo       Compensacion Premio Asist Ayuda Transp Vales Despen T.E. Doble   T.E. Triple  Descanso lab Festivo labo Prim Dominic Perc Gravada Prem x Obj   Aguinaldo    Vacaciones   Prima Vacaci Grat Especia Utilidades
..........................................................................................................................................................................................................................................
5902          0.00         0.00         0.00         0.00         0.00         0.00         0.00         0.00         0.00         0.00         0.00         0.00         0.00         0.00         0.00         0.00         0.00         0.00         0.00
4514          7.00         5.00       816.13       242.20        60.00        60.00       169.33         0.00         0.00         0.00         0.00         0.00         0.00         0.00         0.00         0.00         0.00         0.00         0.00
6014          7.00         5.00       816.13       154.63        60.00        60.00       155.32       116.59         0.00         0.00         0.00         0.00         0.00         0.00         0.00         0.00         0.00         0.00         0.00
7356          7.00         4.00       618.52       106.28         0.00        40.00        96.17        22.09         0.00         0.00         0.00         0.00         0.00         0.00         0.00         0.00         0.00         0.00         0.00
6985          7.00         5.00     1,260.00       648.06        60.00        60.00       305.28        90.00         0.00         0.00       360.00         0.00         0.00         0.00         0.00         0.00       272.58         0.00         0.00
6831          7.00         5.00       618.52       132.86        60.00        50.00       120.22        88.36         0.00       132.54         0.00         0.00         0.00         0.00         0.00         0.00         0.00         0.00         0.00
3827          7.00         5.00       618.52       195.65        60.00        60.00       130.26         0.00         0.00       154.63         0.00        44.18         0.00         0.00         0.00         0.00         0.00         0.00         0.00
5412          0.00         0.00         0.00         0.00         0.00         0.00         0.00         0.00         0.00         0.00         0.00         0.00         0.00         0.00         0.00         0.00         0.00         0.00         0.00
4504          7.00         5.00     1,484.91       504.98        60.00        60.00       318.38         0.00         0.00         0.00         0.00         0.00       100.00         0.00         0.00         0.00         0.00         0.00         0.00
7395          7.00         5.00       618.52       132.86        60.00        60.00       120.22         0.00         0.00         0.00         0.00        44.18         0.00         0.00         0.00         0.00         0.00         0.00         0.00
0214          7.00         5.00     2,439.50     1,083.25        60.00        60.00       528.43         0.00         0.00         0.00         0.00         0.00         0.00         0.00         0.00         0.00         0.00         0.00         0.00
7376          7.00         5.00       618.52       132.86        60.00        60.00       120.22         0.00         0.00         0.00         0.00         0.00         0.00       500.00         0.00         0.00         0.00         0.00         0.00
7212          7.00         5.00       618.52       132.86        60.00        60.00       120.22         0.00         0.00         0.00         0.00         0.00         0.00       500.00         0.00         0.00         0.00         0.00         0.00
6321          7.00         5.00       618.52       195.65        60.00        60.00       130.26        66.27         0.00         0.00         0.00         0.00         0.00         0.00         0.00         0.00         0.00         0.00         0.00
5232          7.00         5.00       670.25       112.63        60.00        50.00       125.26        47.87         0.00         0.00       143.62         0.00       600.00       500.00         0.00         0.00         0.00         0.00         0.00
4958          7.00         5.00       618.52       132.86        60.00        60.00       120.22         0.00         0.00         0.00         0.00         0.00         0.00       500.00         0.00         0.00         0.00         0.00         0.00
3979          7.00         5.00     2,177.98       942.41        60.00        60.00       499.26         0.00         0.00         0.00         0.00         0.00         0.00         0.00         0.00         0.00         0.00         0.00         0.00
0442          7.00         5.00       774.06       433.09        60.00        60.00       193.14         0.00         0.00         0.00         0.00         0.00         0.00         0.00         0.00         0.00         0.00         0.00         0.00
7330          7.00         1.00       816.13        67.22         0.00        20.00        54.40         0.00         0.00         0.00         0.00         0.00         0.00         0.00         0.00         0.00         0.00         0.00         0.00
7243          7.00         5.00       618.52       132.86        60.00        50.00       120.22       198.81       364.48         0.00         0.00         0.00         0.00         0.00         0.00         0.00         0.00         0.00         0.00
7467          7.00         5.00       618.52       132.86        60.00        60.00       120.22         0.00         0.00         0.00       176.72        44.18         0.00         0.00         0.00         0.00         0.00         0.00         0.00
7397          7.00         5.00       618.52       132.86        60.00        60.00       120.22         0.00         0.00         0.00         0.00         0.00         0.00         0.00         0.00         0.00         0.00         0.00         0.00
7421          7.00         5.00       618.52       132.86        60.00        60.00       120.22         0.00         0.00         0.00         0.00         0.00         0.00         0.00         0.00         0.00         0.00         0.00         0.00
7556          0.00         0.00         0.00         0.00         0.00         0.00         0.00         0.00         0.00         0.00         0.00         0.00         0.00         0.00         0.00         0.00         0.00         0.00         0.00
7570          3.00         2.00       123.70        26.57        20.00        10.00        24.04         0.00         0.00         0.00         0.00         0.00         0.00         0.00         0.00         0.00         0.00         0.00         0.00
7298          7.00         5.00       955.99       361.06        60.00        50.00       210.72         0.00         0.00         0.00         0.00         0.00         0.00         0.00         0.00         0.00         0.00         0.00         0.00
5396          7.00         5.00       618.52       132.86        60.00        60.00       120.22         0.00         0.00         0.00         0.00        44.18         0.00         0.00         0.00         0.00         0.00         0.00         0.00
5704          7.00         5.00       878.01       307.65        60.00        60.00       189.70         0.00         0.00         0.00       250.86        62.71         0.00         0.00         0.00         0.00         0.00         0.00         0.00
7503          7.00         4.00       618.52       111.03         0.00        50.00       100.47         0.00         0.00         0.00         0.00         0.00         0.00         0.00         0.00         0.00         0.00         0.00         0.00
7557          7.00         5.00       618.52       132.86        60.00        60.00       120.22         0.00         0.00         0.00       176.72        44.18         0.00         0.00         0.00         0.00         0.00         0.00         0.00
7190          7.00         5.00       618.52       132.86        60.00        60.00       120.22         0.00         0.00         0.00         0.00         0.00         0.00         0.00         0.00         0.00         0.00         0.00         0.00
7280          7.00         5.00       618.52       132.86        60.00        60.00       120.22       198.81        33.13         0.00         0.00         0.00         0.00         0.00         0.00         0.00         0.00         0.00         0.00
5588          7.00         5.00       618.52       132.86        60.00        60.00       120.22        88.36         0.00         0.00         0.00         0.00         0.00         0.00         0.00         0.00         0.00         0.00         0.00
6203          7.00         5.00       618.52       132.86        60.00        60.00       120.22         0.00         0.00         0.00         0.00         0.00         0.00         0.00         0.00         0.00         0.00         0.00         0.00
6582          7.00         5.00       618.52       132.86        60.00        50.00       120.22         0.00         0.00         0.00         0.00         0.00         0.00         0.00         0.00         0.00         0.00         0.00         0.00
7226          7.00         5.00       618.52       132.86        60.00        60.00       120.22         0.00         0.00         0.00         0.00         0.00         0.00       500.00         0.00         0.00         0.00         0.00         0.00
7272          7.00         5.00       618.52       132.86        60.00        60.00       120.22         0.00         0.00         0.00         0.00         0.00         0.00         0.00         0.00         0.00         0.00         0.00         0.00
3326          7.00         5.00       878.01       429.45        60.00        60.00       209.19         0.00         0.00         0.00         0.00         0.00         0.00         0.00         0.00         0.00         0.00         0.00         0.00
3960          7.00         5.00       822.78       242.83        60.00        60.00       170.49       176.31         0.00       146.92         0.00        58.77         0.00         0.00         0.00         0.00         0.00         0.00         0.00
2233          0.00         0.00         0.00         0.00         0.00         0.00         0.00         0.00         0.00         0.00         0.00         0.00         0.00         0.00         0.00         0.00         0.00         0.00         0.00
0449          7.00         5.00       714.35       124.04        60.00        50.00       134.14         0.00         0.00       127.56       153.07         0.00       850.00       500.00         0.00         0.00         0.00         0.00         0.00
6934          7.00         5.00     2,057.51       821.94        60.00        60.00       460.71         0.00         0.00         0.00         0.00         0.00         0.00         0.00         0.00         0.00         0.00         0.00         0.00
7137          7.00         5.00       816.13       403.34        60.00        50.00       195.11        58.29         0.00         0.00       174.88         0.00       600.00         0.00         0.00         0.00         0.00         0.00         0.00

















































EJECUTIVOS EN SERVICIOS DE ALIMENTOS, S.A. DE C.V.                                                                      Pagina: 0005
R.F.C.:                                                                                                                    5/NOV/19
REPORTE DE SUELDOS SEMANALES PERCEPCIONES


 
Codigo Dias de Pago Dias Laborad Sueldo       Compensacion Premio Asist Ayuda Transp Vales Despen T.E. Doble   T.E. Triple  Descanso lab Festivo labo Prim Dominic Perc Gravada Prem x Obj   Aguinaldo    Vacaciones   Prima Vacaci Grat Especia Utilidades
..........................................................................................................................................................................................................................................
6682          7.00         4.00       618.52       106.28         0.00        40.00        96.17         0.00         0.00         0.00         0.00         0.00         0.00         0.00         0.00         0.00         0.00         0.00         0.00
1269          7.00         5.00       618.52       132.86        60.00        60.00       120.22         0.00         0.00         0.00         0.00         0.00         0.00         0.00         0.00         0.00       134.17         0.00         0.00
7523          7.00         5.00       618.52       132.86        60.00        60.00       120.22         0.00         0.00         0.00         0.00         0.00         0.00         0.00         0.00         0.00         0.00         0.00         0.00
6006          7.00         5.00       618.52       132.86        60.00        60.00       120.22         0.00         0.00         0.00         0.00         0.00         0.00       500.00         0.00         0.00         0.00         0.00         0.00
1419          7.00         5.00       878.01       307.65        60.00        60.00       189.70         0.00         0.00         0.00         0.00         0.00         0.00         0.00         0.00         0.00         0.00         0.00         0.00
7518          0.00         0.00         0.00         0.00         0.00         0.00         0.00         0.00         0.00         0.00         0.00         0.00         0.00         0.00         0.00         0.00         0.00         0.00         0.00
7453          7.00         4.00       618.52       111.03         0.00        50.00       100.47         0.00         0.00         0.00         0.00         0.00         0.00         0.00         0.00         0.00         0.00         0.00         0.00
7545          7.00         5.00       878.01       307.65        60.00        60.00       189.70        94.07         0.00         0.00       250.86         0.00         0.00         0.00         0.00         0.00         0.00         0.00         0.00
7483          0.00         0.00         0.00         0.00         0.00         0.00         0.00         0.00         0.00         0.00         0.00         0.00         0.00         0.00         0.00         0.00         0.00         0.00         0.00
7244          7.00         5.00       618.52       132.86        60.00        60.00       120.22        66.27         0.00         0.00         0.00        44.18         0.00       500.00         0.00         0.00         0.00         0.00         0.00
5905          7.00         5.00       878.01       307.65        60.00        60.00       189.70       282.21       376.29         0.00         0.00         0.00         0.00         0.00         0.00         0.00         0.00         0.00         0.00
7462          7.00         5.00       618.52       132.86        60.00        60.00       120.22         0.00         0.00         0.00       176.72         0.00         0.00         0.00         0.00         0.00         0.00         0.00         0.00
3525          7.00         5.00       816.13       154.63        60.00        60.00       155.32       174.88       349.77         0.00         0.00         0.00         0.00         0.00         0.00         0.00         0.00         0.00         0.00
2451          7.00         5.00       618.52       132.86        60.00        60.00       120.22        66.27         0.00         0.00         0.00        44.18         0.00         0.00         0.00         0.00         0.00         0.00         0.00
6885          7.00         5.00       618.52       132.86        60.00        60.00       120.22        66.27       132.54         0.00         0.00         0.00         0.00         0.00         0.00         0.00         0.00         0.00         0.00
7438          7.00         5.00       618.52       132.86        60.00        60.00       120.22         0.00         0.00         0.00         0.00        44.18         0.00         0.00         0.00         0.00         0.00         0.00         0.00
4775          7.00         5.00       618.52       132.86        60.00        60.00       120.22       110.45        33.13         0.00         0.00         0.00         0.00       500.00         0.00         0.00         0.00         0.00         0.00
7528          7.00         5.00       618.52       132.86        60.00        60.00       120.22         0.00         0.00         0.00       176.72         0.00         0.00         0.00         0.00         0.00         0.00         0.00         0.00
5671          7.00         5.00     1,220.73       552.51        60.00        50.00       283.71         0.00         0.00         0.00         0.00         0.00         0.00         0.00         0.00         0.00         0.00         0.00         0.00
4832          7.00         5.00       618.52       132.86        60.00        60.00       120.22         0.00         0.00         0.00         0.00         0.00         0.00       500.00         0.00         0.00         0.00         0.00         0.00
7496          0.00         0.00         0.00         0.00         0.00         0.00         0.00         0.00         0.00         0.00         0.00         0.00         0.00         0.00         0.00         0.00         0.00         0.00         0.00
6567          7.00         5.00       618.52       132.86        60.00        60.00       120.22        88.36         0.00         0.00       176.72         0.00         0.00       500.00         0.00         0.00         0.00         0.00         0.00
3321          7.00         5.00     1,077.37       434.91        60.00        50.00       241.96       115.43         0.00         0.00       115.43         0.00       379.15         0.00         0.00         0.00         0.00         0.00         0.00
2112          7.00         5.00       618.52       132.86        60.00        60.00       120.22         0.00         0.00         0.00         0.00         0.00         0.00         0.00         0.00         0.00         0.00         0.00         0.00
0624          7.00         5.00       983.99       827.19        60.00        50.00       289.78         0.00         0.00         0.00       281.14         0.00       600.00         0.00         0.00         0.00       258.74         0.00         0.00
6877          7.00         5.00       618.52       132.86        60.00        50.00       120.22         0.00         0.00         0.00       110.45         0.00       600.00         0.00         0.00         0.00         0.00         0.00         0.00
4385          7.00         5.00       816.13       242.20        60.00        60.00       169.33        87.44       131.16         0.00         0.00         0.00         0.00         0.00         0.00         0.00         0.00         0.00         0.00
7378          7.00         5.00       618.52       132.86        60.00        50.00       120.22         0.00         0.00         0.00         0.00         0.00         0.00         0.00         0.00         0.00         0.00         0.00         0.00
0366          7.00         5.00     2,020.55       758.87        60.00        50.00       444.70         0.00         0.00         0.00         0.00         0.00         0.00         0.00         0.00         0.00         0.00         0.00         0.00
6206          7.00         5.00       816.13       154.63        60.00        60.00       155.32         0.00         0.00         0.00         0.00         0.00         0.00         0.00         0.00         0.00         0.00         0.00         0.00
7543          0.00         0.00         0.00         0.00         0.00         0.00         0.00         0.00         0.00         0.00         0.00         0.00         0.00         0.00         0.00         0.00         0.00         0.00         0.00
 
*** GLOBAL               915.00   146,448.30    40,324.33    10,300.00    10,460.00    29,319.89     6,775.79     5,026.44     1,222.95     4,512.16     1,508.28     7,900.16    14,500.00         0.00         0.00     1,224.16         0.00         0.00
  


























































