EJECUTIVOS EN SERVICIOS DE ALIMENTOS, S.A. DE C.V.                                                                      Pagina: 0001
R.F.C.:                                                                                                                    2/NOV/19
REPORTE DE SUELDOS SEMANALES DEDUCCIONES


 
Codigo Desc Vales   Desc Zapatos Otras Deducc Desc Fonacot Pension Alim Desc Infonav Faltas       Inca Enferme Inca Riesgo  ISPT         Ajus ISPT    IMSS          Sub P/Empleo Tot Per Grav Tot Per Exce Total Percep Total Deducc Neto Pagado
..........................................................................................................................................................................................................................................
8071          1.00         0.00         0.00         0.00         0.00         0.00         0.00         0.00         0.00         0.00         0.00        20.72         31.48       977.26       267.57     1,244.83        21.72     1,223.11
6600          1.00         0.00         0.00         0.00         0.00       246.12         0.00         0.00         0.00         0.00         0.00        21.66         32.87       955.65       211.43     1,167.08       268.78       898.30
7685          1.00         0.00         0.00         0.00         0.00         0.00         0.00         0.00         0.00         0.00         0.00        32.12         23.26     1,112.90       227.57     1,340.47        33.12     1,307.35
5933          1.00         0.00         0.00         0.00         0.00         0.00         0.00         0.00         0.00         0.00         0.00        26.88         35.52       914.15       276.03     1,190.18        27.88     1,162.30
7170          1.00         0.00         0.00         0.00         0.00         0.00         0.00         0.00         0.00         0.00         0.00        28.51         20.69     1,145.90       186.37     1,332.27        29.51     1,302.76
5201          1.00         0.00         0.00         0.00         0.00       335.50         0.00         0.00         0.00        47.98         0.00        36.05          0.00     1,498.02       220.48     1,718.50       420.53     1,297.97
3890          1.00         0.00         0.00         0.00         0.00         0.00         0.00         0.00         0.00       178.37         0.00        54.49          0.00     2,104.51       319.12     2,423.63       233.86     2,189.77
7834          1.00        56.00         0.00         0.00         0.00         0.00         0.00         0.00         0.00         0.00         0.00        28.98         22.63     1,014.04       165.67     1,179.71        85.98     1,093.73
8083          1.00         0.00         0.00         0.00         0.00         0.00         0.00         0.00         0.00        11.19         0.00        32.32          0.00     1,246.79       180.28     1,427.07        44.51     1,382.56
1123          1.00         0.00         0.00         0.00         0.00         0.00         0.00         0.00         0.00        20.39         0.00        35.40          0.00     1,355.64       197.70     1,553.34        56.79     1,496.55
8144          1.00         0.00         0.00         0.00         0.00         0.00         0.00         0.00         0.00         0.00         0.00        18.65         27.84     1,042.16       148.06     1,190.22        19.65     1,170.57
8049          1.00         0.00         0.00         0.00         0.00         0.00         0.00         0.00         0.00         0.00         0.00        24.43         36.62       897.13       182.59     1,079.72        25.43     1,054.29
8100          1.00         0.00         0.00         0.00         0.00         0.00         0.00         0.00         0.00         0.00         0.00        19.65         49.16       861.38       169.38     1,030.76        20.65     1,010.11
8066          1.00         0.00         0.00         0.00         0.00         0.00         0.00         0.00         0.00         0.00         0.00        20.08         38.26       871.38       158.48     1,029.86        21.08     1,008.78
8161          1.00         0.00         0.00         0.00         0.00         0.00         0.00         0.00         0.00         0.00         0.00         7.99         23.22       304.05        76.27       380.32         8.99       371.33
7977          1.00         0.00         0.00         0.00         0.00         0.00         0.00         0.00         0.00         0.00         0.00        23.90         28.27     1,032.16       148.49     1,180.65        24.90     1,155.75
8088          1.00         0.00         0.00         0.00         0.00         0.00         0.00         0.00         0.00         0.00         0.00        20.06         51.26       871.38       171.48     1,042.86        21.06     1,021.80
8123          1.00         0.00         0.00         0.00         0.00         0.00         0.00         0.00         0.00         0.00         0.00        18.65         38.26       871.38       158.48     1,029.86        19.65     1,010.21
8143          0.00         0.00         0.00         0.00         0.00         0.00         0.00         0.00         0.00         0.00         0.00         0.00          0.00         0.00         0.00         0.00         0.00         0.00
8132          1.00         0.00         0.00         0.00         0.00         0.00         0.00         0.00         0.00        29.81         0.00        18.65          0.00     1,428.41       236.09     1,664.50        49.46     1,615.04
8112          1.00         0.00         0.00         0.00         0.00         0.00         0.00         0.00       440.25         0.00         0.00        15.98         64.70     1,032.75       217.81     1,250.56       457.23       793.33
7259          1.00         0.00         0.00         0.00         0.00         0.00         0.00         0.00         0.00         0.00         0.00        20.94         32.05       968.53       223.48     1,192.01        21.94     1,170.07
7338          1.00         0.00         0.00         0.00         0.00         0.00         0.00         0.00         0.00         0.00         0.00        23.98         29.13     1,014.04       172.17     1,186.21        24.98     1,161.23
5677          1.00         0.00         0.00         0.00         0.00         0.00         0.00         0.00         0.00        41.02         0.00        33.25          0.00     1,434.03       276.09     1,710.12        75.27     1,634.85
8149          1.00         0.00         0.00         0.00         0.00         0.00         0.00         0.00         0.00         0.00         0.00        18.65         95.13       145.58       115.22       260.80        19.65       241.15
8078          1.00         0.00         0.00         0.00         0.00         0.00       144.20         0.00         0.00         0.00         0.00        21.95         51.08       947.67       173.00     1,120.67       167.15       953.52
8023          0.00         0.00         0.00         0.00         0.00         0.00       361.53         0.00         0.00         0.00         0.00        17.29         45.14       912.14        96.64     1,008.78       378.82       629.96
8042          1.00         0.00         0.00         0.00         0.00         0.00         0.00         0.00         0.00        35.58         0.00        28.20          0.00     1,384.10       197.47     1,581.57        64.78     1,516.79
7943          1.00         0.00         0.00         0.00         0.00         0.00         0.00         0.00         0.00         0.00         0.00        25.35         38.26       871.38       158.48     1,029.86        26.35     1,003.51
8152          0.00         0.00         0.00         0.00         0.00         0.00       120.51         0.00         0.00         0.00         0.00        16.69         25.17     1,103.95        89.54     1,193.49       137.20     1,056.29
0849          1.00         0.00         0.00         0.00         0.00         0.00         0.00         0.00         0.00         0.00         0.00        28.02         11.08     1,089.04       154.12     1,243.16        29.02     1,214.14
7536          1.00         0.00         0.00         0.00         0.00         0.00         0.00         0.00         0.00         0.00         0.00        28.35         10.37     1,100.03       201.80     1,301.83        29.35     1,272.48
5181          1.00         0.00         0.00         0.00         0.00         0.00         0.00         0.00         0.00         0.00         0.00        21.24         60.47       914.15       187.53     1,101.68        22.24     1,079.44
5429          1.00         0.00         0.00         0.00         0.00         0.00         0.00         0.00         0.00       332.55         0.00        77.10          0.00     2,951.28       493.53     3,444.81       410.65     3,034.16
5558          1.00         0.00         0.00         0.00         0.00         0.00         0.00         0.00         0.00         0.00         0.00        24.38         17.09     1,100.60       237.38     1,337.98        25.38     1,312.60
7663          1.00         0.00         0.00         0.00         0.00         0.00         0.00         0.00         0.00         0.00         0.00        30.16          8.94     1,125.72       129.16     1,254.88        31.16     1,223.72
8093          0.00         0.00         0.00         0.00         0.00         0.00       361.53         0.00         0.00         0.00         0.00        17.33         44.61       826.51        44.61       871.12       378.86       492.26
7773          1.00         0.00         0.00         0.00         0.00         0.00       120.51         0.00         0.00         0.00         0.00        20.42         50.22       935.21       220.77     1,155.98       141.93     1,014.05
1424          1.00         0.00         0.00         0.00         0.00       466.38         0.00         0.00         0.00       279.96         0.00        75.24          0.00     2,705.02       444.63     3,149.65       822.58     2,327.07
5280          1.00         0.00         0.00       362.10         0.00       435.11         0.00         0.00         0.00       175.59         0.00        48.67          0.00     2,087.15       456.34     2,543.49     1,022.47     1,521.02
8020          1.00         0.00         0.00         0.00         0.00         0.00         0.00         0.00         0.00         0.00         0.00        19.82         39.04       861.38       159.26     1,020.64        20.82       999.82
8156          1.00         0.00         0.00         0.00         0.00         0.00         0.00         0.00         0.00         0.00         0.00        18.65         37.25       887.13       183.22     1,070.35        19.65     1,050.70
8163          0.00         0.00         0.00         0.00         0.00         0.00         0.00         0.00         0.00         0.00         0.00         7.99         21.47       331.35        21.47       352.82         7.99       344.83

















































EJECUTIVOS EN SERVICIOS DE ALIMENTOS, S.A. DE C.V.                                                                      Pagina: 0002
R.F.C.:                                                                                                                    2/NOV/19
REPORTE DE SUELDOS SEMANALES DEDUCCIONES


 
Codigo Desc Vales   Desc Zapatos Otras Deducc Desc Fonacot Pension Alim Desc Infonav Faltas       Inca Enferme Inca Riesgo  ISPT         Ajus ISPT    IMSS          Sub P/Empleo Tot Per Grav Tot Per Exce Total Percep Total Deducc Neto Pagado
..........................................................................................................................................................................................................................................
8140          0.00         0.00         0.00         0.00         0.00         0.00         0.00         0.00         0.00         0.00         0.00         0.00          0.00         0.00         0.00         0.00         0.00         0.00
7994          1.00         0.00         0.00         0.00         0.00         0.00         0.00         0.00         0.00        65.97         0.00        24.24          0.00     1,489.38       236.09     1,725.47        91.21     1,634.26
6461          1.00         0.00       150.00         0.00         0.00         0.00         0.00         0.00         0.00         0.00         0.00        27.33          3.50     1,175.78       269.86     1,445.64       178.33     1,267.31
6765          1.00         0.00         0.00         0.00         0.00       338.39         0.00         0.00         0.00       268.72         0.00        59.19          0.00     2,630.72       487.74     3,118.46       667.30     2,451.16
7909          1.00         0.00         0.00         0.00         0.00         0.00         0.00         0.00         0.00         0.00         0.00        26.34         33.32       948.63       192.16     1,140.79        27.34     1,113.45
5000          1.00         0.00         0.00         0.00         0.00         0.00         0.00         0.00         0.00         0.00         0.00        36.34          2.16     1,188.13       173.06     1,361.19        37.34     1,323.85
8113          1.00         0.00         0.00         0.00         0.00         0.00         0.00         0.00         0.00        14.37         0.00        27.97          0.00     1,275.99       219.47     1,495.46        43.34     1,452.12
5644          1.00         0.00       200.00         0.00         0.00       337.88         0.00         0.00         0.00        47.07         0.00        32.02          0.00     1,489.65       332.36     1,822.01       617.97     1,204.04
6638          1.00         0.00         0.00         0.00         0.00         0.00         0.00         0.00         0.00         0.00         0.00        23.80         35.53       914.15       162.59     1,076.74        24.80     1,051.94
8155          1.00         0.00         0.00         0.00         0.00         0.00       120.51         0.00         0.00         0.00         0.00        16.69         32.86       990.60       184.83     1,175.43       138.20     1,037.23
7800          1.00         0.00         0.00         0.00         0.00         0.00       120.51         0.00         0.00         0.00         0.00        21.37         39.84       887.06       140.31     1,027.37       142.88       884.49
8111          1.00         0.00         0.00         0.00         0.00         0.00         0.00         0.00         0.00         0.00         0.00        18.65         38.91       861.38       159.13     1,020.51        19.65     1,000.86
6690          1.00         0.00         0.00         0.00         0.00         0.00         0.00         0.00         0.00         0.00         0.00        21.90         32.87       955.65       211.43     1,167.08        22.90     1,144.18
7168          1.00         0.00         0.00         0.00         0.00         0.00         0.00         0.00         0.00         0.00         0.00        27.65         28.11     1,030.03       193.79     1,223.82        28.65     1,195.17
8081          1.00         0.00         0.00         0.00         0.00         0.00         0.00         0.00         0.00         0.87         0.00        28.59          0.00     1,215.97       236.09     1,452.06        30.46     1,421.60
7991          1.00         0.00         0.00         0.00         0.00         0.00         0.00         0.00         0.00        10.10         0.00        29.14          0.00     1,236.79       180.28     1,417.07        40.24     1,376.83
8063          1.00         0.00         0.00         0.00         0.00         0.00         0.00         0.00         0.00         0.00         0.00        19.83         36.85       893.57       189.25     1,082.82        20.83     1,061.99
4314          1.00         0.00         0.00         0.00         0.00         0.00         0.00         0.00         0.00       178.09         0.00        52.10          0.00     2,102.80       393.60     2,496.40       231.19     2,265.21
7848          1.00         0.00         0.00         0.00         0.00         0.00         0.00         0.00         0.00         0.00         0.00        19.82         35.60       912.88       207.32     1,120.20        20.82     1,099.38
7632          1.00         0.00         0.00         0.00         0.00         0.00         0.00         0.00         0.00         0.00         0.00        23.22         23.29     1,112.90       227.60     1,340.50        24.22     1,316.28
7873          1.00         0.00         0.00         0.00         0.00         0.00         0.00         0.00         0.00         0.00         0.00        25.93         19.18     1,067.91       165.15     1,233.06        26.93     1,206.13
8068          1.00         0.00         0.00         0.00         0.00         0.00         0.00         0.00         0.00        72.55         0.00        39.44          0.00     1,647.76       246.04     1,893.80       112.99     1,780.81
8158          0.00         0.00         0.00         0.00         0.00         0.00       602.55         0.00         0.00         0.00         0.00         8.83         25.34       774.29        25.34       799.63       611.38       188.25
8086          1.00         0.00         0.00         0.00         0.00         0.00         0.00         0.00         0.00         0.00         0.00        20.05         38.26       871.38       158.48     1,029.86        21.05     1,008.81
8145          1.00         0.00         0.00         0.00         0.00         0.00         0.00         0.00         0.00         0.00         0.00        18.65         38.27       871.38       209.99     1,081.37        19.65     1,061.72
8106          1.00         0.00         0.00         0.00         0.00         0.00         0.00         0.00         0.00         0.00         0.00        22.04         34.97       922.88       258.19     1,181.07        23.04     1,158.03
8129          1.00         0.00         0.00         0.00         0.00         0.00         0.00         0.00         0.00         0.00         0.00        18.65         35.61       912.88       207.33     1,120.21        19.65     1,100.56
7633          1.00         0.00         0.00         0.00         0.00         0.00         0.00         0.00         0.00         0.00         0.00        26.36         36.17       904.15       163.23     1,067.38        27.36     1,040.02
7984          1.00         0.00         0.00         0.00         0.00         0.00         0.00         0.00         0.00        14.37         0.00        29.16          0.00     1,275.99       219.47     1,495.46        44.53     1,450.93
7914          1.00         0.00         0.00         0.00         0.00         0.00         0.00         0.00         0.00         0.00         0.00        21.83         35.86       908.97       162.09     1,071.06        22.83     1,048.23
8141          1.00         0.00         0.00         0.00         0.00         0.00         0.00         0.00         0.00         0.00         0.00        18.65         19.99     1,032.16       140.21     1,172.37        19.65     1,152.72
2897          1.00         0.00         0.00         0.00         0.00         0.00         0.00         0.00         0.00         0.00         0.00        24.21         33.06       952.78       198.74     1,151.52        25.21     1,126.31
5630          1.00         0.00         0.00         0.00         0.00         0.00         0.00         0.00         0.00         0.00         0.00        20.98         33.97       938.63       231.44     1,170.07        21.98     1,148.09
8139          1.00         0.00         0.00         0.00         0.00         0.00         0.00         0.00         0.00         0.00         0.00        18.65         20.84     1,042.16       192.56     1,234.72        19.65     1,215.07
8007          1.00         0.00         0.00         0.00         0.00         0.00         0.00         0.00         0.00         0.00         0.00        28.02          3.23     1,178.33       172.56     1,350.89        29.02     1,321.87
8048          1.00         0.00         0.00         0.00         0.00         0.00         0.00         0.00         0.00        72.83         0.00        47.64          0.00     1,726.43       257.02     1,983.45       121.47     1,861.98
8138          0.00         0.00         0.00         0.00         0.00         0.00       144.20         0.00         0.00         0.00         0.00        16.69         32.76     1,018.09        32.76     1,050.85       160.89       889.96
8052          1.00         0.00         0.00         0.00         0.00         0.00       210.00         0.00         0.00         3.19         0.00        34.36          0.00     1,448.40       191.74     1,640.14       248.55     1,391.59
8105          1.00         0.00         0.00         0.00         0.00         0.00         0.00         0.00         0.00         0.00         0.00        23.06         18.18     1,083.66       189.90     1,273.56        24.06     1,249.50
7614          1.00         0.00         0.00         0.00         0.00         0.00         0.00         0.00         0.00       307.27         0.00        37.40          0.00     2,271.37       424.87     2,696.24       345.67     2,350.57
3318          1.00         0.00         0.00         0.00         0.00       510.55         0.00         0.00         0.00       255.48         0.00        62.79          0.00     2,556.85       459.16     3,016.01       829.82     2,186.19
7804          1.00         0.00         0.00         0.00         0.00         0.00         0.00         0.00         0.00        63.46         0.00        37.85          0.00     1,564.18       232.66     1,796.84       102.31     1,694.53
6083          1.00         0.00         0.00         0.00         0.00         0.00         0.00         0.00         0.00         0.00         0.00        23.21          6.34     1,065.56       192.88     1,258.44        24.21     1,234.23

















































EJECUTIVOS EN SERVICIOS DE ALIMENTOS, S.A. DE C.V.                                                                      Pagina: 0003
R.F.C.:                                                                                                                    2/NOV/19
REPORTE DE SUELDOS SEMANALES DEDUCCIONES


 
Codigo Desc Vales   Desc Zapatos Otras Deducc Desc Fonacot Pension Alim Desc Infonav Faltas       Inca Enferme Inca Riesgo  ISPT         Ajus ISPT    IMSS          Sub P/Empleo Tot Per Grav Tot Per Exce Total Percep Total Deducc Neto Pagado
..........................................................................................................................................................................................................................................
8118          0.00         0.00         0.00         0.00         0.00         0.00         0.00         0.00         0.00         0.00         0.00         0.00          0.00         0.00         0.00         0.00         0.00         0.00
6766          1.00         0.00         0.00         0.00         0.00         0.00         0.00         0.00         0.00         0.00         0.00        34.08          8.00     1,134.45       171.91     1,306.36        35.08     1,271.28
8084          1.00         0.00         0.00         0.00         0.00         0.00         0.00         0.00         0.00         0.00         0.00        23.64         20.84     1,042.16       141.06     1,183.22        24.64     1,158.58
4137          1.00         0.00         0.00         0.00         0.00         0.00         0.00         0.00         0.00       371.81         0.00        90.71          0.00     3,135.04       482.40     3,617.44       463.52     3,153.92
8009          1.00         0.00         0.00         0.00         0.00         0.00         0.00         0.00         0.00         0.00         0.00        24.48         21.48     1,032.16       141.70     1,173.86        25.48     1,148.38
7542          1.00         0.00         0.00         0.00         0.00         0.00         0.00         0.00         0.00         0.00         0.00        28.48         20.70     1,145.90       186.38     1,332.28        29.48     1,302.80
8150          1.00         0.00         0.00         0.00         0.00         0.00       146.75         0.00         0.00         0.00         0.00        25.03         31.19     1,135.91       181.85     1,317.76       172.78     1,144.98
3780          1.00         0.00         0.00         0.00         0.00         0.00         0.00         0.00         0.00        66.31         0.00        40.02          0.00     1,666.41       298.87     1,965.28       107.33     1,857.95
6205          1.00         0.00         0.00         0.00         0.00         0.00         0.00         0.00         0.00         0.00         0.00        22.62         29.52     1,015.56       216.06     1,231.62        23.62     1,208.00
5027          1.00         0.00         0.00         0.00         0.00         0.00         0.00         0.00         0.00         9.36         0.00        34.14          0.00     1,230.04       143.04     1,373.08        44.50     1,328.58
7818          1.00         0.00         0.00         0.00         0.00         0.00         0.00         0.00         0.00         0.00         0.00        23.38         29.78     1,004.04       172.82     1,176.86        24.38     1,152.48
7221          1.00        56.00         0.00         0.00         0.00         0.00         0.00         0.00         0.00         0.00         0.00        22.99         28.78       957.94       226.25     1,184.19        79.99     1,104.20
7815          1.00         0.00         0.00         0.00         0.00         0.00         0.00         0.00         0.00        16.64         0.00        33.30          0.00     1,296.85       120.22     1,417.07        50.94     1,366.13
6839          1.00         0.00         0.00         0.00         0.00         0.00       120.51         0.00         0.00         0.00         0.00        24.67         61.13       985.16       218.81     1,203.97       146.18     1,057.79
5646          1.00         0.00         0.00         0.00         0.00         0.00         0.00         0.00         0.00         0.00         0.00        26.52         35.53       914.15       162.59     1,076.74        27.52     1,049.22
8011          1.00         0.00         0.00         0.00         0.00         0.00         0.00         0.00         0.00        11.19         0.00        31.44          0.00     1,246.79       180.28     1,427.07        43.63     1,383.44
7708          1.00         0.00         0.00         0.00         0.00         0.00         0.00         0.00         0.00         0.00         0.00        23.13         35.53       914.15       162.59     1,076.74        24.13     1,052.61
7869          1.00         0.00         0.00         0.00         0.00         0.00         0.00         0.00         0.00         0.00         0.00        22.37         32.66       964.06       219.20     1,183.26        23.37     1,159.89
7973          0.00         0.00         0.00         0.00         0.00         0.00         0.00         0.00         0.00         0.00         0.00         0.00          0.00         0.00         0.00         0.00         0.00         0.00
8012          1.00         0.00         0.00         0.00         0.00         0.00         0.00         0.00         0.00        29.55         0.00        30.48          0.00     1,415.54       390.59     1,806.13        61.03     1,745.10
7530          1.00         0.00         0.00         0.00         0.00         0.00         0.00         0.00         0.00         0.00         0.00        29.97          9.64     1,119.34       220.38     1,339.72        30.97     1,308.75
8151          1.00         0.00         0.00         0.00         0.00         0.00       120.51         0.00         0.00         0.00         0.00        16.69         34.79       964.85       161.01     1,125.86       138.20       987.66
8124          1.00         0.00         0.00         0.00         0.00         0.00         0.00         0.00         0.00         4.38         0.00        18.65          0.00     1,119.41       210.34     1,329.75        24.03     1,305.72
8077          1.00         0.00         0.00         0.00         0.00         0.00         0.00         0.00         0.00         0.00         0.00        23.51         23.35     1,112.97       214.38     1,327.35        24.51     1,302.84
8076          1.00         0.00         0.00         0.00         0.00         0.00         0.00         0.00         0.00        14.37         0.00        30.32          0.00     1,275.99       219.47     1,495.46        45.69     1,449.77
8128          0.00         0.00         0.00         0.00         0.00         0.00       120.51         0.00         0.00         0.00         0.00        16.69         18.32     1,155.45       134.19     1,289.64       137.20     1,152.44
6028          1.00         0.00       100.00         0.00         0.00       407.29         0.00         0.00         0.00        77.30         0.00        33.51          0.00     1,691.42       296.26     1,987.68       619.10     1,368.58
6565          0.00         0.00         0.00         0.00         0.00         0.00         0.00         0.00         0.00         0.00         0.00         0.00          0.00         0.00         0.00         0.00         0.00         0.00
3676          1.00         0.00         0.00         0.00         0.00         0.00         0.00         0.00         0.00        80.62         0.00        38.39          0.00     1,721.93       338.80     2,060.73       120.01     1,940.72
3221          1.00         0.00         0.00         0.00         0.00         0.00         0.00         0.00         0.00        69.85         0.00        32.50          0.00     1,699.05       311.82     2,010.87       103.35     1,907.52
7779          1.00         0.00         0.00         0.00         0.00         0.00         0.00         0.00         0.00         0.00         0.00        25.55         24.72     1,090.76       241.25     1,332.01        26.55     1,305.46
7942          1.00         0.00         0.00         0.00         0.00         0.00         0.00         0.00         0.00         0.00         0.00        23.67         28.35     1,032.16       148.57     1,180.73        24.67     1,156.06
7845          1.00         0.00         0.00         0.00         0.00         0.00         0.00         0.00         0.00         0.00         0.00        37.12         36.10     1,004.04       179.14     1,183.18        38.12     1,145.06
7996          1.00         0.00         0.00         0.00         0.00         0.00         0.00         0.00         0.00         0.00         0.00        22.82         28.70     1,042.16       200.42     1,242.58        23.82     1,218.76
2522          1.00         0.00         0.00         0.00         0.00         0.00         0.00         0.00         0.00        13.43         0.00        26.85          0.00     1,267.40       242.93     1,510.33        41.28     1,469.05
8125          1.00         0.00         0.00         0.00         0.00         0.00         0.00         0.00         0.00         0.00         0.00        18.65         38.26       871.38       158.48     1,029.86        19.65     1,010.21
8154          1.00         0.00         0.00         0.00         0.00         0.00         0.00         0.00         0.00         0.00         0.00        13.32         29.89       582.35       110.26       692.61        14.32       678.29
7080          1.00         0.00       300.00         0.00         0.00         0.00       146.75         0.00         0.00         0.00         0.00        31.06          6.09     1,234.66       172.55     1,407.21       478.81       928.40
5965          1.00         0.00         0.00         0.00         0.00         0.00         0.00         0.00         0.00       137.58         0.00        28.07          0.00     1,784.92       308.62     2,093.54       166.65     1,926.89
5447          1.00         0.00         0.00         0.00         0.00         0.00         0.00         0.00         0.00         0.00         0.00        26.17         29.77     1,004.04       204.74     1,208.78        27.17     1,181.61
6685          1.00         0.00         0.00         0.00         0.00         0.00         0.00         0.00         0.00         0.00         0.00        29.99         46.43       927.03       186.36     1,113.39        30.99     1,082.40
8056          1.00         0.00         0.00         0.00         0.00         0.00         0.00         0.00         0.00       265.16         0.00        37.22          0.00     2,610.84       321.38     2,932.22       303.38     2,628.84
5549          1.00         0.00         0.00         0.00         0.00         0.00         0.00         0.00         0.00         0.00         0.00        31.56         20.43     1,048.53       211.86     1,260.39        32.56     1,227.83

















































EJECUTIVOS EN SERVICIOS DE ALIMENTOS, S.A. DE C.V.                                                                      Pagina: 0004
R.F.C.:                                                                                                                    2/NOV/19
REPORTE DE SUELDOS SEMANALES DEDUCCIONES


 
Codigo Desc Vales   Desc Zapatos Otras Deducc Desc Fonacot Pension Alim Desc Infonav Faltas       Inca Enferme Inca Riesgo  ISPT         Ajus ISPT    IMSS          Sub P/Empleo Tot Per Grav Tot Per Exce Total Percep Total Deducc Neto Pagado
..........................................................................................................................................................................................................................................
8117          1.00         0.00         0.00         0.00         0.00         0.00         0.00         0.00         0.00         0.00         0.00        18.65         38.90       861.38       159.12     1,020.50        19.65     1,000.85
0854          1.00         0.00         0.00         0.00         0.00       332.71         0.00         0.00         0.00       140.84         0.00        42.13          0.00     1,814.97       385.56     2,200.53       516.68     1,683.85
7295          1.00         0.00       100.00         0.00         0.00         0.00         0.00         0.00         0.00         0.00         0.00        28.10         48.53       914.15       175.59     1,089.74       129.10       960.64
8133          1.00         0.00         0.00         0.00         0.00         0.00         0.00         0.00         0.00         0.00         0.00        18.65         38.26       871.38       158.48     1,029.86        19.65     1,010.21
4807          1.00         0.00         0.00         0.00         0.00         0.00         0.00         0.00         0.00       510.35         0.00       110.77          0.00     3,783.66       586.18     4,369.84       622.12     3,747.72
8160          0.00         0.00         0.00         0.00         0.00         0.00         0.00         0.00         0.00         0.00         0.00         7.99         21.47       331.35        21.47       352.82         7.99       344.83
8153          1.00         0.00         0.00         0.00         0.00         0.00         0.00         0.00         0.00         0.00         0.00        18.65         26.32     1,042.16       146.54     1,188.70        19.65     1,169.05
3169          1.00         0.00         0.00         0.00         0.00         0.00         0.00         0.00         0.00         0.00         0.00        27.15         19.60     1,061.40       172.41     1,233.81        28.15     1,205.66
4514          1.00         0.00         0.00         0.00         0.00       352.61         0.00         0.00         0.00        23.03         0.00        33.33          0.00     1,355.64       197.70     1,553.34       409.97     1,143.37
7814          1.00         0.00         0.00         0.00         0.00         0.00         0.00         0.00         0.00         0.00         0.00        23.38         29.77     1,004.04       172.81     1,176.85        24.38     1,152.47
7754          1.00         0.00         0.00         0.00         0.00         0.00         0.00         0.00         0.00         0.00         0.00        21.32         35.86       908.97       162.09     1,071.06        22.32     1,048.74
6014          1.00         0.00         0.00         0.00         0.00         0.00         0.00         0.00         0.00        42.73         0.00        32.26          0.00     1,449.71       291.77     1,741.48        75.99     1,665.49
8159          0.00         0.00         0.00         0.00         0.00         0.00         0.00         0.00         0.00         0.00         0.00        13.32          6.32       802.64        32.07       834.71        13.32       821.39
3827          1.00         0.00         0.00         0.00         0.00         0.00         0.00         0.00         0.00         0.00         0.00        29.73          4.24     1,168.96       242.28     1,411.24        30.73     1,380.51
8103          1.00         0.00         0.00         0.00         0.00         0.00         0.00         0.00         0.00         0.00         0.00        20.08         44.46       884.26       177.55     1,061.81        21.08     1,040.73
8054          0.00         0.00         0.00         0.00         0.00         0.00         0.00         0.00         0.00         0.00         0.00         0.00          0.00         0.00         0.00         0.00         0.00         0.00
5412          1.00         0.00         0.00         0.00         0.00         0.00         0.00         0.00         0.00         0.00         0.00        27.95         36.17       904.15       163.23     1,067.38        28.95     1,038.43
7395          1.00         0.00         0.00         0.00         0.00         0.00       120.51         0.00         0.00         0.00         0.00        22.97         48.20       973.72       161.06     1,134.78       144.48       990.30
0214          1.00         0.00         0.00         0.00         0.00         0.00         0.00         0.00         0.00       510.35         0.00       111.42          0.00     3,783.66       586.18     4,369.84       622.77     3,747.07
7849          1.00         0.00         0.00         0.00         0.00         0.00       144.20         0.00         0.00         0.00         0.00        24.71         52.56       921.92       148.73     1,070.65       169.91       900.74
5232          1.00         0.00         0.00         0.00         0.00         0.00         0.00         0.00         0.00        54.81         0.00        38.75          0.00     1,560.74       345.90     1,906.64        94.56     1,812.08
8019          1.00         0.00         0.00         0.00         0.00         0.00         0.00         0.00         0.00         0.00         0.00        23.86         28.36     1,032.16       148.58     1,180.74        24.86     1,155.88
4958          1.00         0.00         0.00         0.00         0.00         0.00         0.00         0.00         0.00         0.00         0.00        27.54         35.53       914.15       162.59     1,076.74        28.54     1,048.20
3979          1.00         0.00         0.00         0.00         0.00         0.00         0.00         0.00         0.00       454.20         0.00       100.43          0.00     3,520.77       674.80     4,195.57       555.63     3,639.94
0442          1.00         0.00         0.00         0.00         0.00         0.00         0.00         0.00         0.00        45.18         0.00        39.92          0.00     1,472.21       297.62     1,769.83        86.10     1,683.73
8134          1.00         0.00         0.00         0.00         0.00         0.00         0.00         0.00         0.00         0.00         0.00        18.65         35.01       871.38       155.23     1,026.61        19.65     1,006.96
7330          0.00         0.00         0.00         0.00         0.00         0.00         0.00         0.00         0.00         0.00         0.00         0.00          0.00         0.00         0.00         0.00         0.00         0.00
8101          1.00         0.00         0.00         0.00         0.00         0.00         0.00         0.00         0.00         0.00         0.00        20.08         35.01       871.38       155.23     1,026.61        21.08     1,005.53
7846          1.00        56.00         0.00         0.00         0.00         0.00         0.00         0.00         0.00         0.00         0.00        28.90         36.15     1,014.04       179.19     1,193.23        85.90     1,107.33
8091          1.00         0.00         0.00         0.00         0.00         0.00         0.00         0.00         0.00         0.00         0.00        23.55         21.47     1,032.16       141.69     1,173.85        24.55     1,149.30
8131          1.00         0.00         0.00         0.00         0.00         0.00         0.00         0.00         0.00         0.00         0.00        18.65         20.86     1,042.16       192.58     1,234.74        19.65     1,215.09
8157          1.00         0.00         0.00         0.00         0.00         0.00         0.00         0.00         0.00         0.00         0.00        18.65         10.77     1,093.66       182.49     1,276.15        19.65     1,256.50
7298          1.00         0.00         0.00         0.00         0.00         0.00         0.00         0.00         0.00        46.00         0.00        36.02          0.00     1,479.76       219.16     1,698.92        83.02     1,615.90
7963          1.00         0.00         0.00         0.00         0.00         0.00         0.00         0.00         0.00         0.00         0.00        25.35         11.50     1,093.66       183.22     1,276.88        26.35     1,250.53
5396          1.00         0.00         0.00         0.00         0.00         0.00         0.00         0.00         0.00         0.00         0.00        26.89         19.60     1,061.40       172.41     1,233.81        27.89     1,205.92
7989          1.00         0.00         0.00         0.00         0.00         0.00         0.00         0.00         0.00         0.00         0.00        22.48         37.26       887.13       183.23     1,070.36        23.48     1,046.88
6203          1.00         0.00         0.00         0.00         0.00         0.00         0.00         0.00         0.00        46.32         0.00        29.51          0.00     1,482.68       199.41     1,682.09        76.83     1,605.26
7226          1.00         0.00         0.00         0.00         0.00         0.00         0.00         0.00         0.00         0.00         0.00        26.31         16.97     1,014.04       351.59     1,365.63        27.31     1,338.32
7885          1.00         0.00         0.00         0.00         0.00         0.00         0.00         0.00         0.00         0.00         0.00        25.35         19.18     1,067.91       165.15     1,233.06        26.35     1,206.71
3326          1.00         0.00         0.00         0.00         0.00       352.72         0.00         0.00         0.00        47.98         0.00        40.16          0.00     1,498.02       220.48     1,718.50       441.86     1,276.64
0449          1.00         0.00         0.00         0.00         0.00       447.60         0.00         0.00         0.00        14.78         0.00        34.90          0.00     1,279.79       168.79     1,448.58       498.28       950.30
6934          1.00         0.00         0.00         0.00         0.00         0.00         0.00         0.00         0.00       374.24         0.00        85.21          0.00     3,146.42       607.67     3,754.09       460.45     3,293.64
7137          1.00         0.00         0.00         0.00         0.00         0.00         0.00         0.00         0.00       157.90         0.00        39.50          0.00     1,971.70       403.00     2,374.70       198.40     2,176.30

















































EJECUTIVOS EN SERVICIOS DE ALIMENTOS, S.A. DE C.V.                                                                      Pagina: 0005
R.F.C.:                                                                                                                    2/NOV/19
REPORTE DE SUELDOS SEMANALES DEDUCCIONES


 
Codigo Desc Vales   Desc Zapatos Otras Deducc Desc Fonacot Pension Alim Desc Infonav Faltas       Inca Enferme Inca Riesgo  ISPT         Ajus ISPT    IMSS          Sub P/Empleo Tot Per Grav Tot Per Exce Total Percep Total Deducc Neto Pagado
..........................................................................................................................................................................................................................................
6682          1.00         0.00         0.00         0.00         0.00         0.00       144.20         0.00         0.00         0.00         0.00        18.22         50.20       785.30       146.37       931.67       163.42       768.25
1269          1.00         0.00         0.00         0.00         0.00         0.00         0.00         0.00         0.00         0.00         0.00        27.21         36.17       904.15       163.23     1,067.38        28.21     1,039.17
7890          1.00         0.00         0.00         0.00         0.00         0.00         0.00         0.00         0.00        16.22         0.00        26.78          0.00     1,273.91       248.97     1,522.88        44.00     1,478.88
8031          1.00         0.00         0.00         0.00         0.00         0.00       120.51         0.00         0.00         0.00         0.00        20.33         34.54       964.85       160.76     1,125.61       141.84       983.77
1419          1.00         0.00         0.00         0.00         0.00       399.23         0.00         0.00         0.00        70.15         0.00        37.79          0.00     1,625.77       286.36     1,912.13       508.17     1,403.96
8067          1.00         0.00         0.00         0.00         0.00         0.00         0.00         0.00         0.00         0.00         0.00        20.08         38.26       871.38       158.48     1,029.86        21.08     1,008.78
8162          0.00         0.00         0.00         0.00         0.00         0.00       288.40         0.00         0.00         0.00         0.00        14.72         45.51       849.59        45.51       895.10       303.12       591.98
3525          1.00         0.00         0.00         0.00         0.00         0.00         0.00         0.00         0.00         3.39         0.00        29.95          0.00     1,175.06       194.51     1,369.57        34.34     1,335.23
8036          1.00         0.00         0.00         0.00         0.00         0.00         0.00         0.00         0.00         0.00         0.00        22.32         38.26       871.38       158.48     1,029.86        23.32     1,006.54
6885          1.00         0.00         0.00         0.00         0.00         0.00         0.00         0.00         0.00         0.00         0.00        25.15         35.53       914.15       162.59     1,076.74        26.15     1,050.59
7907          1.00         0.00         0.00         0.00         0.00         0.00       191.13         0.00         0.00         0.00         0.00        37.36         51.35     1,621.22       349.21     1,970.43       229.49     1,740.94
8146          1.00         0.00         0.00         0.00         0.00         0.00         0.00         0.00         0.00         0.00         0.00        18.65          8.97     1,067.91       154.94     1,222.85        19.65     1,203.20
4775          1.00         0.00         0.00         0.00         0.00         0.00         0.00         0.00         0.00         0.00         0.00        29.20         15.30     1,128.65       245.36     1,374.01        30.20     1,343.81
8069          1.00         0.00         0.00         0.00         0.00         0.00         0.00         0.00         0.00       123.75         0.00        46.31          0.00     1,657.76       317.04     1,974.80       171.06     1,803.74
4832          1.00         0.00         0.00         0.00         0.00         0.00         0.00         0.00         0.00         0.00         0.00        33.04         35.53       914.15       162.59     1,076.74        34.04     1,042.70
3321          1.00         0.00         0.00         0.00         0.00         0.00         0.00         0.00         0.00       209.23         0.00        58.16          0.00     2,297.40       312.06     2,609.46       268.39     2,341.07
0624          1.00         0.00         0.00         0.00         0.00         0.00         0.00         0.00         0.00       160.28         0.00        49.49          0.00     1,991.47       360.06     2,351.53       210.77     2,140.76
4385          1.00         0.00         0.00         0.00         0.00         0.00         0.00         0.00         0.00        48.73         0.00        35.82          0.00     1,504.95       199.19     1,704.14        85.55     1,618.59
8135          1.00         0.00         0.00         0.00         0.00       273.33         0.00         0.00         0.00         0.00         0.00        18.65         21.47     1,032.16       141.69     1,173.85       292.98       880.87
8099          0.00         0.00         0.00         0.00         0.00         0.00         0.00         0.00         0.00         0.00         0.00         0.00          0.00         0.00         0.00         0.00         0.00         0.00
0366          1.00         0.00         0.00         0.00         0.00         0.00         0.00         0.00         0.00       343.09         0.00        88.96          0.00     3,000.58       462.49     3,463.07       433.05     3,030.02
6206          1.00         0.00         0.00         0.00         0.00         0.00         0.00         0.00         0.00       143.75         0.00        42.51          0.00     1,841.57       308.62     2,150.19       187.26     1,962.93
7618          1.00         0.00         0.00         0.00         0.00         0.00         0.00         0.00         0.00         0.00         0.00        27.69         25.20     1,080.71       197.32     1,278.03        28.69     1,249.34
 
*** GLO     177.00       168.00       850.00       362.10         0.00     5,235.42     3,970.03         0.00       440.25     7,281.63         0.00     5,554.85      3,860.01   232,797.78                273,478.30    24,039.28   249,439.02
  


































































