EJECUTIVOS EN SERVICIOS DE ALIMENTOS, S.A. DE C.V.                                                                      Pagina: 0001
R.F.C.:                                                                                                                    2/NOV/19
REPORTE DE SUELDOS SEMANALES DEDUCCIONES


 
Codigo Desc Vales   Desc Zapatos Otras Deducc Desc Fonacot Pension Alim Desc Infonav Faltas       Inca Enferme Inca Riesgo  ISPT         Ajus ISPT    IMSS          Sub P/Empleo Tot Per Grav Tot Per Exce Total Percep Total Deducc Neto Pagado
..........................................................................................................................................................................................................................................
7840          1.00         0.00         0.00         0.00         0.00         0.00         0.00         0.00         0.00       143.63         0.00        49.55          0.00     1,910.21       440.80     2,351.01       194.18     2,156.83
7505          1.00         0.00         0.00         0.00         0.00         0.00         0.00         0.00         0.00         0.00         0.00        24.12         21.09     1,014.04       164.13     1,178.17        25.12     1,153.05
6600          1.00         0.00         0.00         0.00         0.00         0.00         0.00         0.00         0.00         0.00         0.00        20.07         38.08       874.26       171.17     1,045.43        21.07     1,024.36
7685          1.00         0.00         0.00         0.00         0.00         0.00         0.00         0.00         0.00         0.00         0.00        27.04         34.14       884.26       167.23     1,051.49        28.04     1,023.45
7331          1.00         0.00         0.00         0.00         0.00         0.00         0.00         0.00         0.00         0.00         0.00        23.71         32.49       961.51       242.83     1,204.34        24.71     1,179.63
5933          1.00         0.00         0.00         0.00         0.00         0.00         0.00         0.00         0.00         0.00         0.00        27.01         57.51       871.38       177.73     1,049.11        28.01     1,021.10
7170          1.00         0.00         0.00         0.00         0.00         0.00         0.00         0.00         0.00         0.00         0.00        30.70         57.51       871.38       177.73     1,049.11        31.70     1,017.41
5201          1.00         0.00         0.00         0.00         0.00       312.81         0.00         0.00         0.00        40.31         0.00        36.20          0.00     1,427.46       209.19     1,636.65       390.32     1,246.33
3890          1.00         0.00         0.00         0.00         0.00         0.00         0.00         0.00         0.00       178.36         0.00        54.71          0.00     2,104.51       319.12     2,423.63       234.07     2,189.56
7834          1.00         0.00         0.00         0.00         0.00         0.00         0.00         0.00         0.00         0.00         0.00        23.59         22.64     1,014.04       165.68     1,179.72        24.59     1,155.13
7851          1.00         0.00         0.00         0.00         0.00         0.00         0.00         0.00         0.00         0.00         0.00        18.65         34.88       871.38       155.10     1,026.48        19.65     1,006.83
3652          1.00         0.00         0.00         0.00         0.00       380.99         0.00         0.00         0.00       160.63         0.00        51.13          0.00     1,993.66       425.21     2,418.87       593.75     1,825.12
1123          1.00         0.00         0.00         0.00         0.00         0.00         0.00         0.00         0.00        16.09         0.00        48.57          0.00     1,291.87       187.49     1,479.36        65.66     1,413.70
4044          1.00         0.00         0.00         0.00         0.00         0.00         0.00         0.00         0.00        17.59         0.00        33.04          0.00     1,305.66       252.41     1,558.07        51.63     1,506.44
7593          1.00         0.00         0.00         0.00         0.00         0.00         0.00         0.00         0.00         0.00         0.00        26.65         32.49       961.51       294.33     1,255.84        27.65     1,228.19
7865          1.00         0.00         0.00         0.00         0.00         0.00         0.00         0.00         0.00         0.00         0.00        10.66         25.48       462.51       111.51       574.02        11.66       562.36
7866          1.00         0.00         0.00         0.00         0.00         0.00         0.00         0.00         0.00         0.00         0.00         7.99         24.04       291.17        64.22       355.39         8.99       346.40
7259          1.00         0.00         0.00         0.00         0.00         0.00         0.00         0.00         0.00         0.00         0.00        21.27         38.91       861.38       159.13     1,020.51        22.27       998.24
7312          1.00         0.00         0.00         0.00         0.00         0.00         0.00         0.00         0.00         0.00         0.00        23.16         32.45       964.06       218.99     1,183.05        24.16     1,158.89
7338          1.00         0.00         0.00         0.00         0.00         0.00         0.00         0.00         0.00         0.00         0.00        24.12         29.14     1,014.04       172.18     1,186.22        25.12     1,161.10
5677          1.00         0.00         0.00         0.00         0.00         0.00         0.00         0.00         0.00         0.00         0.00        33.57          8.78     1,127.24       171.53     1,298.77        34.57     1,264.20
7737          1.00         0.00         0.00         0.00         0.00         0.00       120.51         0.00         0.00         0.00         0.00        17.73         44.98       796.38       145.45       941.83       139.24       802.59
4008          1.00         0.00         0.00         0.00         0.00         0.00         0.00         0.00         0.00       186.81         0.00        47.32          0.00     2,157.27       301.96     2,459.23       235.13     2,224.10
6210          1.00         0.00         0.00         0.00         0.00         0.00         0.00         0.00         0.00         0.00         0.00        27.88         14.58     1,010.01       173.42     1,183.43        28.88     1,154.55
6213          1.00         0.00         0.00         0.00         0.00         0.00         0.00         0.00         0.00         0.00         0.00        25.36         15.22     1,004.04       158.26     1,162.30        26.36     1,135.94
7812          1.00         0.00         0.00         0.00         0.00         0.00         0.00         0.00         0.00         0.00         0.00        21.62         34.14       935.76       218.73     1,154.49        22.62     1,131.87
0849          1.00         0.00         0.00         0.00         0.00         0.00         0.00         0.00         0.00         0.00         0.00        28.63         33.83     1,089.04       176.87     1,265.91        29.63     1,236.28
7536          1.00         0.00         0.00         0.00         0.00         0.00         0.00         0.00         0.00         0.00         0.00        20.18         32.28       964.38       255.50     1,219.88        21.18     1,198.70
7430          1.00         0.00         0.00         0.00         0.00         0.00         0.00         0.00         0.00       214.15         0.00        69.76          0.00     2,328.16       477.71     2,805.87       284.91     2,520.96
5181          1.00         0.00         0.00         0.00         0.00         0.00         0.00         0.00         0.00         0.00         0.00        20.64         38.27       871.38       158.49     1,029.87        21.64     1,008.23
7655          1.00         0.00         0.00         0.00         0.00         0.00       144.20         0.00         0.00         0.00         0.00        20.17         48.18       836.80       195.85     1,032.65       165.37       867.28
7858          1.00         0.00         0.00         0.00         0.00         0.00       120.51         0.00         0.00         0.00         0.00        16.69         48.29       796.38       200.26       996.64       138.20       858.44
7057          1.00         0.00         0.00         0.00         0.00         0.00         0.00         0.00         0.00         0.00         0.00        23.94         58.59       861.38       178.81     1,040.19        24.94     1,015.25
5558          1.00         0.00         0.00         0.00         0.00         0.00         0.00         0.00         0.00         0.00         0.00        30.74        163.80     1,004.04       306.84     1,310.88        31.74     1,279.14
4746          1.00         0.00         0.00         0.00         0.00       337.44         0.00         0.00         0.00        25.88         0.00        34.99          0.00     1,381.79       180.28     1,562.07       399.31     1,162.76
7663          1.00         0.00         0.00         0.00         0.00         0.00         0.00         0.00         0.00         0.00         0.00        27.30          1.21     1,202.98       198.67     1,401.65        28.30     1,373.35
7407          1.00         0.00         0.00         0.00         0.00         0.00         0.00         0.00         0.00         0.00         0.00        29.01         57.77       871.38       177.99     1,049.37        30.01     1,019.36
7828          1.00         0.00         0.00         0.00         0.00         0.00         0.00         0.00         0.00         0.00         0.00        22.14         50.19       989.81       210.98     1,200.79        23.14     1,177.65
7773          1.00         0.00         0.00         0.00         0.00         0.00         0.00         0.00         0.00         0.00         0.00        21.02         32.66       871.38       204.38     1,075.76        22.02     1,053.74
7839          1.00         0.00         0.00         0.00         0.00         0.00         0.00         0.00         0.00       251.90         0.00        53.71          0.00     2,564.13       319.12     2,883.25       306.61     2,576.64
1424          1.00         0.00         0.00         0.00         0.00       457.22         0.00         0.00         0.00       272.47         0.00        96.37          0.00     2,669.97       409.59     3,079.56       827.06     2,252.50
5280          1.00         0.00         0.00       362.10         0.00       435.11         0.00         0.00         0.00       152.32         0.00        48.39          0.00     1,920.48       289.67     2,210.15       998.92     1,211.23
7742          1.00         0.00         0.00         0.00         0.00         0.00         0.00         0.00         0.00         0.00         0.00        19.82         32.33       861.38       152.55     1,013.93        20.82       993.11

















































EJECUTIVOS EN SERVICIOS DE ALIMENTOS, S.A. DE C.V.                                                                      Pagina: 0002
R.F.C.:                                                                                                                    2/NOV/19
REPORTE DE SUELDOS SEMANALES DEDUCCIONES


 
Codigo Desc Vales   Desc Zapatos Otras Deducc Desc Fonacot Pension Alim Desc Infonav Faltas       Inca Enferme Inca Riesgo  ISPT         Ajus ISPT    IMSS          Sub P/Empleo Tot Per Grav Tot Per Exce Total Percep Total Deducc Neto Pagado
..........................................................................................................................................................................................................................................
7853          1.00         0.00         0.00         0.00         0.00         0.00         0.00         0.00         0.00         0.00         0.00        18.65         38.27       871.38       209.99     1,081.37        19.65     1,061.72
6461          1.00         0.00       200.00         0.00         0.00         0.00         0.00         0.00         0.00         4.62         0.00        30.67          0.00     1,250.51       317.42     1,567.93       236.29     1,331.64
6765          1.00         0.00       300.00         0.00         0.00         0.00         0.00         0.00         0.00        17.80         0.00        35.47          0.00     1,307.55       203.16     1,510.71       354.27     1,156.44
7694          1.00         0.00         0.00         0.00         0.00         0.00         0.00         0.00         0.00         0.00         0.00        22.10         38.30       871.38       210.02     1,081.40        23.10     1,058.30
6657          0.00         0.00         0.00         0.00         0.00         0.00         0.00         0.00         0.00         0.00         0.00         0.00          0.00         0.00         0.00         0.00         0.00         0.00
5000          1.00         0.00         0.00         0.00         0.00         0.00         0.00         0.00         0.00         0.00         0.00        29.00          8.53     1,129.61       170.06     1,299.67        30.00     1,269.67
5644          1.00         0.00         0.00         0.00         0.00       331.25         0.00         0.00         0.00        11.59         0.00        29.88          0.00     1,250.51       341.10     1,591.61       373.72     1,217.89
6638          1.00         0.00         0.00         0.00         0.00         0.00         0.00         0.00         0.00         0.00         0.00        21.08         34.96       871.38       155.18     1,026.56        22.08     1,004.48
7800          1.00         0.00         0.00         0.00         0.00         0.00         0.00         0.00         0.00         0.00         0.00        20.31         35.80       910.01       194.64     1,104.65        21.31     1,083.34
6690          1.00         0.00         0.00         0.00         0.00         0.00         0.00         0.00         0.00         0.00         0.00        21.32         38.91       861.38       159.13     1,020.51        22.32       998.19
7861          0.00         0.00         0.00         0.00         0.00         0.00       361.53         0.00         0.00         0.00         0.00        11.34         31.61       708.82        31.61       740.43       372.87       367.56
7168          1.00         0.00         0.00         0.00         0.00         0.00         0.00         0.00         0.00         0.00         0.00        28.78         31.63       871.38       203.35     1,074.73        29.78     1,044.95
7786          1.00         0.00         0.00         0.00         0.00         0.00         0.00         0.00         0.00         0.00         0.00        20.19         38.91       861.38       159.13     1,020.51        21.19       999.32
4314          1.00         0.00         0.00         0.00         0.00         0.00         0.00         0.00         0.00       173.20         0.00        60.16          0.00     2,072.20       362.99     2,435.19       234.36     2,200.83
7843          0.00         0.00         0.00         0.00         0.00         0.00         0.00         0.00         0.00         0.00         0.00         0.00          0.00         0.00         0.00         0.00         0.00         0.00
7848          1.00         0.00         0.00         0.00         0.00         0.00       144.20         0.00         0.00         0.00         0.00        16.69         50.22       785.30       146.39       931.69       161.89       769.80
7632          1.00         0.00         0.00         0.00         0.00         0.00         0.00         0.00         0.00         0.00         0.00        26.13         31.68       974.39       306.39     1,280.78        27.13     1,253.65
6504          1.00         0.00         0.00         0.00         0.00         0.00         0.00         0.00         0.00         0.00         0.00        22.83         36.20       903.57       188.60     1,092.17        23.83     1,068.34
7842          0.00         0.00       100.00         0.00         0.00         0.00       120.51       241.02         0.00         0.00         0.00        11.36         43.03       839.39        55.90       895.29       472.89       422.40
7801          1.00         0.00         0.00         0.00         0.00         0.00         0.00         0.00         0.00         0.00         0.00        21.88         38.27       871.38       158.49     1,029.87        22.88     1,006.99
7604          1.00         0.00         0.00         0.00         0.00         0.00         0.00         0.00         0.00         0.00         0.00        21.40         44.43       871.38       164.65     1,036.03        22.40     1,013.63
7061          1.00         0.00         0.00         0.00         0.00         0.00         0.00         0.00         0.00         0.00         0.00        30.29         30.35     1,125.86       150.57     1,276.43        31.29     1,245.14
7805          0.00         0.00         0.00         0.00         0.00         0.00         0.00         0.00         0.00         0.00         0.00         0.00          0.00         0.00         0.00         0.00         0.00         0.00
7847          1.00         0.00         0.00         0.00         0.00         0.00         0.00         0.00         0.00         0.00         0.00        18.65         34.84       861.38       155.06     1,016.44        19.65       996.79
7633          1.00         0.00         0.00         0.00         0.00         0.00         0.00         0.00         0.00         0.00         0.00        22.99         34.78       925.76       270.87     1,196.63        23.99     1,172.64
7428          1.00         0.00         0.00         0.00         0.00         0.00         0.00         0.00         0.00         0.00         0.00        25.15         38.26       871.38       158.48     1,029.86        26.15     1,003.71
2897          1.00         0.00         0.00         0.00         0.00         0.00         0.00         0.00         0.00         0.00         0.00        19.86         38.91       861.38       159.13     1,020.51        20.86       999.65
7558          1.00         0.00         0.00         0.00         0.00         0.00         0.00         0.00         0.00         0.00         0.00        23.03         30.86       987.25       247.64     1,234.89        24.03     1,210.86
6360          1.00         0.00         0.00         0.00         0.00         0.00         0.00         0.00         0.00         0.00         0.00        21.39         31.18       987.26       320.94     1,308.20        22.39     1,285.81
7614          1.00         0.00         0.00         0.00         0.00         0.00         0.00         0.00         0.00       339.04         0.00        30.06          0.00     2,026.87       415.46     2,442.33       370.10     2,072.23
3318          1.00         0.00         0.00         0.00         0.00       500.52         0.00         0.00         0.00       546.86         0.00        60.38          0.00     4,131.56       733.18     4,864.74     1,108.76     3,755.98
7706          1.00         0.00         0.00         0.00         0.00         0.00       120.51         0.00         0.00         0.00         0.00        20.64         48.29       796.38       148.76       945.14       142.15       802.99
7804          1.00         0.00         0.00         0.00         0.00         0.00         0.00         0.00         0.00        55.18         0.00        39.55          0.00     1,564.18       232.66     1,796.84        95.73     1,701.11
5139          1.00         0.00         0.00         0.00         0.00       759.20         0.00         0.00         0.00       279.01         0.00        84.29          0.00     2,688.09       343.88     3,031.97     1,123.50     1,908.47
6083          1.00         0.00         0.00         0.00         0.00         0.00         0.00         0.00         0.00         0.00         0.00        29.84         48.02       934.17       229.78     1,163.95        30.84     1,133.11
6766          1.00         0.00         0.00         0.00         0.00         0.00         0.00         0.00         0.00         0.00         0.00        26.31          9.62     1,119.61       171.15     1,290.76        27.31     1,263.45
4137          1.00         0.00         0.00         0.00         0.00         0.00         0.00         0.00         0.00       401.80         0.00       137.60          0.00     3,275.40       622.75     3,898.15       540.40     3,357.75
7542          1.00         0.00         0.00         0.00         0.00         0.00         0.00         0.00         0.00         0.00         0.00        26.38         29.40       871.38       149.62     1,021.00        27.38       993.62
7756          1.00         0.00         0.00         0.00         0.00         0.00         0.00         0.00         0.00         0.00         0.00        22.59         38.89       861.38       159.11     1,020.49        23.59       996.90
3780          1.00         0.00         0.00         0.00         0.00         0.00         0.00         0.00         0.00        59.47         0.00        37.18          0.00     1,603.69       295.42     1,899.11        97.65     1,801.46
6205          1.00         0.00         0.00         0.00         0.00         0.00         0.00         0.00         0.00         0.00         0.00        24.81         25.83       964.06       212.37     1,176.43        25.81     1,150.62
5027          1.00         0.00         0.00         0.00         0.00         0.00         0.00         0.00         0.00        18.83         0.00        34.61          0.00     1,230.04       143.04     1,373.08        54.44     1,318.64
7791          1.00         0.00         0.00         0.00         0.00         0.00         0.00         0.00         0.00         0.00         0.00        21.37         26.81       961.51       237.15     1,198.66        22.37     1,176.29

















































EJECUTIVOS EN SERVICIOS DE ALIMENTOS, S.A. DE C.V.                                                                      Pagina: 0003
R.F.C.:                                                                                                                    2/NOV/19
REPORTE DE SUELDOS SEMANALES DEDUCCIONES


 
Codigo Desc Vales   Desc Zapatos Otras Deducc Desc Fonacot Pension Alim Desc Infonav Faltas       Inca Enferme Inca Riesgo  ISPT         Ajus ISPT    IMSS          Sub P/Empleo Tot Per Grav Tot Per Exce Total Percep Total Deducc Neto Pagado
..........................................................................................................................................................................................................................................
7818          1.00         0.00         0.00         0.00         0.00         0.00       144.20         0.00         0.00         0.00         0.00        21.88         42.30       899.43       156.73     1,056.16       167.08       889.08
7815          1.00         0.00         0.00         0.00         0.00         0.00         0.00         0.00         0.00         0.00         0.00        19.81         38.91       861.38       159.13     1,020.51        20.81       999.70
6839          1.00         0.00         0.00         0.00         0.00         0.00         0.00         0.00         0.00         0.00         0.00        25.71         34.14       935.76       218.73     1,154.49        26.71     1,127.78
5646          1.00         0.00         0.00         0.00         0.00         0.00         0.00         0.00         0.00         0.00         0.00        26.98         57.51       871.38       177.73     1,049.11        27.98     1,021.13
7708          1.00         0.00         0.00         0.00         0.00         0.00         0.00         0.00         0.00         0.00         0.00        21.39         38.27       871.38       158.49     1,029.87        22.39     1,007.48
7852          1.00         0.00         0.00         0.00         0.00         0.00         0.00         0.00         0.00         0.00         0.00        18.65         36.84       893.57       189.24     1,082.81        19.65     1,063.16
7833          0.00         0.00         0.00         0.00         0.00         0.00         0.00         0.00         0.00         0.00         0.00         0.00          0.00         0.00         0.00         0.00         0.00         0.00
5679          1.00         0.00         0.00         0.00         0.00         0.00         0.00         0.00         0.00         8.34         0.00        35.62          0.00     1,220.68       176.10     1,396.78        44.96     1,351.82
7530          1.00         0.00         0.00         0.00         0.00         0.00         0.00         0.00         0.00         0.00         0.00        25.35         33.73       942.19       224.76     1,166.95        26.35     1,140.60
6028          1.00         0.00         0.00         0.00         0.00       399.30         0.00         0.00         0.00        42.20         0.00        34.39          0.00     1,444.81       296.26     1,741.07       476.89     1,264.18
6565          1.00         0.00         0.00         0.00         0.00         0.00         0.00         0.00         0.00         0.00         0.00        27.42         38.26       871.38       158.48     1,029.86        28.42     1,001.44
7731          1.00         0.00         0.00         0.00         0.00         0.00         0.00         0.00         0.00         0.00         0.00        23.62         38.90       861.38       159.12     1,020.50        24.62       995.88
7753          1.00         0.00         0.00         0.00         0.00         0.00         0.00         0.00         0.00         0.00         0.00        30.07         10.69     1,094.17       243.85     1,338.02        31.07     1,306.95
3676          1.00         0.00         0.00         0.00         0.00         0.00         0.00         0.00         0.00       115.56         0.00        35.79          0.00     1,814.94       438.34     2,253.28       152.35     2,100.93
3221          1.00         0.00         0.00         0.00         0.00         0.00         0.00         0.00         0.00        19.74         0.00        33.33          0.00     1,325.39       274.46     1,599.85        54.07     1,545.78
7741          1.00         0.00         0.00         0.00         0.00         0.00         0.00         0.00         0.00         0.00         0.00        19.83         38.91       861.38       159.13     1,020.51        20.83       999.68
7779          1.00         0.00         0.00         0.00         0.00         0.00         0.00         0.00         0.00         0.00         0.00        27.37         12.76     1,090.76       168.08     1,258.84        28.37     1,230.47
7269          1.00         0.00         0.00         0.00         0.00         0.00         0.00         0.00         0.00         0.00         0.00        25.38         38.27       871.38       158.49     1,029.87        26.38     1,003.49
7844          1.00         0.00         0.00         0.00         0.00         0.00         0.00         0.00         0.00         0.00         0.00        18.65         38.26       871.38       158.48     1,029.86        19.65     1,010.21
7845          1.00         0.00         0.00         0.00         0.00         0.00         0.00         0.00         0.00         5.03         0.00        22.22          0.00     1,310.54       194.54     1,505.08        28.25     1,476.83
2522          1.00         0.00         0.00         0.00         0.00         0.00         0.00         0.00         0.00         0.00         0.00        27.19         31.27       980.82       312.42     1,293.24        28.19     1,265.05
7856          1.00         0.00         0.00         0.00         0.00         0.00         0.00         0.00         0.00         0.00         0.00        18.65         53.00       727.93       153.47       881.40        19.65       861.75
0236          1.00         0.00         0.00         0.00         0.00       523.01         0.00         0.00         0.00       162.81         0.00        68.68          0.00     2,007.27       301.96     2,309.23       755.50     1,553.73
7080          1.00         0.00         0.00         0.00         0.00         0.00         0.00         0.00         0.00       126.37         0.00        39.91          0.00     1,681.95       393.51     2,075.46       167.28     1,908.18
5965          1.00         0.00         0.00         0.00         0.00         0.00         0.00         0.00         0.00         0.00         0.00        31.39          6.85     1,144.91       183.68     1,328.59        32.39     1,296.20
5447          1.00         0.00         0.00         0.00         0.00         0.00         0.00         0.00         0.00         0.00         0.00        26.90         15.22     1,004.04       158.26     1,162.30        27.90     1,134.40
6685          1.00         0.00         0.00         0.00         0.00         0.00         0.00         0.00         0.00         0.00         0.00        22.26         56.12       897.13       202.09     1,099.22        23.26     1,075.96
5549          1.00         0.00         0.00         0.00         0.00         0.00         0.00         0.00         0.00         0.00         0.00        24.52         38.27       871.38       209.99     1,081.37        25.52     1,055.85
7860          1.00         0.00         0.00         0.00         0.00         0.00       120.51         0.00         0.00         0.00         0.00        15.75         38.90       724.82       180.69       905.51       137.26       768.25
0854          1.00         0.00         0.00         0.00         0.00       326.19         0.00         0.00         0.00        75.81         0.00        38.44          0.00     1,677.78       382.73     2,060.51       441.44     1,619.07
7295          1.00         0.00         0.00         0.00         0.00         0.00         0.00         0.00         0.00         0.00         0.00        26.94         38.26       871.38       158.48     1,029.86        27.94     1,001.92
6832          1.00         0.00         0.00         0.00         0.00         0.00         0.00         0.00         0.00         0.00         0.00        26.02         52.61       916.44       244.72     1,161.16        27.02     1,134.14
4807          1.00         0.00         0.00         0.00         0.00         0.00         0.00         0.00         0.00       510.36         0.00       161.30          0.00     3,783.66       564.20     4,347.86       672.66     3,675.20
6821          1.00         0.00         0.00         0.00         0.00         0.00         0.00         0.00         0.00         0.00         0.00        38.56          2.78     1,196.12       302.03     1,498.15        39.56     1,458.59
7850          1.00         0.00         0.00         0.00         0.00         0.00         0.00         0.00         0.00         0.00         0.00        18.65         34.88       871.38       155.10     1,026.48        19.65     1,006.83
7862          1.00         0.00         0.00         0.00         0.00         0.00         0.00         0.00         0.00         0.00         0.00        17.96         29.05       805.39       141.91       947.30        18.96       928.34
3169          1.00         0.00         0.00         0.00         0.00         0.00         0.00         0.00         0.00         0.00         0.00        25.48         38.27       871.38       158.49     1,029.87        26.48     1,003.39
4514          1.00         0.00         0.00         0.00         0.00       550.29         0.00         0.00         0.00        16.09         0.00        53.47          0.00     1,291.87       438.60     1,730.47       620.85     1,109.62
7814          1.00         0.00         0.00         0.00         0.00         0.00         0.00         0.00         0.00         0.00         0.00        23.34         30.53     1,004.04       173.57     1,177.61        24.34     1,153.27
7104          1.00         0.00         0.00         0.00         0.00         0.00         0.00         0.00         0.00         0.00         0.00        27.29         21.90     1,004.04       164.94     1,168.98        28.29     1,140.69
7754          1.00         0.00         0.00         0.00         0.00         0.00         0.00         0.00         0.00         0.00         0.00        15.99         41.87       727.93       142.34       870.27        16.99       853.28
7717          1.00         0.00         0.00         0.00         0.00         0.00         0.00         0.00         0.00        17.60         0.00        33.88          0.00     1,305.66       189.70     1,495.36        52.48     1,442.88
6014          1.00         0.00         0.00         0.00         0.00         0.00         0.00         0.00         0.00         0.00         0.00        27.02          0.20     1,206.12       238.24     1,444.36        28.02     1,416.34

















































EJECUTIVOS EN SERVICIOS DE ALIMENTOS, S.A. DE C.V.                                                                      Pagina: 0004
R.F.C.:                                                                                                                    2/NOV/19
REPORTE DE SUELDOS SEMANALES DEDUCCIONES


 
Codigo Desc Vales   Desc Zapatos Otras Deducc Desc Fonacot Pension Alim Desc Infonav Faltas       Inca Enferme Inca Riesgo  ISPT         Ajus ISPT    IMSS          Sub P/Empleo Tot Per Grav Tot Per Exce Total Percep Total Deducc Neto Pagado
..........................................................................................................................................................................................................................................
7775          1.00         0.00         0.00         0.00         0.00         0.00         0.00         0.00         0.00         0.00         0.00        20.97         38.90       861.38       159.12     1,020.50        21.97       998.53
7551          1.00         0.00         0.00         0.00         0.00         0.00         0.00         0.00         0.00       127.73         0.00        30.29          0.00     2,125.97       281.23     2,407.20       159.02     2,248.18
7715          1.00         0.00         0.00         0.00         0.00         0.00         0.00         0.00         0.00         0.00         0.00        24.65         38.27       871.38       209.99     1,081.37        25.65     1,055.72
3827          1.00         0.00         0.00         0.00         0.00         0.00         0.00         0.00         0.00         0.00         0.00        27.68         20.33     1,050.05       317.96     1,368.01        28.68     1,339.33
5412          1.00         0.00         0.00         0.00         0.00         0.00         0.00         0.00         0.00         0.00         0.00        20.32         38.90       861.38       159.12     1,020.50        21.32       999.18
4504          1.00         0.00         0.00         0.00         0.00         0.00         0.00         0.00         0.00       193.63         0.00        57.11          0.00     2,199.89       318.38     2,518.27       251.74     2,266.53
7395          1.00         0.00         0.00         0.00         0.00         0.00         0.00         0.00         0.00         0.00         0.00        26.40         34.82     1,079.94       285.73     1,365.67        27.40     1,338.27
0214          1.00         0.00         0.00         0.00         0.00         0.00         0.00         0.00         0.00       510.35         0.00       161.69          0.00     3,783.66       564.20     4,347.86       673.04     3,674.82
7849          1.00         0.00         0.00         0.00         0.00         0.00         0.00         0.00         0.00         0.00         0.00        18.65         35.61       912.88       207.33     1,120.21        19.65     1,100.56
6321          1.00         0.00         0.00         0.00         0.00         0.00         0.00         0.00         0.00         0.00         0.00        27.12         32.19       966.36       194.63     1,160.99        28.12     1,132.87
5232          1.00         0.00         0.00         0.00         0.00         0.00         0.00         0.00         0.00         0.00         0.00        33.46         22.92     1,194.17       256.08     1,450.25        34.46     1,415.79
4958          1.00         0.00         0.00         0.00         0.00         0.00         0.00         0.00         0.00         0.00         0.00        26.83         38.26       871.38       158.48     1,029.86        27.83     1,002.03
3979          1.00         0.00         0.00         0.00         0.00         0.00         0.00         0.00         0.00       420.97         0.00       152.85          0.00     3,365.20       519.23     3,884.43       574.82     3,309.61
7854          1.00         0.00         0.00         0.00         0.00         0.00         0.00         0.00         0.00         0.00         0.00        18.65         38.27       871.38       158.49     1,029.87        19.65     1,010.22
0442          1.00         0.00         0.00         0.00         0.00         0.00         0.00         0.00         0.00        76.56         0.00        38.94          0.00     1,499.85       380.56     1,880.41       116.50     1,763.91
7699          1.00         0.00         0.00         0.00         0.00         0.00         0.00         0.00         0.00         0.00         0.00        21.33         45.04       871.38       216.76     1,088.14        22.33     1,065.81
7857          1.00         0.00         0.00         0.00         0.00         0.00         0.00         0.00         0.00       117.79         0.00        36.32          0.00     1,528.71       308.86     1,837.57       155.11     1,682.46
7330          0.00         0.00         0.00         0.00         0.00         0.00         0.00         0.00         0.00         0.00         0.00         0.00          0.00         0.00         0.00         0.00         0.00         0.00
7719          1.00         0.00         0.00         0.00         0.00         0.00         0.00         0.00         0.00         0.00         0.00        24.25         57.51       871.38       177.73     1,049.11        25.25     1,023.86
7841          1.00         0.00         0.00         0.00         0.00         0.00         0.00         0.00         0.00         0.00         0.00        18.65         38.27       871.38       158.49     1,029.87        19.65     1,010.22
7846          1.00         0.00         0.00         0.00         0.00         0.00         0.00         0.00         0.00         0.00         0.00        22.22         29.14     1,014.04       172.18     1,186.22        23.22     1,163.00
7421          1.00         0.00         0.00         0.00         0.00         0.00         0.00         0.00         0.00         0.00         0.00        25.43         21.38       987.26       257.47     1,244.73        26.43     1,218.30
7776          1.00         0.00         0.00         0.00         0.00         0.00         0.00         0.00         0.00         0.00         0.00        19.83         38.91       861.38       159.13     1,020.51        20.83       999.68
7823          1.00         0.00         0.00         0.00         0.00         0.00         0.00         0.00         0.00         0.00         0.00        21.38         38.27       871.38       158.49     1,029.87        22.38     1,007.49
7298          1.00         0.00         0.00         0.00         0.00         0.00         0.00         0.00         0.00         0.00         0.00        48.33         84.91     1,582.19       406.49     1,988.68        49.33     1,939.35
7758          1.00         0.00         0.00         0.00         0.00         0.00         0.00         0.00         0.00         0.00         0.00        24.01         38.27       871.38       158.49     1,029.87        25.01     1,004.86
5396          1.00         0.00       400.00         0.00         0.00         0.00         0.00         0.00         0.00         0.00         0.00        27.39         44.20       993.70       338.22     1,331.92       428.39       903.53
5704          1.00         0.00         0.00         0.00         0.00         0.00         0.00         0.00         0.00        22.76         0.00        37.09          0.00     1,353.12       197.29     1,550.41        60.85     1,489.56
7503          1.00         0.00         0.00         0.00         0.00         0.00         0.00         0.00         0.00         0.00         0.00        25.08         32.33       964.06       218.87     1,182.93        26.08     1,156.85
7588          1.00         0.00         0.00         0.00         0.00         0.00         0.00         0.00         0.00         0.00         0.00        27.94         57.51       871.38       177.73     1,049.11        28.94     1,020.17
7821          1.00         0.00         0.00         0.00         0.00         0.00         0.00         0.00         0.00         0.00         0.00        23.47         22.64     1,014.04       165.68     1,179.72        24.47     1,155.25
5588          1.00         0.00         0.00         0.00         0.00         0.00         0.00         0.00         0.00         0.00         0.00        21.45         38.27       871.38       158.49     1,029.87        22.45     1,007.42
6203          1.00         0.00         0.00         0.00         0.00         0.00         0.00         0.00         0.00         0.00         0.00        25.64         19.93     1,015.56       206.47     1,222.03        26.64     1,195.39
6582          1.00         0.00         0.00         0.00         0.00         0.00         0.00         0.00         0.00         0.00         0.00        20.93         38.90       861.38       159.12     1,020.50        21.93       998.57
7392          1.00         0.00         0.00         0.00         0.00         0.00         0.00         0.00         0.00         0.00         0.00        24.25         38.27       871.38       158.49     1,029.87        25.25     1,004.62
7226          1.00         0.00         0.00         0.00         0.00         0.00         0.00         0.00         0.00         0.00         0.00        31.27         14.13     1,014.04       157.17     1,171.21        32.27     1,138.94
7664          1.00         0.00         0.00         0.00         0.00         0.00         0.00         0.00         0.00         0.00         0.00        26.75         38.27       871.38       209.99     1,081.37        27.75     1,053.62
3326          1.00         0.00         0.00         0.00         0.00       352.72         0.00         0.00         0.00        40.31         0.00        43.82          0.00     1,427.46       209.19     1,636.65       437.85     1,198.80
0449          1.00         0.00       300.00         0.00         0.00       386.21         0.00         0.00         0.00        80.30         0.00        34.80          0.00     1,258.39       185.64     1,444.03       802.31       641.72
7863          1.00         0.00         0.00         0.00         0.00       435.43         0.00         0.00         0.00         0.00         0.00        19.98          3.20       833.33       186.44     1,019.77       456.41       563.36
6934          1.00         0.00         0.00         0.00         0.00         0.00         0.00         0.00         0.00       342.85         0.00        84.50          0.00     2,999.45       460.71     3,460.16       428.35     3,031.81
7137          1.00         0.00         0.00         0.00         0.00         0.00         0.00         0.00         0.00        49.60         0.00        35.89          0.00     1,512.90       195.11     1,708.01        86.49     1,621.52
6682          1.00         0.00         0.00         0.00         0.00         0.00       144.20         0.00         0.00         0.00         0.00        17.70         50.20       785.30       146.37       931.67       162.90       768.77

















































EJECUTIVOS EN SERVICIOS DE ALIMENTOS, S.A. DE C.V.                                                                      Pagina: 0005
R.F.C.:                                                                                                                    2/NOV/19
REPORTE DE SUELDOS SEMANALES DEDUCCIONES


 
Codigo Desc Vales   Desc Zapatos Otras Deducc Desc Fonacot Pension Alim Desc Infonav Faltas       Inca Enferme Inca Riesgo  ISPT         Ajus ISPT    IMSS          Sub P/Empleo Tot Per Grav Tot Per Exce Total Percep Total Deducc Neto Pagado
..........................................................................................................................................................................................................................................
1269          1.00         0.00         0.00         0.00         0.00         0.00         0.00         0.00         0.00         0.00         0.00        19.98         38.90       861.38       159.12     1,020.50        20.98       999.52
7864          0.00         0.00         0.00         0.00         0.00         0.00       361.53         0.00         0.00         0.00         0.00         8.35         24.03       535.17        24.03       559.20       369.88       189.32
6006          1.00         0.00         0.00         0.00         0.00         0.00         0.00         0.00         0.00         0.00         0.00        19.80         38.91       861.38       159.13     1,020.51        20.80       999.71
1419          1.00         0.00         0.00         0.00         0.00       268.68         0.00         0.00         0.00        47.94         0.00        51.65          0.00     1,497.60       220.41     1,718.01       369.27     1,348.74
3525          1.00         0.00         0.00         0.00         0.00         0.00         0.00         0.00         0.00         0.00         0.00        32.09         25.13       976.94       180.45     1,157.39        33.09     1,124.30
7859          1.00         0.00         0.00         0.00         0.00       201.35         0.00         0.00         0.00         0.00         0.00        20.95         32.33       964.06       167.37     1,131.43       223.30       908.13
7855          1.00         0.00         0.00         0.00         0.00         0.00         0.00         0.00         0.00         0.00         0.00        18.65         38.27       871.38       209.99     1,081.37        19.65     1,061.72
6885          1.00         0.00         0.00         0.00         0.00         0.00         0.00         0.00         0.00         2.55         0.00        25.70          0.00     1,103.13       158.84     1,261.97        29.25     1,232.72
4775          1.00         0.00         0.00         0.00         0.00         0.00         0.00         0.00         0.00         0.00         0.00        25.85         54.28       925.76       238.87     1,164.63        26.85     1,137.78
7528          1.00         0.00         0.00         0.00         0.00         0.00         0.00         0.00         0.00         0.00         0.00        25.90         20.07     1,054.19       296.73     1,350.92        26.90     1,324.02
4832          1.00         0.00         0.00         0.00         0.00         0.00         0.00         0.00         0.00         0.00         0.00        27.97         38.27       871.38       158.49     1,029.87        28.97     1,000.90
7836          1.00         0.00         0.00         0.00         0.00         0.00         0.00         0.00         0.00         5.40         0.00        20.04          0.00     1,257.63       197.47     1,455.10        26.44     1,428.66
7824          1.00         0.00         0.00         0.00         0.00         0.00         0.00         0.00         0.00         0.00         0.00        21.34         38.26       871.38       158.48     1,029.86        22.34     1,007.52
3321          1.00         0.00         0.00         0.00         0.00         0.00         0.00         0.00         0.00       196.81         0.00        73.39          0.00     2,258.92       273.59     2,532.51       271.20     2,261.31
2112          1.00         0.00         0.00         0.00         0.00         0.00         0.00         0.00         0.00         0.00         0.00        23.40         38.26       871.38       158.48     1,029.86        24.40     1,005.46
0624          1.00         0.00         0.00         0.00         0.00         0.00         0.00         0.00         0.00       146.73         0.00        60.78          0.00     1,931.18       354.46     2,285.64       208.51     2,077.13
6877          1.00         0.00       200.00       194.15         0.00         0.00         0.00         0.00         0.00         0.00         0.00        27.81         35.26     1,080.76       190.58     1,271.34       422.96       848.38
4385          1.00         0.00         0.00         0.00         0.00         0.00         0.00         0.00         0.00        18.97         0.00        31.46          0.00     1,318.33       169.33     1,487.66        51.43     1,436.23
7378          1.00         0.00         0.00         0.00         0.00         0.00       120.51         0.00         0.00         0.00         0.00        19.03         48.49       796.38       200.46       996.84       140.54       856.30
0366          1.00         0.00         0.00         0.00         0.00         0.00         0.00         0.00         0.00       343.09         0.00       105.70          0.00     3,000.58       462.49     3,463.07       449.79     3,013.28
7755          1.00         0.00         0.00         0.00         0.00         0.00         0.00         0.00         0.00         0.00         0.00        23.43         88.34       436.76       148.62       585.38        24.43       560.95
6206          0.00         0.00         0.00         0.00         0.00         0.00         0.00         0.00         0.00         0.00         0.00        31.28          1.56     1,129.61         1.56     1,131.17        31.28     1,099.89
4366          1.00         0.00         0.00         0.00         0.00         0.00         0.00         0.00         0.00         0.00         0.00        23.61         48.63     1,014.04       191.67     1,205.71        24.61     1,181.10
7618          1.00         0.00         0.00         0.00         0.00         0.00       120.51         0.00         0.00         0.00         0.00        20.20         41.52       918.70       315.79     1,234.49       141.71     1,092.78
 
*** GLO     187.00         0.00     1,500.00       556.25         0.00     6,957.72     2,143.43       241.02         0.00     7,411.79         0.00     6,101.85      5,009.00   227,055.68                269,983.26    25,099.06   244,884.20
  

































































