EJECUTIVOS EN SERVICIOS DE ALIMENTOS, S.A. DE C.V.                                                                      Pagina: 0001
R.F.C.:                                                                                                                    2/NOV/19
REPORTE DE SUELDOS SEMANALES DEDUCCIONES


 
Codigo Desc Vales   Desc Zapatos Otras Deducc Desc Fonacot Pension Alim Desc Infonav Faltas       Inca Enferme Inca Riesgo  ISPT         Ajus ISPT    IMSS          Sub P/Empleo Tot Per Grav Tot Per Exce Total Percep Total Deducc Neto Pagado
..........................................................................................................................................................................................................................................
7879          1.00         0.00         0.00         0.00         0.00         0.00         0.00         0.00         0.00         0.00         0.00        33.41         36.41       897.13       182.38     1,079.51        34.41     1,045.10
6600          1.00         0.00         0.00         0.00         0.00       246.12         0.00         0.00         0.00         0.00         0.00        21.28         36.17       904.15       333.40     1,237.55       268.40       969.15
7685          1.00         0.00         0.00         0.00         0.00         0.00         0.00         0.00         0.00         0.00         0.00        24.16         15.70     1,145.90       387.38     1,533.28        25.16     1,508.12
7331          1.00         0.00         0.00         0.00         0.00         0.00         0.00         0.00         0.00         0.00         0.00        27.18         17.74     1,093.66       189.46     1,283.12        28.18     1,254.94
5933          1.00         0.00         0.00         0.00         0.00         0.00         0.00         0.00         0.00         0.00         0.00        30.52         35.53       914.15       162.59     1,076.74        31.52     1,045.22
7170          1.00         0.00         0.00         0.00         0.00         0.00         0.00         0.00         0.00        13.63         0.00        33.56          0.00     1,377.65       204.31     1,581.96        48.19     1,533.77
5201          1.00         0.00         0.00         0.00         0.00       335.50         0.00         0.00         0.00        59.92         0.00        36.05          0.00     1,607.77       330.23     1,938.00       432.47     1,505.53
3890          1.00         0.00         0.00         0.00         0.00         0.00         0.00         0.00         0.00       178.37         0.00        54.49          0.00     2,104.51       319.12     2,423.63       233.86     2,189.77
7834          1.00         0.00         0.00         0.00         0.00         0.00         0.00         0.00         0.00         0.00         0.00        29.63         29.13     1,014.04       172.17     1,186.21        30.63     1,155.58
8050          0.00         0.00         0.00         0.00         0.00         0.00         0.00         0.00         0.00         0.00         0.00         0.00          0.00         0.00         0.00         0.00         0.00         0.00
8051          0.00         0.00         0.00         0.00         0.00         0.00         0.00         0.00         0.00         0.00         0.00        18.65         16.31     1,152.38        16.31     1,168.69        18.65     1,150.04
1123          1.00         0.00         0.00         0.00         0.00         0.00         0.00         0.00         0.00         0.00         0.00        33.71         33.86     1,590.81       325.63     1,916.44        34.71     1,881.73
8049          1.00         0.00         0.00         0.00         0.00         0.00         0.00         0.00         0.00         0.00         0.00        18.65         34.97       922.88       206.69     1,129.57        19.65     1,109.92
7959          1.00         0.00         0.00         0.00         0.00         0.00         0.00         0.00         0.00         0.00         0.00        23.38         28.31     1,032.16       148.53     1,180.69        24.38     1,156.31
8016          0.00         0.00         0.00         0.00         0.00         0.00         0.00         0.00         0.00         0.00         0.00        19.79         19.21     1,020.23        57.83     1,078.06        19.79     1,058.27
7977          1.00         0.00         0.00         0.00         0.00         0.00         0.00         0.00         0.00         0.00         0.00        24.28         21.48     1,032.16       141.70     1,173.86        25.28     1,148.58
8040          0.00         0.00         0.00         0.00         0.00         0.00         0.00         0.00         0.00         0.00         0.00        18.65         96.85       204.31        96.85       301.16        18.65       282.51
8027          1.00         0.00         0.00         0.00         0.00         0.00       120.51         0.00         0.00         0.00         0.00        22.69         36.03       939.10       136.50     1,075.60       144.20       931.40
7986          1.00         0.00         0.00         0.00         0.00         0.00       120.51         0.00         0.00         0.00         0.00        22.55         48.35       967.16       200.32     1,167.48       144.06     1,023.42
7259          1.00         0.00         0.00         0.00         0.00         0.00         0.00         0.00         0.00         0.00         0.00        29.64         36.17       904.15       163.23     1,067.38        30.64     1,036.74
7312          1.00         0.00         0.00         0.00         0.00         0.00         0.00         0.00         0.00         0.00         0.00        25.99         32.50       964.06       167.54     1,131.60        26.99     1,104.61
7338          1.00         0.00         0.00         0.00         0.00         0.00         0.00         0.00         0.00         0.00         0.00        32.20         29.13     1,014.04       172.17     1,186.21        33.20     1,153.01
5677          1.00         0.00         0.00         0.00         0.00         0.00         0.00         0.00         0.00        23.03         0.00        34.52          0.00     1,355.64       374.22     1,729.86        58.55     1,671.31
8023          1.00         0.00         0.00         0.00         0.00         0.00         0.00         0.00         0.00         0.00         0.00        25.48         28.52     1,042.16       200.24     1,242.40        26.48     1,215.92
8042          1.00         0.00         0.00         0.00         0.00         0.00         0.00         0.00         0.00         0.00         0.00        18.65         38.26       871.38       158.48     1,029.86        19.65     1,010.21
7943          1.00         0.00         0.00         0.00         0.00         0.00         0.00         0.00         0.00         0.00         0.00        26.51         38.26       871.38       158.48     1,029.86        27.51     1,002.35
0849          1.00         0.00         0.00         0.00         0.00         0.00         0.00         0.00         0.00         0.00         0.00        34.18         17.83     1,089.04       160.87     1,249.91        35.18     1,214.73
7536          1.00         0.00         0.00         0.00         0.00         0.00         0.00         0.00         0.00         0.00         0.00        21.15         23.26     1,004.28       240.44     1,244.72        22.15     1,222.57
5181          1.00         0.00         0.00         0.00         0.00         0.00         0.00         0.00         0.00         0.00         0.00        27.93         34.70       927.03       174.63     1,101.66        28.93     1,072.73
5429          1.00         0.00         0.00         0.00         0.00         0.00         0.00         0.00         0.00       310.05         0.00        78.49          0.00     2,861.35       403.61     3,264.96       389.54     2,875.42
7655          1.00         0.00         0.00         0.00         0.00         0.00         0.00         0.00         0.00         0.00         0.00        27.09          8.83     1,026.46       309.70     1,336.16        28.09     1,308.07
5558          1.00         0.00         0.00         0.00         0.00         0.00         0.00         0.00         0.00         0.00         0.00        28.73         29.36     1,010.48       178.83     1,189.31        29.73     1,159.58
7663          1.00         0.00         0.00         0.00         0.00         0.00         0.00         0.00         0.00         0.00         0.00        28.18          0.55     1,202.97       198.02     1,400.99        29.18     1,371.81
7773          1.00         0.00         0.00         0.00         0.00         0.00         0.00         0.00         0.00         0.00         0.00        23.91         23.61       972.04       150.67     1,122.71        24.91     1,097.80
8064          1.00         0.00         0.00         0.00         0.00         0.00         0.00         0.00         0.00         0.00         0.00         7.99         24.04       291.17        64.22       355.39         8.99       346.40
1424          1.00         0.00       300.00         0.00         0.00       466.38         0.00         0.00         0.00       275.75         0.00        76.75          0.00     2,669.97       409.59     3,079.56     1,119.88     1,959.68
5280          1.00         0.00         0.00       362.10         0.00       435.11         0.00         0.00         0.00       152.33         0.00        49.06          0.00     1,920.48       289.67     2,210.15       999.60     1,210.55
8020          1.00         0.00         0.00         0.00         0.00         0.00       144.20         0.00         0.00         0.00         0.00        19.12         52.89       798.18       161.93       960.11       164.32       795.79
8061          1.00         0.00         0.00         0.00         0.00         0.00         0.00         0.00         0.00         0.00         0.00        10.66         28.95       436.76        89.23       525.99        11.66       514.33
7994          1.00         0.00         0.00         0.00         0.00         0.00         0.00         0.00         0.00         0.00         0.00        20.05         21.88     1,025.88       180.72     1,206.60        21.05     1,185.55
6461          1.00         0.00         0.00         0.00         0.00         0.00         0.00         0.00         0.00        12.41         0.00        28.16          0.00     1,257.98       324.89     1,582.87        41.57     1,541.30
6765          1.00         0.00         0.00         0.00         0.00         0.00         0.00         0.00         0.00       244.84         0.00        50.66          0.00     2,497.45       338.80     2,836.25       296.50     2,539.75
8017          1.00         0.00         0.00         0.00         0.00       229.93         0.00         0.00         0.00         0.00         0.00        19.79         38.90       861.38       159.12     1,020.50       250.72       769.78

















































EJECUTIVOS EN SERVICIOS DE ALIMENTOS, S.A. DE C.V.                                                                      Pagina: 0002
R.F.C.:                                                                                                                    2/NOV/19
REPORTE DE SUELDOS SEMANALES DEDUCCIONES


 
Codigo Desc Vales   Desc Zapatos Otras Deducc Desc Fonacot Pension Alim Desc Infonav Faltas       Inca Enferme Inca Riesgo  ISPT         Ajus ISPT    IMSS          Sub P/Empleo Tot Per Grav Tot Per Exce Total Percep Total Deducc Neto Pagado
..........................................................................................................................................................................................................................................
7909          1.00         0.00         0.00         0.00         0.00         0.00         0.00         0.00         0.00         0.00         0.00        27.12         31.26       980.82       312.41     1,293.23        28.12     1,265.11
5000          1.00         0.00         0.00         0.00         0.00         0.00         0.00         0.00         0.00        29.78         0.00        30.85          0.00     1,417.66       308.62     1,726.28        61.63     1,664.65
7925          0.00         0.00         0.00         0.00         0.00         0.00         0.00         0.00         0.00        30.80         0.00        31.74          0.00     1,427.07         0.00     1,427.07        62.54     1,364.53
5644          1.00         0.00         0.00         0.00         0.00       337.88         0.00         0.00         0.00        80.41         0.00        29.37          0.00     1,796.05       415.82     2,211.87       448.66     1,763.21
6638          1.00         0.00         0.00         0.00         0.00         0.00         0.00         0.00         0.00         0.00         0.00        26.36         35.53       914.15       162.59     1,076.74        27.36     1,049.38
7800          1.00         0.00         0.00         0.00         0.00         0.00         0.00         0.00         0.00         0.00         0.00        24.57         31.32       979.89       151.54     1,131.43        25.57     1,105.86
6690          1.00         0.00         0.00         0.00         0.00         0.00         0.00         0.00         0.00         0.00         0.00        27.36         30.40       994.28       247.57     1,241.85        28.36     1,213.49
7168          1.00         0.00         0.00         0.00         0.00         0.00         0.00         0.00         0.00         0.00         0.00        22.82         35.53       914.15       214.09     1,128.24        23.82     1,104.42
7991          1.00         0.00         0.00         0.00         0.00         0.00         0.00         0.00         0.00        11.81         0.00        31.47          0.00     1,252.47       195.95     1,448.42        44.28     1,404.14
8058          1.00         0.00         0.00         0.00         0.00         0.00         0.00         0.00         0.00         0.00         0.00        15.99         33.07       742.60       180.74       923.34        16.99       906.35
4314          1.00         0.00         0.00         0.00         0.00         0.00         0.00         0.00         0.00       185.43         0.00        50.71          0.00     2,148.70       393.60     2,542.30       237.14     2,305.16
7848          1.00         0.00         0.00         0.00         0.00         0.00         0.00         0.00         0.00         0.00         0.00        19.84         34.84       874.26       167.93     1,042.19        20.84     1,021.35
7632          1.00         0.00         0.00         0.00         0.00         0.00         0.00         0.00         0.00         0.00         0.00        32.26         30.78       972.09       215.77     1,187.86        33.26     1,154.60
7873          1.00         0.00         0.00         0.00         0.00         0.00         0.00         0.00         0.00         0.00         0.00        28.23         37.43       884.26       170.52     1,054.78        29.23     1,025.55
7801          0.00         0.00         0.00         0.00         0.00         0.00         0.00         0.00         0.00         0.00         0.00         0.00          0.00         0.00         0.00         0.00         0.00         0.00
7061          1.00         0.00         0.00         0.00         0.00         0.00         0.00         0.00         0.00         0.00         0.00        28.38          6.91     1,144.45       170.82     1,315.27        29.38     1,285.89
7847          1.00         0.00         0.00         0.00         0.00         0.00         0.00         0.00         0.00         0.00         0.00        29.86         44.80       861.38       165.02     1,026.40        30.86       995.54
7633          1.00         0.00         0.00         0.00         0.00         0.00       288.40         0.00         0.00         0.00         0.00        23.10         64.19       794.89       140.42       935.31       312.50       622.81
7984          1.00         0.00         0.00         0.00         0.00         0.00         0.00         0.00         0.00        10.10         0.00        29.87          0.00     1,236.79       180.28     1,417.07        40.97     1,376.10
7914          1.00         0.00         0.00         0.00         0.00         0.00         0.00         0.00         0.00         0.00         0.00        21.16         51.27       871.38       171.49     1,042.87        22.16     1,020.71
2897          1.00         0.00         0.00         0.00         0.00         0.00         0.00         0.00         0.00         0.00         0.00        24.10         35.52       914.15       214.08     1,128.23        25.10     1,103.13
5630          1.00         0.00         0.00         0.00         0.00         0.00         0.00         0.00         0.00         0.00         0.00        18.65         33.95       938.63       231.42     1,170.05        19.65     1,150.40
8007          1.00         0.00         0.00         0.00         0.00         0.00         0.00         0.00         0.00         0.00         0.00        29.24          3.23     1,178.33       172.56     1,350.89        30.24     1,320.65
8048          1.00         0.00         0.00         0.00         0.00         0.00         0.00         0.00         0.00       131.22         0.00        39.88          0.00     1,726.43       257.02     1,983.45       172.10     1,811.35
8037          0.00         0.00         0.00         0.00         0.00         0.00         0.00         0.00         0.00         0.00         0.00        21.10         13.78     1,152.38        13.78     1,166.16        21.10     1,145.06
8052          1.00         0.00         0.00         0.00         0.00         0.00         0.00         0.00         0.00        50.49         0.00        37.19          0.00     1,608.00       239.68     1,847.68        88.68     1,759.00
7614          1.00         0.00         0.00         0.00         0.00         0.00         0.00         0.00         0.00        33.70         0.00        32.52          0.00     1,518.80       189.70     1,708.50        67.22     1,641.28
3318          1.00         0.00       500.00         0.00         0.00       510.55         0.00         0.00         0.00       229.37         0.00        66.49          0.00     2,411.11       313.42     2,724.53     1,307.41     1,417.12
7804          1.00         0.00         0.00         0.00         0.00         0.00         0.00         0.00         0.00        57.11         0.00        38.69          0.00     1,581.93       250.41     1,832.34        96.80     1,735.54
6083          1.00         0.00         0.00         0.00         0.00         0.00         0.00         0.00         0.00         0.00         0.00        32.68         44.04       964.06       179.08     1,143.14        33.68     1,109.46
6766          1.00         0.00         0.00         0.00         0.00         0.00         0.00         0.00         0.00        12.95         0.00        29.46          0.00     1,328.08       209.81     1,537.89        43.41     1,494.48
7982          1.00         0.00         0.00         0.00         0.00         0.00         0.00         0.00         0.00        10.10         0.00        29.62          0.00     1,236.79       180.28     1,417.07        40.72     1,376.35
4137          1.00         0.00         0.00         0.00         0.00         0.00         0.00         0.00         0.00       431.77         0.00        91.14          0.00     3,415.75       763.11     4,178.86       523.91     3,654.95
8009          1.00         0.00         0.00         0.00         0.00         0.00         0.00         0.00         0.00         0.00         0.00        23.44         36.76     1,032.16       156.98     1,189.14        24.44     1,164.70
7542          1.00        56.00         0.00         0.00         0.00         0.00         0.00         0.00         0.00         0.00         0.00        32.55         14.19     1,145.90       179.87     1,325.77        89.55     1,236.22
8033          1.00         0.00         0.00         0.00         0.00         0.00         0.00         0.00         0.00         0.00         0.00        26.63         21.63     1,137.13       167.60     1,304.73        27.63     1,277.10
3780          1.00         0.00         0.00         0.00         0.00         0.00         0.00         0.00         0.00       140.89         0.00        40.70          0.00     1,815.36       510.52     2,325.88       182.59     2,143.29
6205          1.00         0.00         0.00         0.00         0.00         0.00       120.51         0.00         0.00         0.00         0.00        23.64         40.56       873.84       153.42     1,027.26       145.15       882.11
5027          1.00         0.00         0.00         0.00         0.00         0.00         0.00         0.00         0.00         9.37         0.00        37.80          0.00     1,230.04       143.04     1,373.08        48.17     1,324.91
7993          1.00         0.00         0.00         0.00         0.00         0.00         0.00         0.00         0.00         0.00         0.00        24.28         35.80       910.01       194.64     1,104.65        25.28     1,079.37
7818          1.00         0.00         0.00         0.00         0.00         0.00         0.00         0.00         0.00         0.00         0.00        31.89         29.77     1,004.04       172.81     1,176.85        32.89     1,143.96
7221          1.00         0.00         0.00         0.00         0.00         0.00         0.00         0.00         0.00         0.00         0.00        19.79         38.49       867.82       165.14     1,032.96        20.79     1,012.17
7815          1.00         0.00         0.00         0.00         0.00         0.00         0.00         0.00         0.00         0.00         0.00        31.68         30.67       990.14       279.63     1,269.77        32.68     1,237.09

















































EJECUTIVOS EN SERVICIOS DE ALIMENTOS, S.A. DE C.V.                                                                      Pagina: 0003
R.F.C.:                                                                                                                    2/NOV/19
REPORTE DE SUELDOS SEMANALES DEDUCCIONES


 
Codigo Desc Vales   Desc Zapatos Otras Deducc Desc Fonacot Pension Alim Desc Infonav Faltas       Inca Enferme Inca Riesgo  ISPT         Ajus ISPT    IMSS          Sub P/Empleo Tot Per Grav Tot Per Exce Total Percep Total Deducc Neto Pagado
..........................................................................................................................................................................................................................................
8055          1.00         0.00         0.00         0.00         0.00         0.00         0.00         0.00         0.00         0.00         0.00        18.65         38.26       871.38       158.48     1,029.86        19.65     1,010.21
6839          1.00         0.00         0.00         0.00         0.00         0.00         0.00         0.00         0.00         0.00         0.00        29.06         36.17       904.15       163.23     1,067.38        30.06     1,037.32
5646          1.00         0.00         0.00         0.00         0.00         0.00         0.00         0.00         0.00         0.00         0.00        29.91         35.53       914.15       162.59     1,076.74        30.91     1,045.83
8011          1.00         0.00         0.00         0.00         0.00         0.00         0.00         0.00         0.00        20.36         0.00        32.81          0.00     1,246.79       180.28     1,427.07        54.17     1,372.90
7708          1.00         0.00         0.00         0.00         0.00         0.00         0.00         0.00         0.00        69.39         0.00        30.04          0.00     1,745.97       384.74     2,130.71       100.43     2,030.28
7869          1.00         0.00         0.00         0.00         0.00         0.00         0.00         0.00         0.00         0.00         0.00        25.77         32.34       964.06       167.38     1,131.44        26.77     1,104.67
7973          1.00         0.00         0.00         0.00         0.00       176.72         0.00         0.00         0.00         0.00         0.00        19.82         44.80       861.38       165.02     1,026.40       197.54       828.86
8043          1.00         0.00         0.00         0.00         0.00         0.00         0.00         0.00         0.00         0.00         0.00        18.65         26.32     1,057.91       172.29     1,230.20        19.65     1,210.55
8012          1.00         0.00         0.00         0.00         0.00         0.00         0.00         0.00         0.00        47.67         0.00        24.74          0.00     1,454.16       390.59     1,844.75        73.41     1,771.34
5679          1.00         0.00         0.00         0.00         0.00         0.00         0.00         0.00         0.00        31.55         0.00        38.81          0.00     1,434.03       338.80     1,772.83        71.36     1,701.47
7530          1.00         0.00         0.00         0.00         0.00         0.00         0.00         0.00         0.00         0.00         0.00        31.72         25.66       972.09       210.65     1,182.74        32.72     1,150.02
6028          0.00         0.00         0.00         0.00         0.00         0.00         0.00         0.00         0.00         0.00         0.00         0.00          0.00         0.00         0.00         0.00         0.00         0.00
6565          0.00         0.00         0.00         0.00         0.00         0.00         0.00         0.00         0.00         0.00         0.00         0.00          0.00         0.00         0.00         0.00         0.00         0.00
3676          1.00         0.00         0.00         0.00         0.00         0.00         0.00         0.00         0.00       130.73         0.00        36.55          0.00     1,721.93       338.80     2,060.73       168.28     1,892.45
3221          1.00         0.00         0.00         0.00         0.00         0.00         0.00         0.00         0.00        86.34         0.00        33.29          0.00     1,676.63       311.82     1,988.45       120.63     1,867.82
7779          1.00         0.00         0.00         0.00         0.00         0.00         0.00         0.00         0.00         0.00         0.00        34.57         24.58     1,090.76       179.90     1,270.66        35.57     1,235.09
7942          1.00         0.00         0.00         0.00         0.00         0.00         0.00         0.00         0.00         0.00         0.00        23.28         41.80     1,032.16       162.02     1,194.18        24.28     1,169.90
8035          1.00         0.00         0.00         0.00         0.00         0.00         0.00         0.00         0.00         0.00         0.00        22.32         21.48     1,032.16       141.70     1,173.86        23.32     1,150.54
7845          1.00         0.00         0.00         0.00         0.00         0.00         0.00         0.00         0.00        31.11         0.00        38.22          0.00     1,429.92       181.66     1,611.58        70.33     1,541.25
7920          1.00         0.00         0.00         0.00         0.00         0.00       144.20         0.00         0.00         0.00         0.00        18.67         52.11       811.05       174.03       985.08       163.87       821.21
7996          1.00         0.00         0.00         0.00         0.00         0.00         0.00         0.00         0.00         0.00         0.00        19.83         38.90       861.38       159.12     1,020.50        20.83       999.67
2522          1.00         0.00         0.00         0.00         0.00         0.00         0.00         0.00         0.00         0.00         0.00        30.18         26.46     1,055.77       346.64     1,402.41        31.18     1,371.23
7990          0.00         0.00         0.00         0.00         0.00         0.00       120.51         0.00         0.00         0.00         0.00        22.71         28.64     1,067.63        28.64     1,096.27       143.22       953.05
7080          1.00         0.00         0.00         0.00         0.00         0.00         0.00         0.00         0.00        33.50         0.00        40.71          0.00     1,364.95       199.19     1,564.14        75.21     1,488.93
5965          1.00         0.00         0.00         0.00         0.00         0.00       143.23         0.00         0.00         0.00         0.00        30.25         33.99     1,159.94       253.32     1,413.26       174.48     1,238.78
5447          1.00         0.00         0.00         0.00         0.00         0.00         0.00         0.00         0.00         0.00         0.00        32.77         29.77     1,004.04       172.81     1,176.85        33.77     1,143.08
7932          1.00         0.00         0.00         0.00         0.00         0.00         0.00         0.00         0.00         0.00         0.00        27.78         38.26       871.38       158.48     1,029.86        28.78     1,001.08
6685          1.00         0.00         0.00         0.00         0.00         0.00         0.00         0.00         0.00         6.22         0.00        36.20          0.00     1,300.40       242.93     1,543.33        43.42     1,499.91
8056          1.00         0.00         0.00         0.00         0.00         0.00         0.00         0.00         0.00        41.11         0.00        27.97          0.00     1,434.93       227.31     1,662.24        70.08     1,592.16
5549          1.00         0.00         0.00         0.00         0.00         0.00         0.00         0.00         0.00         0.00         0.00        34.27          4.98     1,162.18       260.79     1,422.97        35.27     1,387.70
0854          1.00         0.00         0.00         0.00         0.00       332.71         0.00         0.00         0.00       141.83         0.00        41.49          0.00     1,823.99       394.58     2,218.57       517.03     1,701.54
7295          1.00         0.00         0.00         0.00         0.00         0.00         0.00         0.00         0.00         0.00         0.00        32.47         20.70     1,145.90       186.38     1,332.28        33.47     1,298.81
8059          1.00         0.00         0.00         0.00         0.00         0.00         0.00         0.00         0.00         0.00         0.00        13.32         29.89       582.35       110.26       692.61        14.32       678.29
4807          1.00         0.00         0.00         0.00         0.00         0.00         0.00         0.00         0.00       510.35         0.00       110.77          0.00     3,783.66       586.18     4,369.84       622.12     3,747.72
8018          1.00         0.00         0.00         0.00         0.00         0.00         0.00         0.00         0.00         0.00         0.00        30.86         21.63     1,137.24       245.59     1,382.83        31.86     1,350.97
3169          1.00         0.00         0.00         0.00         0.00         0.00         0.00         0.00         0.00         0.00         0.00        29.07         30.17       997.84       292.41     1,290.25        30.07     1,260.18
4514          1.00         0.00         0.00         0.00         0.00       365.24         0.00         0.00         0.00        23.03         0.00        34.54          0.00     1,355.64       197.70     1,553.34       423.81     1,129.53
7814          1.00         0.00         0.00         0.00         0.00         0.00         0.00         0.00         0.00         0.00         0.00        31.42         29.77     1,004.04       172.81     1,176.85        32.42     1,144.43
7754          1.00         0.00         0.00         0.00         0.00         0.00         0.00         0.00         0.00         0.00         0.00        23.67         38.26       871.38       158.48     1,029.86        24.67     1,005.19
7717          1.00         0.00         0.00         0.00         0.00         0.00         0.00         0.00         0.00        19.29         0.00        32.05          0.00     1,321.34       205.37     1,526.71        52.34     1,474.37
6014          1.00         0.00         0.00         0.00         0.00         0.00         0.00         0.00         0.00        44.43         0.00        32.26          0.00     1,465.39       307.45     1,772.84        77.69     1,695.15
7775          1.00         0.00         0.00         0.00         0.00         0.00       144.20         0.00         0.00         0.00         0.00        21.07         61.88       798.18       170.92       969.10       166.27       802.83
3827          1.00         0.00         0.00         0.00         0.00         0.00         0.00         0.00         0.00         0.00         0.00        38.31          7.95     1,137.87       368.30     1,506.17        39.31     1,466.86

















































EJECUTIVOS EN SERVICIOS DE ALIMENTOS, S.A. DE C.V.                                                                      Pagina: 0004
R.F.C.:                                                                                                                    2/NOV/19
REPORTE DE SUELDOS SEMANALES DEDUCCIONES


 
Codigo Desc Vales   Desc Zapatos Otras Deducc Desc Fonacot Pension Alim Desc Infonav Faltas       Inca Enferme Inca Riesgo  ISPT         Ajus ISPT    IMSS          Sub P/Empleo Tot Per Grav Tot Per Exce Total Percep Total Deducc Neto Pagado
..........................................................................................................................................................................................................................................
7976          0.00         0.00         0.00         0.00         0.00         0.00       144.20         0.00         0.00         0.00         0.00        18.45         40.90       881.47        40.90       922.37       162.65       759.72
8054          1.00         0.00         0.00         0.00         0.00         0.00       144.20         0.00         0.00         0.00         0.00        16.69         50.19       785.30       146.36       931.66       161.89       769.77
5412          1.00         0.00         0.00         0.00         0.00         0.00         0.00         0.00         0.00         0.00         0.00        27.20         43.18       904.15       170.24     1,074.39        28.20     1,046.19
7995          1.00         0.00         0.00         0.00         0.00         0.00         0.00         0.00         0.00         0.00         0.00        20.37         28.52     1,042.16       148.74     1,190.90        21.37     1,169.53
7395          1.00         0.00         0.00         0.00         0.00         0.00         0.00         0.00         0.00         0.00         0.00        24.99         18.19     1,083.58       153.23     1,236.81        25.99     1,210.82
0214          1.00         0.00         0.00         0.00         0.00         0.00         0.00         0.00         0.00       510.35         0.00       110.48          0.00     3,783.66       586.18     4,369.84       621.83     3,748.01
7849          1.00         0.00         0.00         0.00         0.00         0.00         0.00         0.00         0.00         0.00         0.00        23.66         31.49       977.26       267.58     1,244.84        24.66     1,220.18
5232          1.00         0.00         0.00         0.00         0.00         0.00         0.00         0.00         0.00        47.98         0.00        51.89          0.00     1,498.02       283.19     1,781.21       100.87     1,680.34
8019          1.00         0.00         0.00         0.00         0.00         0.00       144.20         0.00         0.00         0.00         0.00        21.07         52.49       921.92       148.66     1,070.58       166.27       904.31
4958          1.00         0.00         0.00         0.00         0.00         0.00         0.00         0.00         0.00         0.00         0.00        32.56         20.70     1,145.90       186.38     1,332.28        33.56     1,298.72
3979          1.00         0.00         0.00         0.00         0.00         0.00         0.00         0.00         0.00       420.97         0.00       106.06          0.00     3,365.20       519.23     3,884.43       528.03     3,356.40
0442          1.00         0.00         0.00         0.00         0.00         0.00         0.00         0.00         0.00        46.68         0.00        40.71          0.00     1,486.03       311.45     1,797.48        88.39     1,709.09
7330          0.00         0.00         0.00         0.00         0.00         0.00         0.00         0.00         0.00         0.00         0.00         0.00          0.00         0.00         0.00         0.00         0.00         0.00
7846          1.00         0.00         0.00         0.00         0.00         0.00         0.00         0.00         0.00         0.00         0.00        33.30         29.13     1,014.04       172.17     1,186.21        34.30     1,151.91
8004          0.00         0.00         0.00         0.00         0.00         0.00         0.00         0.00         0.00         0.00         0.00         0.00          0.00         0.00         0.00         0.00         0.00         0.00
8062          1.00         0.00         0.00         0.00         0.00         0.00         0.00         0.00         0.00         0.00         0.00        10.66         28.95       436.76        89.23       525.99        11.66       514.33
7823          1.00         0.00         0.00         0.00         0.00         0.00         0.00         0.00         0.00         0.00         0.00        30.43         38.00       871.38       158.22     1,029.60        31.43       998.17
7298          1.00         0.00         0.00         0.00         0.00         0.00         0.00         0.00         0.00        51.57         0.00        35.91          0.00     1,530.97       270.37     1,801.34        88.48     1,712.86
7963          1.00         0.00         0.00         0.00         0.00         0.00         0.00         0.00         0.00         0.00         0.00        23.09         37.43       884.26       170.52     1,054.78        24.09     1,030.69
5396          1.00         0.00         0.00         0.00         0.00         0.00         0.00         0.00         0.00         0.00         0.00        31.74         34.67       927.03       226.10     1,153.13        32.74     1,120.39
7989          1.00         0.00         0.00         0.00         0.00         0.00         0.00         0.00         0.00         0.00         0.00        19.80         38.90       861.38       159.12     1,020.50        20.80       999.70
7588          1.00         0.00         0.00         0.00         0.00         0.00       120.51         0.00         0.00         0.00         0.00        22.68         42.91       832.13       149.09       981.22       144.19       837.03
7821          1.00         0.00         0.00         0.00         0.00         0.00       241.02         0.00         0.00         0.00         0.00        21.27         42.71       876.68       138.34     1,015.02       263.29       751.73
6203          1.00         0.00         0.00         0.00         0.00         0.00         0.00         0.00         0.00         9.18         0.00        30.34          0.00     1,300.36       173.66     1,474.02        40.52     1,433.50
6582          1.00         0.00         0.00         0.00         0.00         0.00       120.51         0.00         0.00         0.00         0.00        20.02         36.03       948.01       258.08     1,206.09       141.53     1,064.56
8060          1.00         0.00         0.00         0.00         0.00         0.00         0.00         0.00         0.00         0.00         0.00        13.32         48.73       350.55        96.81       447.36        14.32       433.04
7226          1.00         0.00         0.00         0.00         0.00         0.00         0.00         0.00         0.00         0.00         0.00        26.91         29.13     1,014.04       172.17     1,186.21        27.91     1,158.30
7885          1.00         0.00         0.00         0.00         0.00         0.00         0.00         0.00         0.00         0.00         0.00        28.37         37.44       884.26       170.53     1,054.79        29.37     1,025.42
3326          1.00         0.00         0.00         0.00         0.00       352.72         0.00         0.00         0.00        47.98         0.00        38.70          0.00     1,498.02       220.48     1,718.50       440.40     1,278.10
0449          1.00         0.00         0.00         0.00         0.00       447.60         0.00         0.00         0.00        11.97         0.00        39.77          0.00     1,254.04       143.04     1,397.08       500.34       896.74
6934          1.00         0.00         0.00         0.00         0.00         0.00         0.00         0.00         0.00       342.85         0.00        86.57          0.00     2,999.45       460.71     3,460.16       430.42     3,029.74
7137          1.00         0.00         0.00         0.00         0.00         0.00         0.00         0.00         0.00        53.46         0.00        38.06          0.00     1,548.38       261.90     1,810.28        92.52     1,717.76
6682          1.00         0.00         0.00         0.00         0.00         0.00       144.20         0.00         0.00         0.00         0.00        17.72         45.26       875.43       231.55     1,106.98       162.92       944.06
1269          1.00         0.00         0.00         0.00         0.00         0.00         0.00         0.00         0.00         0.00         0.00        25.01         43.18       904.15       170.24     1,074.39        26.01     1,048.38
7037          1.00         0.00         0.00         0.00         0.00         0.00         0.00         0.00         0.00         0.00         0.00        22.26         35.01       871.38       155.23     1,026.61        23.26     1,003.35
7890          1.00         0.00         0.00         0.00         0.00         0.00         0.00         0.00         0.00         0.00         0.00        30.80          6.64     1,158.04       216.98     1,375.02        31.80     1,343.22
8031          1.00         0.00         0.00         0.00         0.00         0.00         0.00         0.00         0.00         0.00         0.00        19.98         37.43       884.26       170.52     1,054.78        20.98     1,033.80
1419          1.00         0.00         0.00         0.00         0.00       412.37         0.00         0.00         0.00        56.00         0.00        39.51          0.00     1,571.66       232.26     1,803.92       508.88     1,295.04
8039          1.00         0.00         0.00         0.00         0.00         0.00       241.02       120.51         0.00         0.00         0.00        12.06         60.33       791.98       146.36       938.34       374.59       563.75
3525          1.00         0.00         0.00         0.00         0.00         0.00         0.00         0.00         0.00         0.00         0.00        38.03          6.91     1,144.45       170.82     1,315.27        39.03     1,276.24
8036          1.00         0.00         0.00         0.00         0.00         0.00         0.00         0.00         0.00         8.41         0.00        22.04          0.00     1,296.26       287.59     1,583.85        31.45     1,552.40
6885          1.00         0.00         0.00         0.00         0.00         0.00         0.00         0.00         0.00         0.00         0.00        34.78         35.42       914.15       162.48     1,076.63        35.78     1,040.85
7893          0.00         0.00         0.00         0.00         0.00         0.00         0.00         0.00         0.00         0.00         0.00        23.41         22.29       991.60        22.29     1,013.89        23.41       990.48

















































EJECUTIVOS EN SERVICIOS DE ALIMENTOS, S.A. DE C.V.                                                                      Pagina: 0005
R.F.C.:                                                                                                                    2/NOV/19
REPORTE DE SUELDOS SEMANALES DEDUCCIONES


 
Codigo Desc Vales   Desc Zapatos Otras Deducc Desc Fonacot Pension Alim Desc Infonav Faltas       Inca Enferme Inca Riesgo  ISPT         Ajus ISPT    IMSS          Sub P/Empleo Tot Per Grav Tot Per Exce Total Percep Total Deducc Neto Pagado
..........................................................................................................................................................................................................................................
7907          1.00         0.00         0.00         0.00         0.00         0.00         0.00         0.00         0.00       133.43         0.00        41.97          0.00     1,746.85       277.44     2,024.29       176.40     1,847.89
4775          1.00         0.00         0.00         0.00         0.00         0.00         0.00         0.00         0.00         0.00         0.00        30.59         15.24     1,129.46       380.48     1,509.94        31.59     1,478.35
4832          1.00         0.00         0.00         0.00         0.00         0.00         0.00         0.00         0.00         9.67         0.00        26.16          0.00     1,145.90       165.68     1,311.58        36.83     1,274.75
3321          1.00         0.00         0.00         0.00         0.00         0.00         0.00         0.00         0.00       212.44         0.00        59.76          0.00     2,316.64       392.37     2,709.01       273.20     2,435.81
0624          1.00         0.00         0.00         0.00         0.00         0.00         0.00         0.00         0.00       165.91         0.00        49.86          0.00     2,026.61       395.20     2,421.81       216.77     2,205.04
6877          1.00         0.00         0.00       226.89         0.00         0.00         0.00         0.00         0.00         0.00         0.00        28.62         95.42     1,253.16       259.33     1,512.49       256.51     1,255.98
4385          1.00         0.00         0.00         0.00         0.00         0.00         0.00         0.00         0.00        48.73         0.00        35.82          0.00     1,504.95       199.19     1,704.14        85.55     1,618.59
8030          1.00         0.00         0.00         0.00         0.00         0.00         0.00         0.00         0.00         0.00         0.00        25.36         21.58     1,158.04       231.92     1,389.96        26.36     1,363.60
0366          1.00         0.00         0.00         0.00         0.00         0.00         0.00         0.00         0.00       343.09         0.00        89.85          0.00     3,000.58       462.49     3,463.07       433.94     3,029.13
6206          1.00         0.00         0.00         0.00         0.00         0.00         0.00         0.00         0.00       243.95         0.00        44.98          0.00     1,841.51       308.62     2,150.13       289.93     1,860.20
8034          1.00         0.00         0.00         0.00         0.00         0.00         0.00         0.00         0.00         0.00         0.00        25.49         20.84     1,042.16       192.56     1,234.72        26.49     1,208.23
7618          1.00         0.00         0.00         0.00         0.00         0.00         0.00         0.00         0.00         0.00         0.00        31.38         33.88       939.90       238.19     1,178.09        32.38     1,145.71
 
*** GLO     170.00        56.00       800.00       588.99         0.00     4,648.83     2,646.13       120.51         0.00     6,727.16         0.00     5,653.10      3,888.83   219,327.69                258,823.68    21,410.72   237,412.96
  













































































