EJECUTIVOS EN SERVICIOS DE ALIMENTOS, S.A. DE C.V.                                                                      Pagina: 0001
R.F.C.:                                                                                                                    2/NOV/19
REPORTE DE SUELDOS SEMANALES DEDUCCIONES


 
Codigo Desc Vales   Desc Zapatos Otras Deducc Desc Fonacot Pension Alim Desc Infonav Faltas       Inca Enferme Inca Riesgo  ISPT         Ajus ISPT    IMSS          Sub P/Empleo Tot Per Grav Tot Per Exce Total Percep Total Deducc Neto Pagado
..........................................................................................................................................................................................................................................
8071          1.00         0.00         0.00         0.00         0.00         0.00         0.00         0.00         0.00         0.00         0.00        18.65         39.00       861.38       159.22     1,020.60        19.65     1,000.95
6600          1.00         0.00         0.00         0.00         0.00       210.96       144.20         0.00         0.00         0.00         0.00        19.04         48.77       825.96       156.85       982.81       375.20       607.61
7685          0.00         0.00         0.00         0.00         0.00         0.00         0.00         0.00         0.00        20.91         0.00        24.16          0.00     1,272.15       160.93     1,433.08        45.07     1,388.01
7331          1.00         0.00         0.00         0.00         0.00         0.00         0.00         0.00         0.00         0.00         0.00        27.18         69.19       522.39       129.47       651.86        28.18       623.68
5933          1.00         0.00         0.00         0.00         0.00         0.00         0.00         0.00         0.00         0.00         0.00        30.52         33.88       939.90       186.69     1,126.59        31.52     1,095.07
7170          1.00         0.00         0.00         0.00         0.00         0.00         0.00         0.00         0.00         0.00         0.00        33.56         35.73       952.78       201.41     1,154.19        34.56     1,119.63
5201          1.00         0.00         0.00         0.00         0.00       335.50         0.00         0.00         0.00        56.51         0.00        36.05          0.00     1,576.41       298.87     1,875.28       429.06     1,446.22
3890          1.00         0.00         0.00         0.00         0.00         0.00         0.00         0.00         0.00       178.37         0.00        54.49          0.00     2,104.51       319.12     2,423.63       233.86     2,189.77
7834          1.00         0.00         0.00         0.00         0.00         0.00         0.00         0.00         0.00         0.00         0.00        29.63         29.14     1,014.04       172.18     1,186.22        30.63     1,155.59
8083          1.00         0.00         0.00         0.00         0.00         0.00         0.00         0.00         0.00         0.00         0.00        15.98          0.30       687.43        72.41       759.84        16.98       742.86
1123          1.00         0.00         0.00         0.00         0.00         0.00         0.00         0.00         0.00        58.08         0.00        33.71          0.00     1,590.82       338.80     1,929.62        92.79     1,836.83
8049          1.00         0.00         0.00         0.00         0.00         0.00         0.00         0.00         0.00         0.00         0.00        18.65         19.40     1,064.51       178.24     1,242.75        19.65     1,223.10
7959          0.00         0.00         0.00         0.00         0.00         0.00         0.00         0.00         0.00         0.00         0.00        23.38          0.26     1,152.38         0.26     1,152.64        23.38     1,129.26
8066          1.00         0.00         0.00         0.00         0.00         0.00         0.00         0.00         0.00         0.00         0.00        18.65         38.27       871.38       158.49     1,029.87        19.65     1,010.22
7977          1.00         0.00         0.00         0.00         0.00         0.00         0.00         0.00         0.00         0.00         0.00        24.28         21.48     1,032.16       141.70     1,173.86        25.28     1,148.58
8027          1.00         0.00         0.00         0.00         0.00         0.00         0.00         0.00         0.00         0.00         0.00        25.36         20.83     1,042.16       192.55     1,234.71        26.36     1,208.35
7986          1.00         0.00         0.00         0.00         0.00         0.00       361.53         0.00         0.00         0.00         0.00        17.24         58.61       851.86       118.89       970.75       379.77       590.98
8074          0.00         0.00         0.00         0.00         0.00         0.00         0.00         0.00         0.00         0.00         0.00         0.00          0.00         0.00         0.00         0.00         0.00         0.00
7259          1.00         0.00         0.00         0.00         0.00         0.00         0.00         0.00         0.00         0.00         0.00        29.64         42.77       904.15       169.83     1,073.98        30.64     1,043.34
8073          1.00         0.00         0.00         0.00         0.00         0.00         0.00         0.00         0.00         0.00         0.00        18.65         46.12       871.38       166.34     1,037.72        19.65     1,018.07
7312          1.00         0.00         0.00         0.00         0.00         0.00         0.00         0.00         0.00         0.00         0.00        25.99         32.33       964.06       348.24     1,312.30        26.99     1,285.31
7338          1.00         0.00         0.00         0.00         0.00         0.00         0.00         0.00         0.00         0.00         0.00        32.20         29.14     1,014.04       172.18     1,186.22        33.20     1,153.02
5677          1.00         0.00         0.00         0.00         0.00         0.00         0.00         0.00         0.00        23.03         0.00        34.52          0.00     1,355.64       197.70     1,553.34        58.55     1,494.79
8078          1.00         0.00         0.00         0.00         0.00         0.00         0.00         0.00         0.00         0.00         0.00        15.99         27.62       827.72       123.79       951.51        16.99       934.52
8023          1.00         0.00         0.00         0.00         0.00         0.00       120.51         0.00         0.00         0.00         0.00        22.80         43.22       939.10       143.69     1,082.79       144.31       938.48
8042          1.00         0.00         0.00         0.00         0.00         0.00         0.00         0.00         0.00         0.00         0.00        18.65         31.20     1,306.85       151.42     1,458.27        19.65     1,438.62
7943          1.00         0.00         0.00         0.00         0.00         0.00         0.00         0.00         0.00         0.00         0.00        26.51         38.27       871.38       158.49     1,029.87        27.51     1,002.36
0849          1.00         0.00         0.00         0.00         0.00         0.00         0.00         0.00         0.00         0.00         0.00        34.18         11.07     1,089.04       154.11     1,243.15        35.18     1,207.97
7536          1.00         0.00         0.00         0.00         0.00         0.00         0.00         0.00         0.00         0.00         0.00        21.15         31.41       978.53       222.84     1,201.37        22.15     1,179.22
8065          1.00         0.00         0.00         0.00         0.00         0.00         0.00         0.00         0.00         0.00         0.00        18.65         47.91       861.38       168.13     1,029.51        19.65     1,009.86
5181          1.00         0.00         0.00         0.00         0.00         0.00         0.00         0.00         0.00         0.00         0.00        27.93         35.53       914.15       162.59     1,076.74        28.93     1,047.81
5429          1.00         0.00         0.00         0.00         0.00         0.00         0.00         0.00         0.00       310.05         0.00        78.49          0.00     2,845.92       319.12     3,165.04       389.54     2,775.50
7655          1.00         0.00         0.00         0.00         0.00         0.00         0.00         0.00         0.00         0.00         0.00        27.09         11.27     1,090.03       202.70     1,292.73        28.09     1,264.64
5558          1.00         0.00         0.00         0.00         0.00         0.00         0.00         0.00         0.00         0.00         0.00        28.73         14.92     1,061.98       267.39     1,329.37        29.73     1,299.64
7663          1.00         0.00         0.00         0.00         0.00         0.00         0.00         0.00         0.00         0.00         0.00        28.18          5.67     1,157.91       158.07     1,315.98        29.18     1,286.80
7773          1.00         0.00         0.00         0.00         0.00         0.00         0.00         0.00         0.00         0.00         0.00        23.91         31.82       972.04       158.88     1,130.92        24.91     1,106.01
8075          1.00         0.00         0.00         0.00         0.00         0.00         0.00         0.00         0.00         0.00         0.00        18.65         33.44       897.13       179.41     1,076.54        19.65     1,056.89
1424          1.00         0.00       300.00         0.00         0.00       466.38         0.00         0.00         0.00       275.76         0.00        76.75          0.00     2,669.97       409.59     3,079.56     1,119.89     1,959.67
5280          1.00         0.00         0.00       362.10         0.00       435.11         0.00         0.00         0.00       152.32         0.00        49.06          0.00     1,920.48       289.67     2,210.15       999.59     1,210.56
8020          1.00         0.00         0.00         0.00         0.00         0.00         0.00         0.00         0.00         0.00         0.00        21.37         45.24       861.38       165.46     1,026.84        22.37     1,004.47
8061          1.00         0.00         0.00         0.00         0.00         0.00         0.00         0.00         0.00         0.00         0.00        18.65         23.43     1,103.13       259.52     1,362.65        19.65     1,343.00
7994          1.00         0.00         0.00         0.00         0.00         0.00         0.00         0.00         0.00         0.00         0.00        20.05         44.77       871.38       164.99     1,036.37        21.05     1,015.32
6461          1.00         0.00       200.00         0.00         0.00         0.00         0.00         0.00         0.00         0.00         0.00        28.16          3.48     1,175.78       210.06     1,385.84       229.16     1,156.68

















































EJECUTIVOS EN SERVICIOS DE ALIMENTOS, S.A. DE C.V.                                                                      Pagina: 0002
R.F.C.:                                                                                                                    2/NOV/19
REPORTE DE SUELDOS SEMANALES DEDUCCIONES


 
Codigo Desc Vales   Desc Zapatos Otras Deducc Desc Fonacot Pension Alim Desc Infonav Faltas       Inca Enferme Inca Riesgo  ISPT         Ajus ISPT    IMSS          Sub P/Empleo Tot Per Grav Tot Per Exce Total Percep Total Deducc Neto Pagado
..........................................................................................................................................................................................................................................
6765          1.00         0.00         0.00         0.00         0.00         0.00       146.75         0.00         0.00       133.62         0.00        45.43          0.00     2,014.79       306.32     2,321.11       326.80     1,994.31
8017          1.00         0.00         0.00         0.00         0.00       229.93         0.00         0.00         0.00         0.00         0.00        19.79         38.90       861.38       159.12     1,020.50       250.72       769.78
7909          1.00         0.00         0.00         0.00         0.00         0.00         0.00         0.00         0.00         0.00         0.00        27.12         38.27       871.38       158.49     1,029.87        28.12     1,001.75
5000          1.00         0.00         0.00         0.00         0.00         0.00         0.00         0.00         0.00         0.00         0.00        30.85          2.16     1,188.13       173.06     1,361.19        31.85     1,329.34
5644          1.00         0.00         0.00         0.00         0.00       337.88         0.00         0.00         0.00        22.97         0.00        29.37          0.00     1,355.13       296.26     1,651.39       391.22     1,260.17
6638          1.00         0.00         0.00         0.00         0.00         0.00         0.00         0.00         0.00         0.00         0.00        26.36         35.53       914.15       162.59     1,076.74        27.36     1,049.38
7800          1.00         0.00         0.00         0.00         0.00         0.00         0.00         0.00         0.00         0.00         0.00        24.57         11.72     1,082.89       286.44     1,369.33        25.57     1,343.76
6690          1.00         0.00         0.00         0.00         0.00         0.00         0.00         0.00         0.00         0.00         0.00        27.36         42.26       910.59       175.75     1,086.34        28.36     1,057.98
7168          1.00         0.00         0.00         0.00         0.00         0.00         0.00         0.00         0.00         0.00         0.00        22.82         44.22       914.15       256.36     1,170.51        23.82     1,146.69
8081          1.00         0.00         0.00         0.00         0.00         0.00         0.00         0.00         0.00         0.11         0.00        13.32          0.00       863.90       170.49     1,034.39        14.43     1,019.96
7991          1.00         0.00         0.00         0.00         0.00         0.00         0.00         0.00         0.00        10.10         0.00        31.47          0.00     1,236.79       180.28     1,417.07        42.57     1,374.50
8063          1.00         0.00         0.00         0.00         0.00         0.00       144.20         0.00         0.00         0.00         0.00        16.69         56.77       785.30       152.94       938.24       161.89       776.35
4314          1.00         0.00         0.00         0.00         0.00         0.00         0.00         0.00         0.00       200.13         0.00        50.71          0.00     2,240.52       393.60     2,634.12       251.84     2,382.28
7848          1.00         0.00         0.00         0.00         0.00         0.00         0.00         0.00         0.00         0.00         0.00        19.84         45.27       861.38       165.49     1,026.87        20.84     1,006.03
7632          1.00         0.00         0.00         0.00         0.00         0.00         0.00         0.00         0.00         0.00         0.00        32.26         27.86     1,017.15       257.92     1,275.07        33.26     1,241.81
7873          1.00         0.00         0.00         0.00         0.00         0.00         0.00         0.00         0.00         0.00         0.00        28.23         40.98       884.26       174.07     1,058.33        29.23     1,029.10
8068          1.00         0.00         0.00         0.00         0.00         0.00         0.00         0.00         0.00        72.55         0.00        38.17          0.00     1,647.76       246.04     1,893.80       111.72     1,782.08
7061          1.00         0.00         0.00         0.00         0.00         0.00         0.00         0.00         0.00        26.99         0.00        28.38          0.00     1,328.08       209.81     1,537.89        56.37     1,481.52
7847          1.00         0.00         0.00         0.00         0.00         0.00         0.00         0.00         0.00         0.00         0.00        29.86         38.91       861.38       159.13     1,020.51        30.86       989.65
8082          1.00         0.00         0.00         0.00         0.00         0.00       120.51         0.00         0.00         0.00         0.00        14.02         42.21       662.86       174.08       836.94       135.53       701.41
7633          1.00         0.00         0.00         0.00         0.00         0.00         0.00         0.00         0.00         0.00         0.00        29.26         36.17       904.15       163.23     1,067.38        30.26     1,037.12
7984          1.00         0.00         0.00         0.00         0.00         0.00         0.00         0.00         0.00        10.10         0.00        29.87          0.00     1,236.79       180.28     1,417.07        40.97     1,376.10
7914          1.00         0.00         0.00         0.00         0.00         0.00         0.00         0.00         0.00         0.00         0.00        21.16         38.27       871.38       158.49     1,029.87        22.16     1,007.71
2897          1.00         0.00         0.00         0.00         0.00         0.00         0.00         0.00         0.00         0.00         0.00        24.10         35.53       914.15       162.59     1,076.74        25.10     1,051.64
5630          1.00         0.00         0.00         0.00         0.00         0.00         0.00         0.00         0.00         0.00         0.00        18.65         36.01       906.44       201.29     1,107.73        19.65     1,088.08
8007          1.00         0.00         0.00         0.00         0.00         0.00         0.00         0.00         0.00         0.00         0.00        29.24          3.22     1,178.33       172.55     1,350.88        30.24     1,320.64
8048          1.00         0.00         0.00         0.00         0.00         0.00         0.00         0.00         0.00       131.21         0.00        39.88          0.00     1,726.43       257.02     1,983.45       172.09     1,811.36
8052          1.00         0.00         0.00         0.00         0.00         0.00         0.00         0.00         0.00        51.67         0.00        37.19          0.00     1,608.00       239.68     1,847.68        89.86     1,757.82
7614          1.00         0.00         0.00         0.00         0.00         0.00         0.00         0.00         0.00        50.24         0.00        32.52          0.00     1,518.80       316.73     1,835.53        83.76     1,751.77
3318          1.00         0.00       500.00         0.00         0.00       510.55         0.00         0.00         0.00       229.37         0.00        66.49          0.00     2,411.11       313.42     2,724.53     1,307.41     1,417.12
7804          1.00         0.00        82.50         0.00         0.00         0.00         0.00         0.00         0.00        21.07         0.00        38.69          0.00     1,635.19       374.66     2,009.85       143.26     1,866.59
6083          1.00         0.00         0.00         0.00         0.00         0.00         0.00         0.00         0.00         0.00         0.00        32.68         28.21     1,028.44       279.12     1,307.56        33.68     1,273.88
6766          1.00         0.00         0.00         0.00         0.00         0.00         0.00         0.00         0.00        26.99         0.00        29.46          0.00     1,328.08       209.81     1,537.89        57.45     1,480.44
7982          1.00         0.00         0.00         0.00         0.00         0.00         0.00         0.00         0.00         8.39         0.00        29.62          0.00     1,236.79       180.28     1,417.07        39.01     1,378.06
8084          1.00         0.00         0.00         0.00         0.00         0.00         0.00         0.00         0.00         0.00         0.00        10.66         30.10       418.86        78.18       497.04        11.66       485.38
4137          1.00         0.00         0.00         0.00         0.00         0.00         0.00         0.00         0.00       428.71         0.00        91.14          0.00     3,401.43       777.42     4,178.85       520.85     3,658.00
8009          1.00         0.00         0.00         0.00         0.00         0.00         0.00         0.00         0.00         0.00         0.00        23.44         24.37     1,032.16       144.59     1,176.75        24.44     1,152.31
7542          1.00         0.00         0.00         0.00         0.00         0.00         0.00         0.00         0.00         0.00         0.00        32.55         35.64       927.03       175.57     1,102.60        33.55     1,069.05
8033          1.00         0.00         0.00         0.00         0.00         0.00         0.00         0.00         0.00         0.00         0.00        26.63         27.33     1,111.38       147.55     1,258.93        27.63     1,231.30
3780          1.00         0.00         0.00         0.00         0.00         0.00         0.00         0.00         0.00        16.24         0.00        40.70          0.00     1,590.74       480.05     2,070.79        57.94     2,012.85
8080          1.00         0.00         0.00         0.00         0.00         0.00       120.51         0.00         0.00         0.00         0.00        14.02         36.12       777.03       116.49       893.52       135.53       757.99
6205          1.00         0.00         0.00         0.00         0.00         0.00         0.00         0.00         0.00         0.00         0.00        26.43         32.33       964.06       218.87     1,182.93        27.43     1,155.50
5027          1.00         0.00         0.00         0.00         0.00         0.00         0.00         0.00         0.00         9.36         0.00        37.80          0.00     1,230.04       143.04     1,373.08        48.16     1,324.92

















































EJECUTIVOS EN SERVICIOS DE ALIMENTOS, S.A. DE C.V.                                                                      Pagina: 0003
R.F.C.:                                                                                                                    2/NOV/19
REPORTE DE SUELDOS SEMANALES DEDUCCIONES


 
Codigo Desc Vales   Desc Zapatos Otras Deducc Desc Fonacot Pension Alim Desc Infonav Faltas       Inca Enferme Inca Riesgo  ISPT         Ajus ISPT    IMSS          Sub P/Empleo Tot Per Grav Tot Per Exce Total Percep Total Deducc Neto Pagado
..........................................................................................................................................................................................................................................
7993          1.00         0.00         0.00         0.00         0.00         0.00         0.00         0.00         0.00         0.00         0.00        24.28         36.56     1,257.63       272.65     1,530.28        25.28     1,505.00
7818          1.00         0.00         0.00         0.00         0.00         0.00         0.00         0.00         0.00         0.00         0.00        31.89         29.77     1,004.04       172.81     1,176.85        32.89     1,143.96
7221          1.00         0.00         0.00         0.00         0.00         0.00         0.00         0.00         0.00         0.00         0.00        19.79         38.49       867.82       165.14     1,032.96        20.79     1,012.17
7815          1.00         0.00         0.00         0.00         0.00         0.00         0.00         0.00         0.00        20.23         0.00        31.68          0.00     1,296.85       120.22     1,417.07        52.91     1,364.16
6839          1.00         0.00         0.00         0.00         0.00         0.00         0.00         0.00         0.00         0.00         0.00        29.06         28.39       965.65       206.95     1,172.60        30.06     1,142.54
5646          1.00         0.00         0.00         0.00         0.00         0.00         0.00         0.00         0.00         0.00         0.00        29.91         35.53       914.15       247.67     1,161.82        30.91     1,130.91
8011          1.00         0.00         0.00         0.00         0.00         0.00         0.00         0.00         0.00        11.19         0.00        32.81          0.00     1,246.79       180.28     1,427.07        45.00     1,382.07
7708          1.00         0.00         0.00         0.00         0.00         0.00         0.00         0.00         0.00         0.00         0.00        30.04         35.53       914.15       162.59     1,076.74        31.04     1,045.70
7869          1.00         0.00         0.00         0.00         0.00         0.00         0.00         0.00         0.00         0.00         0.00        25.77         32.33       964.06       167.37     1,131.43        26.77     1,104.66
7973          1.00         0.00         0.00         0.00         0.00       176.72         0.00         0.00         0.00         0.00         0.00        19.82         45.36       861.38       165.58     1,026.96       197.54       829.42
8043          1.00         0.00         0.00         0.00         0.00         0.00         0.00         0.00         0.00         0.00         0.00        18.65         20.83     1,042.16       141.05     1,183.21        19.65     1,163.56
8012          1.00         0.00         0.00         0.00         0.00         0.00         0.00         0.00         0.00        16.24         0.00        24.74          0.00     1,293.22       236.09     1,529.31        41.98     1,487.33
5679          1.00         0.00         0.00         0.00         0.00         0.00         0.00         0.00         0.00        13.56         0.00        38.81          0.00     1,355.64       197.70     1,553.34        53.37     1,499.97
7530          1.00         0.00         0.00         0.00         0.00         0.00         0.00         0.00         0.00         0.00         0.00        31.72          9.08     1,120.15       355.01     1,475.16        32.72     1,442.44
8077          1.00         0.00         0.00         0.00         0.00         0.00         0.00         0.00         0.00         0.00         0.00        18.65         20.65     1,045.04       153.74     1,198.78        19.65     1,179.13
8076          1.00         0.00         0.00         0.00         0.00         0.00         0.00         0.00         0.00        12.58         0.00        19.98          0.00       932.81       108.17     1,040.98        33.56     1,007.42
6028          1.00         0.00         0.00         0.00         0.00       407.29         0.00         0.00         0.00        85.57         0.00        34.84          0.00     1,691.42       296.26     1,987.68       528.70     1,458.98
6565          0.00         0.00         0.00         0.00         0.00         0.00         0.00         0.00         0.00         0.00         0.00         0.00          0.00         0.00         0.00         0.00         0.00         0.00
3676          1.00         0.00         0.00         0.00         0.00         0.00         0.00         0.00         0.00        20.28         0.00        36.55          0.00     1,627.85       338.80     1,966.65        57.83     1,908.82
3221          1.00         0.00         0.00         0.00         0.00         0.00         0.00         0.00         0.00        22.18         0.00        33.29          0.00     1,347.81       356.66     1,704.47        56.47     1,648.00
7779          1.00         0.00         0.00         0.00         0.00         0.00         0.00         0.00         0.00         0.00         0.00        34.57         10.96     1,090.76       166.28     1,257.04        35.57     1,221.47
7942          1.00         0.00         0.00         0.00         0.00         0.00         0.00         0.00         0.00         0.00         0.00        23.28         21.47     1,032.16       141.69     1,173.85        24.28     1,149.57
8035          1.00         0.00         0.00         0.00         0.00         0.00         0.00         0.00         0.00         0.00         0.00        22.32         21.47     1,032.16       141.69     1,173.85        23.32     1,150.53
7845          1.00         0.00         0.00         0.00         0.00         0.00         0.00         0.00         0.00        11.98         0.00        38.22          0.00     1,254.04       143.04     1,397.08        51.20     1,345.88
7920          1.00         0.00         0.00         0.00         0.00         0.00         0.00         0.00         0.00         0.00         0.00        20.87         38.91       861.38       159.13     1,020.51        21.87       998.64
7996          1.00         0.00         0.00         0.00         0.00         0.00       432.60         0.00         0.00         0.00         0.00        13.56         58.42       753.15       106.50       859.65       447.16       412.49
2522          1.00         0.00         0.00         0.00         0.00         0.00         0.00         0.00         0.00         0.00         0.00        30.18         28.93     1,017.15       258.99     1,276.14        31.18     1,244.96
7080          1.00         0.00         0.00         0.00         0.00         0.00         0.00         0.00         0.00        34.28         0.00        40.71          0.00     1,459.02       246.22     1,705.24        75.99     1,629.25
5965          1.00         0.00         0.00         0.00         0.00         0.00         0.00         0.00         0.00         0.00         0.00        33.81          2.16     1,188.13       173.06     1,361.19        34.81     1,326.38
5447          1.00         0.00         0.00         0.00         0.00         0.00         0.00         0.00         0.00         0.00         0.00        32.77         26.15     1,004.04       169.19     1,173.23        33.77     1,139.46
7932          1.00         0.00         0.00         0.00         0.00         0.00         0.00         0.00         0.00         0.00         0.00        27.78         30.85       987.26       189.69     1,176.95        28.78     1,148.17
6685          1.00         0.00         0.00         0.00         0.00         0.00         0.00         0.00         0.00         0.00         0.00        36.20         29.39       952.78       195.07     1,147.85        37.20     1,110.65
8056          1.00         0.00         0.00         0.00         0.00         0.00         0.00         0.00         0.00        31.66         0.00        27.97          0.00     1,434.93       227.31     1,662.24        60.63     1,601.61
5549          1.00         0.00         0.00         0.00         0.00         0.00         0.00         0.00         0.00         0.00         0.00        34.27         21.25     1,035.65       199.81     1,235.46        35.27     1,200.19
0854          1.00         0.00         0.00         0.00         0.00       332.71         0.00         0.00         0.00       141.83         0.00        41.49          0.00     1,823.99       394.58     2,218.57       517.03     1,701.54
7295          1.00        56.00         0.00         0.00         0.00         0.00         0.00         0.00         0.00         0.00         0.00        32.47         35.64       927.03       175.57     1,102.60        89.47     1,013.13
8059          1.00         0.00         0.00         0.00         0.00         0.00         0.00         0.00         0.00         0.00         0.00        18.65         38.27       871.38       158.49     1,029.87        19.65     1,010.22
4807          1.00         0.00         0.00         0.00         0.00         0.00         0.00         0.00         0.00       566.25         0.00       110.77          0.00     4,045.35       847.87     4,893.22       678.02     4,215.20
8018          1.00         0.00         0.00         0.00         0.00         0.00         0.00         0.00         0.00        46.18         0.00        30.86          0.00     1,504.49       361.68     1,866.17        78.04     1,788.13
3169          1.00         0.00         0.00         0.00         0.00         0.00         0.00         0.00         0.00         0.00         0.00        29.07         35.53       914.15       162.59     1,076.74        30.07     1,046.67
4514          1.00         0.00         0.00         0.00         0.00       365.24         0.00         0.00         0.00        23.03         0.00        34.54          0.00     1,355.64       197.70     1,553.34       423.81     1,129.53
7814          1.00         0.00         0.00         0.00         0.00         0.00         0.00         0.00         0.00         0.00         0.00        31.42         29.77     1,004.04       172.81     1,176.85        32.42     1,144.43
7754          1.00         0.00         0.00         0.00         0.00         0.00       120.51         0.00         0.00         0.00         0.00        21.18         54.75       796.38       155.22       951.60       142.69       808.91

















































EJECUTIVOS EN SERVICIOS DE ALIMENTOS, S.A. DE C.V.                                                                      Pagina: 0004
R.F.C.:                                                                                                                    2/NOV/19
REPORTE DE SUELDOS SEMANALES DEDUCCIONES


 
Codigo Desc Vales   Desc Zapatos Otras Deducc Desc Fonacot Pension Alim Desc Infonav Faltas       Inca Enferme Inca Riesgo  ISPT         Ajus ISPT    IMSS          Sub P/Empleo Tot Per Grav Tot Per Exce Total Percep Total Deducc Neto Pagado
..........................................................................................................................................................................................................................................
7717          1.00         0.00         0.00         0.00         0.00         0.00         0.00         0.00         0.00        27.83         0.00        32.05          0.00     1,399.73       283.77     1,683.50        60.88     1,622.62
6014          1.00         0.00         0.00         0.00         0.00         0.00         0.00         0.00         0.00        18.69         0.00        32.26          0.00     1,402.68       288.86     1,691.54        51.95     1,639.59
7775          1.00         0.00         0.00         0.00         0.00         0.00         0.00         0.00         0.00         0.00         0.00        23.55         38.90       861.38       159.12     1,020.50        24.55       995.95
3827          1.00         0.00         0.00         0.00         0.00         0.00         0.00         0.00         0.00         0.00         0.00        38.31          7.62     1,137.88       367.96     1,505.84        39.31     1,466.53
8054          1.00         0.00         0.00         0.00         0.00         0.00       144.20         0.00         0.00         0.00         0.00        16.69         50.20       785.30       146.37       931.67       161.89       769.78
5412          1.00         0.00         0.00         0.00         0.00         0.00         0.00         0.00         0.00         0.00         0.00        27.20         36.17       904.15       163.23     1,067.38        28.20     1,039.18
7995          1.00         0.00         0.00         0.00         0.00         0.00         0.00         0.00         0.00         0.00         0.00        20.37         20.83     1,042.16       141.05     1,183.21        21.37     1,161.84
7395          1.00         0.00         0.00         0.00         0.00         0.00         0.00         0.00         0.00         0.00         0.00        24.99         11.43     1,083.58       146.47     1,230.05        25.99     1,204.06
0214          1.00         0.00         0.00         0.00         0.00         0.00         0.00         0.00         0.00       510.36         0.00       110.48          0.00     3,783.66       586.18     4,369.84       621.84     3,748.00
7849          1.00         0.00         0.00         0.00         0.00         0.00         0.00         0.00         0.00         0.00         0.00        23.66         26.32     1,057.91       172.29     1,230.20        24.66     1,205.54
5232          1.00         0.00         0.00         0.00         0.00         0.00         0.00         0.00         0.00        53.10         0.00        51.89          0.00     1,545.06       330.22     1,875.28       105.99     1,769.29
8019          1.00         0.00         0.00         0.00         0.00         0.00         0.00         0.00         0.00         0.00         0.00        23.55         21.47     1,032.16       141.69     1,173.85        24.55     1,149.30
4958          1.00         0.00         0.00         0.00         0.00         0.00         0.00         0.00         0.00         0.00         0.00        32.56         35.53       914.15       162.59     1,076.74        33.56     1,043.18
3979          1.00         0.00         0.00         0.00         0.00         0.00         0.00         0.00         0.00       420.97         0.00       106.06          0.00     3,365.20       519.23     3,884.43       528.03     3,356.40
0442          1.00         0.00         0.00         0.00         0.00         0.00         0.00         0.00         0.00        46.68         0.00        40.71          0.00     1,486.03       311.45     1,797.48        88.39     1,709.09
7330          0.00         0.00         0.00         0.00         0.00         0.00         0.00         0.00         0.00         0.00         0.00         0.00          0.00         0.00         0.00         0.00         0.00         0.00
8079          1.00         0.00         0.00         0.00         0.00         0.00         0.00         0.00         0.00         0.00         0.00        15.99         34.01       727.93       134.48       862.41        16.99       845.42
7846          1.00         0.00         0.00         0.00         0.00         0.00         0.00         0.00         0.00         0.00         0.00        33.30         29.14     1,014.04       172.18     1,186.22        34.30     1,151.92
8062          0.00         0.00         0.00         0.00         0.00         0.00       120.51         0.00         0.00         0.00         0.00        16.69         43.83       896.85        43.83       940.68       137.20       803.48
7823          1.00         0.00         0.00         0.00         0.00         0.00         0.00         0.00         0.00         0.00         0.00        30.43         41.47       922.88       213.19     1,136.07        31.43     1,104.64
7298          1.00         0.00         0.00         0.00         0.00         0.00         0.00         0.00         0.00        51.56         0.00        35.91          0.00     1,530.97       270.37     1,801.34        88.47     1,712.87
7963          1.00         0.00         0.00         0.00         0.00         0.00         0.00         0.00         0.00         0.00         0.00        23.09         37.44       884.26       170.53     1,054.79        24.09     1,030.70
5396          1.00         0.00         0.00         0.00         0.00         0.00         0.00         0.00         0.00         0.00         0.00        31.74         35.53       914.15       162.59     1,076.74        32.74     1,044.00
7989          1.00         0.00         0.00         0.00         0.00         0.00         0.00         0.00         0.00         0.00         0.00        19.80         38.91       861.38       159.13     1,020.51        20.80       999.71
7588          1.00         0.00         0.00         0.00         0.00         0.00         0.00         0.00         0.00         0.00         0.00        25.35         35.53       914.15       162.59     1,076.74        26.35     1,050.39
7821          1.00         0.00         0.00         0.00         0.00         0.00       361.53         0.00         0.00         0.00         0.00        18.44         52.44       837.76       124.16       961.92       380.97       580.95
6203          1.00         0.00         0.00         0.00         0.00         0.00         0.00         0.00         0.00        12.81         0.00        30.34          0.00     1,261.73       135.04     1,396.77        44.15     1,352.62
6582          1.00         0.00         0.00         0.00         0.00         0.00       241.02         0.00         0.00         0.00         0.00        17.66         43.95       835.65       154.65       990.30       259.68       730.62
8060          1.00         0.00         0.00         0.00         0.00         0.00         0.00         0.00         0.00         0.00         0.00        18.65         38.90       861.38       159.12     1,020.50        19.65     1,000.85
7226          1.00         0.00         0.00         0.00         0.00         0.00         0.00         0.00         0.00         0.00         0.00        26.91         29.14     1,014.04       172.18     1,186.22        27.91     1,158.31
7885          1.00         0.00         0.00         0.00         0.00         0.00         0.00         0.00         0.00         0.00         0.00        28.37         37.44       884.26       170.53     1,054.79        29.37     1,025.42
3326          1.00         0.00         0.00         0.00         0.00       352.72         0.00         0.00         0.00        47.98         0.00        38.70          0.00     1,498.02       220.48     1,718.50       440.40     1,278.10
0449          1.00         0.00         0.00         0.00         0.00       447.60         0.00         0.00         0.00        11.98         0.00        39.77          0.00     1,254.04       143.04     1,397.08       500.35       896.73
6934          1.00         0.00         0.00         0.00         0.00         0.00         0.00         0.00         0.00       342.85         0.00        86.57          0.00     2,999.45       460.71     3,460.16       430.42     3,029.74
7137          1.00         0.00         0.00         0.00         0.00         0.00         0.00         0.00         0.00        53.46         0.00        38.06          0.00     1,548.38       261.90     1,810.28        92.52     1,717.76
6682          1.00         0.00         0.00         0.00         0.00         0.00       144.20         0.00         0.00         0.00         0.00        17.72         50.20       785.30       146.37       931.67       162.92       768.75
1269          1.00         0.00         0.00         0.00         0.00         0.00         0.00         0.00         0.00         0.00         0.00        25.01         36.17       904.15       163.23     1,067.38        26.01     1,041.37
7890          1.00         0.00         0.00         0.00         0.00         0.00         0.00         0.00         0.00         0.00         0.00        30.80          5.43     1,158.04       215.77     1,373.81        31.80     1,342.01
8031          1.00         0.00         0.00         0.00         0.00         0.00         0.00         0.00         0.00         0.00         0.00        19.98         37.44       884.26       170.53     1,054.79        20.98     1,033.81
1419          1.00         0.00         0.00         0.00         0.00       412.37         0.00         0.00         0.00        55.99         0.00        39.51          0.00     1,571.66       232.26     1,803.92       508.87     1,295.05
8067          1.00         0.00         0.00         0.00         0.00         0.00         0.00         0.00         0.00         0.00         0.00        18.65         38.27       871.38       158.49     1,029.87        19.65     1,010.22
8039          0.00         0.00         0.00         0.00         0.00         0.00       120.51         0.00         0.00         0.00         0.00        16.69         45.83       896.85        45.83       942.68       137.20       805.48
3525          1.00         0.00         0.00         0.00         0.00         0.00         0.00         0.00         0.00        10.04         0.00        38.03          0.00     1,236.26       209.81     1,446.07        49.07     1,397.00

















































EJECUTIVOS EN SERVICIOS DE ALIMENTOS, S.A. DE C.V.                                                                      Pagina: 0005
R.F.C.:                                                                                                                    2/NOV/19
REPORTE DE SUELDOS SEMANALES DEDUCCIONES


 
Codigo Desc Vales   Desc Zapatos Otras Deducc Desc Fonacot Pension Alim Desc Infonav Faltas       Inca Enferme Inca Riesgo  ISPT         Ajus ISPT    IMSS          Sub P/Empleo Tot Per Grav Tot Per Exce Total Percep Total Deducc Neto Pagado
..........................................................................................................................................................................................................................................
8036          1.00         0.00         0.00         0.00         0.00         0.00         0.00         0.00         0.00         0.00         0.00        22.04         38.27       871.38       209.99     1,081.37        23.04     1,058.33
6885          1.00         0.00         0.00         0.00         0.00         0.00         0.00         0.00         0.00         0.00         0.00        34.78         35.53       914.15       162.59     1,076.74        35.78     1,040.96
7907          1.00         0.00         0.00         0.00         0.00         0.00         0.00         0.00         0.00       133.44         0.00        41.97          0.00     1,746.85       277.44     2,024.29       176.41     1,847.88
4775          1.00         0.00         0.00         0.00         0.00         0.00         0.00         0.00         0.00         0.00         0.00        30.59         12.06     1,077.15       190.62     1,267.77        31.59     1,236.18
8069          1.00         0.00         0.00         0.00         0.00         0.00         0.00         0.00         0.00       159.47         0.00        38.17          0.00     1,986.15       538.92     2,525.07       198.64     2,326.43
4832          1.00         0.00         0.00         0.00         0.00         0.00         0.00         0.00         0.00         0.00         0.00        26.16         37.40       914.15       192.82     1,106.97        27.16     1,079.81
3321          1.00         0.00         0.00         0.00         0.00         0.00         0.00         0.00         0.00       226.23         0.00        59.76          0.00     2,393.59       350.54     2,744.13       286.99     2,457.14
0624          1.00         0.00         0.00         0.00         0.00         0.00         0.00         0.00         0.00       179.96         0.00        49.86          0.00     2,114.46       430.35     2,544.81       230.82     2,313.99
6877          1.00         0.00         0.00       226.89         0.00         0.00         0.00         0.00         0.00        11.88         0.00        28.62          0.00     1,253.16       163.91     1,417.07       268.39     1,148.68
4385          1.00         0.00         0.00         0.00         0.00         0.00         0.00         0.00         0.00        48.74         0.00        35.82          0.00     1,504.95       199.19     1,704.14        85.56     1,618.58
8030          1.00         0.00         0.00         0.00         0.00         0.00       120.51         0.00         0.00         0.00         0.00        22.69         52.33       939.10       152.80     1,091.90       144.20       947.70
0366          1.00         0.00         0.00         0.00         0.00         0.00         0.00         0.00         0.00       439.43         0.00        89.85          0.00     3,451.60       913.50     4,365.10       530.28     3,834.82
8072          1.00         0.00         0.00         0.00         0.00         0.00       241.02         0.00         0.00         0.00         0.00        14.72         47.64       895.48       128.01     1,023.49       256.74       766.75
6206          1.00         0.00         0.00         0.00         0.00         0.00         0.00         0.00         0.00       125.60         0.00        44.98          0.00     1,795.60       308.62     2,104.22       171.58     1,932.64
8034          1.00         0.00         0.00         0.00         0.00         0.00       120.51         0.00         0.00         0.00         0.00        22.81         35.69       939.10       136.16     1,075.26       144.32       930.94
7618          1.00         0.00         0.00         0.00         0.00         0.00         0.00         0.00         0.00         0.00         0.00        31.38         42.19     1,010.71       265.81     1,276.52        32.38     1,244.14
 
*** GLO     181.00        56.00     1,082.50       588.99         0.00     5,020.96     3,325.33         0.00         0.00     6,570.94         0.00     5,795.21      3,950.94   226,017.06                266,440.16    22,620.93   243,819.23
  









































































