EJECUTIVOS EN SERVICIOS DE ALIMENTOS, S.A. DE C.V.                                                                      Pagina: 0001
R.F.C.:                                                                                                                    2/NOV/19
REPORTE DE SUELDOS SEMANALES DEDUCCIONES


 
Codigo Desc Vales   Desc Zapatos Otras Deducc Desc Fonacot Pension Alim Desc Infonav Faltas       Inca Enferme Inca Riesgo  ISPT         Ajus ISPT    IMSS          Sub P/Empleo Tot Per Grav Tot Per Exce Total Percep Total Deducc Neto Pagado
..........................................................................................................................................................................................................................................
7879          1.00         0.00         0.00         0.00         0.00         0.00         0.00         0.00         0.00       255.06         0.00        26.87          0.00     2,328.09       236.09     2,564.18       282.93     2,281.25
6600          1.00         0.00         0.00         0.00         0.00       246.12         0.00         0.00         0.00         0.00         0.00        21.43         45.56       981.40       211.24     1,192.64       268.55       924.09
7685          1.00         0.00         0.00         0.00         0.00         0.00         0.00         0.00         0.00         0.00         0.00        24.83         36.09       914.15       214.65     1,128.80        25.83     1,102.97
7331          1.00         0.00         0.00         0.00         0.00         0.00         0.00         0.00         0.00       124.10         0.00        27.66          0.00     2,048.65       191.03     2,239.68       152.76     2,086.92
5933          1.00         0.00         0.00         0.00         0.00         0.00         0.00         0.00         0.00       125.11         0.00        25.05          0.00     2,030.03       165.68     2,195.71       151.16     2,044.55
7170          1.00         0.00         0.00         0.00         0.00         0.00         0.00         0.00         0.00       117.85         0.00        25.92          0.00     1,914.15       127.06     2,041.21       144.77     1,896.44
5201          1.00         0.00         0.00         0.00         0.00       335.50         0.00         0.00         0.00        68.20         0.00        36.80          0.00     1,607.77       330.23     1,938.00       441.50     1,496.50
3890          1.00         0.00         0.00         0.00         0.00         0.00         0.00         0.00         0.00       178.37         0.00        54.41          0.00     2,104.51       319.12     2,423.63       233.78     2,189.85
7834          1.00         0.00         0.00         0.00         0.00         0.00         0.00         0.00         0.00         0.00         0.00        23.58         29.39     1,014.04       172.43     1,186.47        24.58     1,161.89
3652          1.00         0.00         0.00         0.00         0.00       456.67         0.00         0.00         0.00       149.80         0.00        56.22          0.00     1,925.94       290.55     2,216.49       663.69     1,552.80
1123          1.00         0.00         0.00         0.00         0.00         0.00         0.00         0.00         0.00        13.57         0.00        33.05          0.00     1,355.64       197.70     1,553.34        47.62     1,505.72
7959          1.00         0.00         0.00         0.00         0.00         0.00         0.00         0.00         0.00         0.00         0.00        19.71         38.91       861.38       159.13     1,020.51        20.71       999.80
7977          1.00         0.00         0.00         0.00         0.00         0.00         0.00         0.00         0.00         0.00         0.00        18.65         21.47     1,032.16       141.69     1,173.85        19.65     1,154.20
7259          1.00         0.00         0.00         0.00         0.00         0.00         0.00         0.00         0.00       110.96         0.00        26.72          0.00     1,904.15       127.06     2,031.21       138.68     1,892.53
7312          1.00         0.00         0.00         0.00         0.00         0.00         0.00         0.00         0.00       115.09         0.00        23.53          0.00     1,963.92       250.91     2,214.83       139.62     2,075.21
7975          1.00         0.00         0.00         0.00         0.00         0.00         0.00         0.00         0.00         0.00         0.00        18.65         25.57     1,032.16       145.79     1,177.95        19.65     1,158.30
7338          1.00         0.00         0.00         0.00         0.00         0.00         0.00         0.00         0.00       128.58         0.00        27.26          0.00     2,014.04       143.04     2,157.08       156.84     2,000.24
5677          1.00         0.00         0.00         0.00         0.00         0.00         0.00         0.00         0.00         0.00         0.00        35.87         12.25     1,481.07       335.38     1,816.45        36.87     1,779.58
7896          1.00         0.00         0.00         0.00         0.00         0.00         0.00         0.00         0.00       151.90         0.00        26.64          0.00     2,244.75       351.97     2,596.72       179.54     2,417.18
7943          1.00         0.00         0.00         0.00         0.00         0.00         0.00         0.00         0.00       116.64         0.00        20.30          0.00     1,948.63       158.84     2,107.47       137.94     1,969.53
7812          1.00         0.00         0.00         0.00         0.00         0.00         0.00         0.00         0.00        87.74         0.00        27.95          0.00     1,871.38       120.22     1,991.60       116.69     1,874.91
0849          1.00         0.00         0.00         0.00         0.00         0.00         0.00         0.00         0.00       114.67         0.00        31.54          0.00     1,960.00       174.97     2,134.97       147.21     1,987.76
7536          1.00         0.00         0.00         0.00         0.00         0.00       120.51         0.00         0.00         0.00         0.00        22.06         40.57       870.76       213.73     1,084.49       143.57       940.92
7430          1.00         0.00         0.00         0.00         0.00         0.00         0.00         0.00         0.00       271.94         0.00        61.86          0.00     2,648.67       742.20     3,390.87       334.80     3,056.07
5181          1.00         0.00         0.00         0.00         0.00         0.00         0.00         0.00         0.00       102.72         0.00        22.43          0.00     1,914.15       127.06     2,041.21       126.15     1,915.06
5429          1.00         0.00         0.00         0.00         0.00         0.00         0.00         0.00         0.00       346.96         0.00        77.74          0.00     3,018.72       560.97     3,579.69       425.70     3,153.99
7655          1.00         0.00         0.00         0.00         0.00         0.00         0.00         0.00         0.00       112.90         0.00        26.86          0.00     1,878.12       258.42     2,136.54       140.76     1,995.78
7057          1.00         0.00         0.00         0.00         0.00         0.00         0.00         0.00         0.00         0.00         0.00        26.32         53.36       688.39       138.31       826.70        27.32       799.38
5558          1.00         0.00         0.00         0.00         0.00         0.00         0.00         0.00         0.00       108.93         0.00        24.77          0.00     1,881.38       181.66     2,063.04       134.70     1,928.34
4746          1.00         0.00         0.00         0.00         0.00       344.19         0.00         0.00         0.00        37.04         0.00        32.75          0.00     1,397.47       195.95     1,593.42       414.98     1,178.44
7663          1.00         0.00         0.00         0.00         0.00         0.00         0.00         0.00         0.00         0.00         0.00        28.66          8.95     1,125.72       129.17     1,254.89        29.66     1,225.23
7773          1.00         0.00         0.00         0.00         0.00         0.00         0.00         0.00         0.00         0.00         0.00        25.71          1.85     1,190.91       231.91     1,422.82        26.71     1,396.11
1424          1.00         0.00         0.00         0.00         0.00       466.38         0.00         0.00         0.00       294.93         0.00        73.68          0.00     2,775.11       606.14     3,381.25       835.99     2,545.26
5280          1.00         0.00         0.00       362.10         0.00       435.11         0.00         0.00         0.00       152.33         0.00        48.16          0.00     1,920.48       289.67     2,210.15       998.70     1,211.45
7742          0.00         0.00         0.00         0.00         0.00         0.00       144.20         0.00         0.00         0.00         0.00        21.48         38.56       921.17        38.56       959.73       165.68       794.05
7883          1.00         0.00         0.00         0.00         0.00         0.00         0.00         0.00         0.00       120.71         0.00        23.91          0.00     2,015.56       238.04     2,253.60       145.62     2,107.98
6461          1.00         0.00       300.00         0.00         0.00         0.00         0.00         0.00         0.00        10.77         0.00        26.97          0.00     1,243.04       273.84     1,516.88       338.74     1,178.14
6765          1.00         0.00         0.00         0.00         0.00         0.00         0.00         0.00         0.00       239.49         0.00        49.12          0.00     2,484.22       479.90     2,964.12       289.61     2,674.51
7909          1.00         0.00         0.00         0.00         0.00         0.00         0.00         0.00         0.00       109.23         0.00        23.56          0.00     1,910.01       210.34     2,120.35       133.79     1,986.56
5000          1.00         0.00         0.00         0.00         0.00         0.00         0.00         0.00         0.00         4.80         0.00        29.62          0.00     1,188.13       170.90     1,359.03        35.42     1,323.61
7915          1.00         0.00         0.00         0.00         0.00         0.00         0.00         0.00         0.00       126.63         0.00        25.06          0.00     2,070.01       223.22     2,293.23       152.69     2,140.54
7925          1.00         0.00         0.00         0.00         0.00         0.00         0.00         0.00         0.00        11.19         0.00        29.64          0.00     1,246.79       180.28     1,427.07        41.83     1,385.24
5644          1.00         0.00         0.00         0.00         0.00       337.88         0.00         0.00         0.00         0.00         0.00        30.54          5.13     1,160.83       196.77     1,357.60       369.42       988.18

















































EJECUTIVOS EN SERVICIOS DE ALIMENTOS, S.A. DE C.V.                                                                      Pagina: 0002
R.F.C.:                                                                                                                    2/NOV/19
REPORTE DE SUELDOS SEMANALES DEDUCCIONES


 
Codigo Desc Vales   Desc Zapatos Otras Deducc Desc Fonacot Pension Alim Desc Infonav Faltas       Inca Enferme Inca Riesgo  ISPT         Ajus ISPT    IMSS          Sub P/Empleo Tot Per Grav Tot Per Exce Total Percep Total Deducc Neto Pagado
..........................................................................................................................................................................................................................................
6638          1.00         0.00         0.00         0.00         0.00         0.00         0.00         0.00         0.00       116.46         0.00        24.95          0.00     1,991.40       165.68     2,157.08       142.41     2,014.67
7800          1.00         0.00         0.00         0.00         0.00         0.00         0.00         0.00         0.00        87.74         0.00        20.63          0.00     1,871.38       120.22     1,991.60       109.37     1,882.23
7960          1.00         0.00         0.00         0.00         0.00         0.00         0.00         0.00         0.00         0.00         0.00        21.38         33.91       871.38       205.63     1,077.01        22.38     1,054.63
6690          1.00         0.00         0.00         0.00         0.00         0.00         0.00         0.00         0.00       106.66         0.00        23.12          0.00     1,846.01       165.68     2,011.69       130.78     1,880.91
7168          1.00         0.00         0.00         0.00         0.00         0.00         0.00         0.00         0.00         0.00         0.00        26.76         35.53       914.15       214.09     1,128.24        27.76     1,100.48
7786          0.00         0.00         0.00         0.00         0.00         0.00         0.00         0.00         0.00         0.00         0.00        18.65         28.03       981.60        28.03     1,009.63        18.65       990.98
7971          0.00         0.00         0.00         0.00         0.00         0.00         0.00         0.00         0.00         0.00         0.00         0.00          0.00         0.00         0.00         0.00         0.00         0.00
7980          1.00         0.00         0.00         0.00         0.00         0.00         0.00         0.00         0.00        26.96         0.00        23.98          0.00     1,228.38       213.37     1,441.75        51.94     1,389.81
4314          1.00         0.00         0.00         0.00         0.00         0.00         0.00         0.00         0.00       157.18         0.00        48.63          0.00     1,965.08       598.58     2,563.66       206.81     2,356.85
7935          0.00         0.00         0.00         0.00         0.00       718.22         0.00         0.00         0.00         0.00         0.00        21.89         17.54     1,152.58        17.54     1,170.12       740.11       430.01
7848          1.00         0.00       100.00         0.00         0.00         0.00         0.00         0.00         0.00         0.00         0.00        20.35         37.25       887.13       183.22     1,070.35       121.35       949.00
7632          1.00         0.00         0.00         0.00         0.00         0.00         0.00         0.00         0.00       114.01         0.00        28.01          0.00     1,894.77       139.93     2,034.70       143.02     1,891.68
7873          1.00         0.00         0.00         0.00         0.00         0.00         0.00         0.00         0.00        91.20         0.00        27.77          0.00     1,871.38       171.72     2,043.10       119.97     1,923.13
6504          0.00         0.00         0.00         0.00         0.00         0.00         0.00         0.00         0.00         0.00         0.00         0.00          0.00         0.00         0.00         0.00         0.00         0.00
7905          0.00         0.00         0.00         0.00         0.00         0.00         0.00         0.00         0.00         0.00         0.00         0.00          0.00         0.00         0.00         0.00         0.00         0.00
7801          1.00         0.00         0.00         0.00         0.00         0.00       120.51         0.00         0.00         0.00         0.00        19.87         44.88       796.38       145.35       941.73       141.38       800.35
7918          1.00         0.00         0.00         0.00         0.00         0.00         0.00         0.00         0.00       250.44         0.00        26.95          0.00     2,198.76       351.97     2,550.73       278.39     2,272.34
7061          1.00         0.00         0.00         0.00         0.00         0.00         0.00         0.00         0.00         0.00         0.00        28.40         13.86     1,144.45       177.77     1,322.22        29.40     1,292.82
7847          1.00         0.00         0.00         0.00         0.00         0.00         0.00         0.00         0.00        87.36         0.00        24.88          0.00     1,861.38       120.22     1,981.60       113.24     1,868.36
7633          1.00         0.00         0.00         0.00         0.00         0.00         0.00         0.00         0.00        82.24         0.00        27.07          0.00     1,807.38       127.06     1,934.44       110.31     1,824.13
7906          1.00         0.00         0.00       489.21         0.00         0.00         0.00         0.00         0.00       144.55         0.00        43.00          0.00     1,848.95       461.22     2,310.17       677.76     1,632.41
7984          1.00         0.00         0.00         0.00         0.00         0.00         0.00         0.00         0.00         0.00         0.00        15.98          0.30       687.43        72.41       759.84        16.98       742.86
7914          1.00         0.00         0.00         0.00         0.00         0.00         0.00         0.00         0.00         0.00         0.00        22.06         38.26       871.38       158.48     1,029.86        23.06     1,006.80
2897          1.00         0.00         0.00         0.00         0.00         0.00         0.00         0.00         0.00        82.25         0.00        21.89          0.00     1,807.43       127.06     1,934.49       105.14     1,829.35
7981          0.00         0.00         0.00         0.00         0.00         0.00         0.00         0.00         0.00         0.00         0.00         0.00          0.00         0.00         0.00         0.00         0.00         0.00
7614          1.00         0.00         0.00         0.00         0.00         0.00         0.00         0.00         0.00        16.50         0.00        34.01          0.00     1,295.66       189.70     1,485.36        51.51     1,433.85
3318          1.00         0.00         0.00         0.00         0.00       510.55         0.00         0.00         0.00       217.18         0.00        70.51          0.00     2,411.11       313.42     2,724.53       799.24     1,925.29
7804          1.00         0.00         0.00         0.00         0.00         0.00         0.00         0.00         0.00        13.35         0.00        38.29          0.00     1,564.18       232.66     1,796.84        52.64     1,744.20
6083          1.00         0.00         0.00         0.00         0.00         0.00         0.00         0.00         0.00       146.30         0.00        29.01          0.00     2,274.22       263.79     2,538.01       176.31     2,361.70
6766          1.00         0.00         0.00         0.00         0.00         0.00         0.00         0.00         0.00         0.00         0.00        26.99         14.96     1,134.45       178.87     1,313.32        27.99     1,285.33
7982          1.00         0.00         0.00         0.00         0.00         0.00         0.00         0.00         0.00         0.00         0.00        15.98         21.68       500.71        93.79       594.50        16.98       577.52
4137          1.00         0.00         0.00         0.00         0.00         0.00         0.00         0.00         0.00       458.69         0.00        88.97          0.00     3,541.79       917.77     4,459.56       548.66     3,910.90
7913          1.00         0.00         0.00         0.00         0.00         0.00         0.00         0.00         0.00        92.36         0.00        20.79          0.00     1,871.38       120.22     1,991.60       114.15     1,877.45
7542          1.00         0.00         0.00         0.00         0.00         0.00         0.00         0.00         0.00       117.85         0.00        27.83          0.00     1,914.15       127.06     2,041.21       146.68     1,894.53
7978          0.00         0.00         0.00         0.00         0.00         0.00       482.04         0.00         0.00         0.00         0.00         8.13         25.16       637.71        25.16       662.87       490.17       172.70
3780          1.00         0.00         0.00         0.00         0.00         0.00         0.00         0.00         0.00       181.61         0.00        43.02          0.00     1,729.13       361.58     2,090.71       225.63     1,865.08
7969          1.00         0.00         0.00         0.00         0.00         0.00         0.00         0.00         0.00         0.00         0.00        22.16         24.82       979.89       145.04     1,124.93        23.16     1,101.77
6205          1.00         0.00         0.00         0.00         0.00         0.00         0.00         0.00         0.00       124.91         0.00        24.05          0.00     2,054.18       238.04     2,292.22       149.96     2,142.26
5027          1.00         0.00         0.00         0.00         0.00         0.00         0.00         0.00         0.00       253.85         0.00        35.49          0.00     2,230.04       143.04     2,373.08       290.34     2,082.74
7949          1.00         0.00         0.00         0.00         0.00         0.00         0.00         0.00         0.00        92.36         0.00        22.83          0.00     1,871.38       120.22     1,991.60       116.19     1,875.41
7818          1.00         0.00         0.00         0.00         0.00         0.00       144.20         0.00         0.00         0.00         0.00        26.00         40.31       899.43       154.74     1,054.17       171.20       882.97
7958          0.00         0.00         0.00         0.00         0.00         0.00         0.00         0.00         0.00         0.00         0.00         0.00          0.00         0.00         0.00         0.00         0.00         0.00
7815          1.00         0.00         0.00         0.00         0.00         0.00         0.00         0.00         0.00       102.82         0.00        26.42          0.00     1,861.38       120.22     1,981.60       130.24     1,851.36

















































EJECUTIVOS EN SERVICIOS DE ALIMENTOS, S.A. DE C.V.                                                                      Pagina: 0003
R.F.C.:                                                                                                                    2/NOV/19
REPORTE DE SUELDOS SEMANALES DEDUCCIONES


 
Codigo Desc Vales   Desc Zapatos Otras Deducc Desc Fonacot Pension Alim Desc Infonav Faltas       Inca Enferme Inca Riesgo  ISPT         Ajus ISPT    IMSS          Sub P/Empleo Tot Per Grav Tot Per Exce Total Percep Total Deducc Neto Pagado
..........................................................................................................................................................................................................................................
6839          1.00         0.00         0.00         0.00         0.00         0.00         0.00         0.00         0.00        75.87         0.00        24.24          0.00     1,707.59       206.92     1,914.51       101.11     1,813.40
5646          1.00         0.00         0.00         0.00         0.00         0.00         0.00         0.00         0.00       126.25         0.00        28.14          0.00     1,991.40       165.68     2,157.08       155.39     2,001.69
7708          1.00         0.00         0.00         0.00         0.00         0.00         0.00         0.00         0.00       343.41         0.00        23.04          0.00     2,914.15       127.06     3,041.21       367.45     2,673.76
7985          1.00         0.00         0.00         0.00         0.00         0.00         0.00         0.00         0.00         0.00         0.00        10.66         20.30       522.39        80.58       602.97        11.66       591.31
7869          1.00         0.00         0.00         0.00         0.00         0.00         0.00         0.00         0.00         0.00         0.00        23.81         32.82       964.06       219.36     1,183.42        24.81     1,158.61
7882          1.00         0.00         0.00         0.00         0.00         0.00         0.00         0.00         0.00         0.00         0.00        19.77         38.91       861.38       159.13     1,020.51        20.77       999.74
7973          1.00         0.00         0.00         0.00         0.00       187.89       144.20         0.00         0.00         0.00         0.00        16.69         53.63       785.30       149.80       935.10       349.78       585.32
5679          1.00         0.00         0.00         0.00         0.00         0.00         0.00         0.00         0.00       126.71         0.00        37.71          0.00     1,778.96       401.51     2,180.47       165.42     2,015.05
7892          1.00         0.00         0.00         0.00         0.00         0.00       120.51         0.00         0.00         0.00         0.00        25.37         41.75       915.61       161.29     1,076.90       146.88       930.02
7530          1.00         0.00         0.00         0.00         0.00         0.00         0.00         0.00         0.00       120.30         0.00        27.71          0.00     1,952.63       230.06     2,182.69       149.01     2,033.68
6028          1.00         0.00         0.00         0.00         0.00       407.29         0.00         0.00         0.00       192.15         0.00        31.58          0.00     1,825.94       296.26     2,122.20       632.02     1,490.18
6565          0.00         0.00         0.00         0.00         0.00         0.00         0.00         0.00         0.00         0.00         0.00         0.00          0.00         0.00         0.00         0.00         0.00         0.00
3676          1.00         0.00         0.00         0.00         0.00         0.00         0.00         0.00         0.00         0.00         0.00        38.00          9.06     1,510.26       347.86     1,858.12        39.00     1,819.12
3221          1.00        56.00         0.00         0.00         0.00         0.00         0.00         0.00         0.00         0.00         0.00        33.20         29.18     1,325.39       363.42     1,688.81        90.20     1,598.61
7741          1.00        56.00         0.00         0.00         0.00         0.00         0.00         0.00         0.00        92.77         0.00        21.44          0.00     1,904.15       127.06     2,031.21       171.21     1,860.00
7779          1.00         0.00         0.00         0.00         0.00         0.00         0.00         0.00         0.00        51.96         0.00        37.38          0.00     1,534.53       476.67     2,011.20        90.34     1,920.86
7942          1.00         0.00         0.00         0.00         0.00         0.00       144.20         0.00         0.00         0.00         0.00        17.81         37.61       934.80       146.65     1,081.45       163.01       918.44
7845          1.00         0.00         0.00         0.00         0.00         0.00         0.00         0.00         0.00       256.46         0.00        40.88          0.00     2,254.04       143.04     2,397.08       298.34     2,098.74
7920          1.00         0.00         0.00         0.00         0.00         0.00         0.00         0.00         0.00         0.00         0.00        20.60         44.57       874.26       177.66     1,051.92        21.60     1,030.32
2522          1.00         0.00         0.00         0.00         0.00         0.00         0.00         0.00         0.00         0.00         0.00        28.06         32.23       965.65       210.79     1,176.44        29.06     1,147.38
7938          1.00         0.00         0.00         0.00         0.00         0.00         0.00         0.00         0.00         0.00         0.00        20.02         44.72       871.38       164.94     1,036.32        21.02     1,015.30
0236          1.00         0.00         0.00         0.00         0.00       533.49         0.00         0.00         0.00       203.97         0.00        58.53          0.00     2,266.18       551.27     2,817.45       796.99     2,020.46
7080          1.00         0.00         0.00         0.00         0.00         0.00         0.00         0.00         0.00       200.30         0.00        46.61          0.00     2,242.96       528.43     2,771.39       247.91     2,523.48
5965          1.00         0.00         0.00         0.00         0.00         0.00         0.00         0.00         0.00       114.92         0.00        32.45          0.00     1,647.20       308.62     1,955.82       148.37     1,807.45
5447          1.00         0.00         0.00         0.00         0.00         0.00         0.00         0.00         0.00       118.40         0.00        32.14          0.00     2,004.04       143.04     2,147.08       151.54     1,995.54
7932          1.00         0.00         0.00         0.00         0.00         0.00         0.00         0.00         0.00       178.26         0.00        20.84          0.00     2,334.88       197.47     2,532.35       200.10     2,332.25
7937          0.00         0.00         0.00         0.00         0.00         0.00         0.00         0.00         0.00         0.00         0.00         0.00          0.00         0.00         0.00         0.00         0.00         0.00
6685          1.00         0.00         0.00         0.00         0.00         0.00         0.00         0.00         0.00       246.57         0.00        26.48          0.00     2,532.15       242.93     2,775.08       274.05     2,501.03
5549          1.00         0.00         0.00         0.00         0.00         0.00         0.00         0.00         0.00       147.60         0.00        29.95          0.00     2,110.74       268.68     2,379.42       178.55     2,200.87
0854          1.00         0.00         0.00         0.00         0.00       332.71         0.00         0.00         0.00       136.92         0.00        40.03          0.00     1,778.90       349.49     2,128.39       510.66     1,617.73
7295          1.00         0.00         0.00         0.00         0.00         0.00         0.00         0.00         0.00       117.85         0.00        28.47          0.00     1,914.15       127.06     2,041.21       147.32     1,893.89
6832          1.00         0.00       150.00         0.00         0.00         0.00         0.00         0.00         0.00         0.00         0.00        26.60         35.53       914.15       162.59     1,076.74       177.60       899.14
4807          1.00         0.00         0.00         0.00         0.00         0.00         0.00         0.00         0.00       510.36         0.00       110.77          0.00     3,783.66       586.18     4,369.84       622.13     3,747.71
6821          1.00         0.00         0.00         0.00         0.00         0.00         0.00         0.00         0.00         0.00         0.00        28.81          3.24     1,178.13       174.14     1,352.27        29.81     1,322.46
3169          1.00         0.00         0.00         0.00         0.00         0.00         0.00         0.00         0.00        73.25         0.00        27.21          0.00     1,720.60       178.56     1,899.16       101.46     1,797.70
7947          1.00         0.00         0.00         0.00         0.00         0.00         0.00         0.00         0.00       123.62         0.00        25.41          0.00     2,042.36       171.72     2,214.08       150.03     2,064.05
4514          1.00         0.00         0.00         0.00         0.00       371.18         0.00         0.00         0.00        13.57         0.00        35.10          0.00     1,355.64       197.70     1,553.34       420.85     1,132.49
6379          1.00         0.00         0.00         0.00         0.00         0.00         0.00         0.00         0.00       265.26         0.00        21.67          0.00     2,334.88       248.97     2,583.85       287.93     2,295.92
7814          1.00         0.00         0.00         0.00         0.00         0.00         0.00         0.00         0.00       127.04         0.00        29.32          0.00     2,004.04       143.04     2,147.08       157.36     1,989.72
7754          1.00         0.00         0.00         0.00         0.00         0.00         0.00         0.00         0.00        92.36         0.00        21.05          0.00     1,871.38       120.22     1,991.60       114.41     1,877.19
7717          1.00         0.00         0.00         0.00         0.00         0.00         0.00         0.00         0.00         0.00         0.00        34.95         29.62     1,321.34       234.99     1,556.33        35.95     1,520.38
6014          1.00         0.00         0.00         0.00         0.00         0.00         0.00         0.00         0.00        29.85         0.00        32.33          0.00     1,418.36       304.54     1,722.90        63.18     1,659.72
7775          1.00         0.00         0.00         0.00         0.00         0.00       144.20         0.00         0.00         0.00         0.00        18.33         47.15       785.30       143.32       928.62       163.53       765.09

















































EJECUTIVOS EN SERVICIOS DE ALIMENTOS, S.A. DE C.V.                                                                      Pagina: 0004
R.F.C.:                                                                                                                    2/NOV/19
REPORTE DE SUELDOS SEMANALES DEDUCCIONES


 
Codigo Desc Vales   Desc Zapatos Otras Deducc Desc Fonacot Pension Alim Desc Infonav Faltas       Inca Enferme Inca Riesgo  ISPT         Ajus ISPT    IMSS          Sub P/Empleo Tot Per Grav Tot Per Exce Total Percep Total Deducc Neto Pagado
..........................................................................................................................................................................................................................................
3827          1.00         0.00         0.00         0.00         0.00         0.00         0.00         0.00         0.00       469.07         0.00        29.84          0.00     3,700.40       586.90     4,287.30       499.91     3,787.39
7976          1.00         0.00         0.00         0.00         0.00         0.00         0.00         0.00         0.00         0.00         0.00        18.65         38.90       861.38       159.12     1,020.50        19.65     1,000.85
5412          1.00         0.00         0.00         0.00         0.00         0.00         0.00         0.00         0.00        93.92         0.00        24.62          0.00     1,904.15       127.06     2,031.21       119.54     1,911.67
4504          1.00         0.00         0.00         0.00         0.00         0.00         0.00         0.00         0.00       193.63         0.00        56.80          0.00     2,199.89       318.38     2,518.27       251.43     2,266.84
7395          1.00         0.00         0.00         0.00         0.00         0.00         0.00         0.00         0.00       120.90         0.00        23.49          0.00     1,964.06       135.04     2,099.10       145.39     1,953.71
0214          1.00         0.00         0.00         0.00         0.00         0.00         0.00         0.00         0.00       510.36         0.00       110.48          0.00     3,783.66       586.18     4,369.84       621.84     3,748.00
7849          1.00         0.00         0.00         0.00         0.00         0.00         0.00         0.00         0.00         0.00         0.00        27.02         33.96       938.63       231.43     1,170.06        28.02     1,142.04
6321          0.00         0.00         0.00         0.00         0.00         0.00         0.00         0.00         0.00         0.00         0.00         0.00          0.00         0.00         0.00         0.00         0.00         0.00
5232          1.00         0.00         0.00         0.00         0.00         0.00         0.00         0.00         0.00       135.78         0.00        36.63          0.00     1,768.40       310.41     2,078.81       173.41     1,905.40
4958          1.00         0.00         0.00         0.00         0.00         0.00         0.00         0.00         0.00       299.18         0.00        24.82          0.00     2,507.64       325.59     2,833.23       325.00     2,508.23
7880          1.00         0.00         0.00         0.00         0.00         0.00         0.00         0.00         0.00       132.03         0.00        28.06          0.00     2,119.61       197.47     2,317.08       161.09     2,155.99
3979          1.00         0.00         0.00         0.00         0.00         0.00         0.00         0.00         0.00       701.99         0.00       108.44          0.00     4,680.84     1,148.21     5,829.05       811.43     5,017.62
7902          1.00         0.00         0.00         0.00         0.00         0.00         0.00         0.00         0.00       132.02         0.00        27.70          0.00     2,119.61       248.97     2,368.58       160.72     2,207.86
0442          1.00         0.00         0.00         0.00         0.00         0.00         0.00         0.00         0.00        53.89         0.00        39.39          0.00     1,465.30       290.71     1,756.01        94.28     1,661.73
7857          1.00         0.00         0.00         0.00         0.00         0.00         0.00         0.00         0.00       145.99         0.00        47.08          0.00     1,889.10       335.14     2,224.24       194.07     2,030.17
7330          0.00         0.00         0.00         0.00         0.00         0.00         0.00         0.00         0.00         0.00         0.00         0.00          0.00         0.00         0.00         0.00         0.00         0.00
7719          1.00         0.00         0.00         0.00         0.00         0.00         0.00         0.00         0.00       117.85         0.00        24.16          0.00     1,914.15       127.06     2,041.21       143.01     1,898.20
7846          1.00         0.00         0.00         0.00         0.00         0.00         0.00         0.00         0.00       119.93         0.00        24.57          0.00     2,014.04       143.04     2,157.08       145.50     2,011.58
7928          0.00         0.00         0.00         0.00         0.00         0.00         0.00         0.00         0.00         0.00         0.00         0.00          0.00         0.00         0.00         0.00         0.00         0.00
7983          1.00         0.00         0.00         0.00         0.00         0.00         0.00         0.00         0.00         0.00         0.00         7.99         24.04       291.17        64.22       355.39         8.99       346.40
7823          1.00        56.00         0.00         0.00         0.00         0.00         0.00         0.00         0.00        92.36         0.00        20.69          0.00     1,871.38       120.22     1,991.60       170.05     1,821.55
7298          1.00         0.00         0.00         0.00         0.00         0.00         0.00         0.00         0.00        46.00         0.00        35.28          0.00     1,479.76       268.08     1,747.84        82.28     1,665.56
7963          1.00         0.00         0.00         0.00         0.00         0.00       120.51         0.00         0.00         0.00         0.00        17.96         54.75       796.38       206.72     1,003.10       139.47       863.63
5396          1.00         0.00         0.00         0.00         0.00         0.00         0.00         0.00         0.00       103.70         0.00        28.83          0.00     1,923.20       165.68     2,088.88       133.53     1,955.35
5704          1.00         0.00         0.00         0.00         0.00         0.00         0.00         0.00         0.00        24.04         0.00        33.14          0.00     1,364.95       199.19     1,564.14        58.18     1,505.96
7503          1.00         0.00         0.00         0.00         0.00         0.00       120.51         0.00         0.00         0.00         0.00        20.93         57.46       887.06       209.43     1,096.49       142.44       954.05
7974          0.00         0.00         0.00         0.00         0.00         0.00       288.40         0.00         0.00         0.00         0.00        14.72         46.33       841.35        46.33       887.68       303.12       584.56
7588          1.00         0.00         0.00         0.00         0.00         0.00         0.00         0.00         0.00       117.85         0.00        25.39          0.00     1,914.15       127.06     2,041.21       144.24     1,896.97
7948          1.00         0.00         0.00         0.00         0.00         0.00         0.00         0.00         0.00         0.00         0.00        20.04         11.72     1,244.75       363.69     1,608.44        21.04     1,587.40
7821          1.00         0.00         0.00         0.00         0.00         0.00         0.00         0.00         0.00       119.93         0.00        24.60          0.00     2,014.04       143.04     2,157.08       145.53     2,011.55
5588          1.00         0.00         0.00         0.00         0.00         0.00         0.00         0.00         0.00       117.85         0.00        22.54          0.00     1,914.15       127.06     2,041.21       141.39     1,899.82
6203          1.00         0.00         0.00         0.00         0.00         0.00         0.00         0.00         0.00        25.78         0.00        35.77          0.00     1,326.11       199.41     1,525.52        62.55     1,462.97
6582          1.00         0.00         0.00         0.00         0.00         0.00       144.20         0.00         0.00         0.00         0.00        19.41         51.81       819.52       153.46       972.98       164.61       808.37
7392          1.00         0.00         0.00         0.00         0.00         0.00         0.00         0.00         0.00       102.72         0.00        27.03          0.00     1,914.15       127.06     2,041.21       130.75     1,910.46
7226          1.00         0.00         0.00         0.00         0.00         0.00         0.00         0.00         0.00       119.93         0.00        30.22          0.00     2,014.04       143.04     2,157.08       151.15     2,005.93
7885          1.00         0.00         0.00         0.00         0.00         0.00         0.00         0.00         0.00        87.74         0.00        22.13          0.00     1,871.38       171.72     2,043.10       110.87     1,932.23
3326          1.00         0.00         0.00         0.00         0.00       352.72         0.00         0.00         0.00        47.99         0.00        36.42          0.00     1,498.02       220.48     1,718.50       438.13     1,280.37
7939          1.00         0.00         0.00         0.00         0.00         0.00         0.00         0.00         0.00         0.00         0.00        20.61         27.14     1,045.04       160.23     1,205.27        21.61     1,183.66
0449          1.00         0.00         0.00         0.00         0.00       447.60         0.00         0.00         0.00       248.59         0.00        37.35          0.00     2,181.78       174.97     2,356.75       734.54     1,622.21
6934          1.00         0.00         0.00         0.00         0.00         0.00         0.00         0.00         0.00       342.85         0.00        87.64          0.00     2,999.45       460.71     3,460.16       431.49     3,028.67
7137          1.00         0.00         0.00         0.00         0.00         0.00         0.00         0.00         0.00        53.46         0.00        36.53          0.00     1,548.38       261.90     1,810.28        90.99     1,719.29
7951          1.00         0.00         0.00         0.00         0.00         0.00         0.00         0.00         0.00       211.11         0.00        38.39          0.00     2,309.17       372.80     2,681.97       250.50     2,431.47
7979          1.00         0.00         0.00         0.00         0.00         0.00         0.00         0.00         0.00         0.00         0.00        13.32         37.80       520.82       109.93       630.75        14.32       616.43

















































EJECUTIVOS EN SERVICIOS DE ALIMENTOS, S.A. DE C.V.                                                                      Pagina: 0005
R.F.C.:                                                                                                                    2/NOV/19
REPORTE DE SUELDOS SEMANALES DEDUCCIONES


 
Codigo Desc Vales   Desc Zapatos Otras Deducc Desc Fonacot Pension Alim Desc Infonav Faltas       Inca Enferme Inca Riesgo  ISPT         Ajus ISPT    IMSS          Sub P/Empleo Tot Per Grav Tot Per Exce Total Percep Total Deducc Neto Pagado
..........................................................................................................................................................................................................................................
6682          1.00         0.00       400.00         0.00         0.00         0.00       144.20         0.00         0.00         0.00         0.00        17.72         50.20       785.30       146.37       931.67       562.92       368.75
1269          1.00         0.00         0.00         0.00         0.00         0.00         0.00         0.00         0.00       103.94         0.00        24.33          0.00     1,839.63       127.06     1,966.69       129.27     1,837.42
7890          1.00         0.00         0.00         0.00         0.00         0.00       241.02         0.00         0.00         0.00         0.00        16.83         56.21       781.31       188.08       969.39       258.85       710.54
1419          1.00         0.00         0.00         0.00         0.00       268.68         0.00         0.00         0.00        25.93         0.00        38.46          0.00     1,679.87       286.36     1,966.23       334.07     1,632.16
7887          1.00         0.00         0.00         0.00         0.00         0.00         0.00         0.00         0.00        87.74         0.00        21.61          0.00     1,871.38       171.72     2,043.10       110.35     1,932.75
3525          1.00         0.00         0.00         0.00         0.00         0.00         0.00         0.00         0.00        48.33         0.00        29.52          0.00     1,588.22       439.35     2,027.57        78.85     1,948.72
6885          1.00         0.00         0.00         0.00         0.00         0.00         0.00         0.00         0.00       255.90         0.00        33.49          0.00     2,248.90       320.18     2,569.08       290.39     2,278.69
7893          1.00         0.00         0.00         0.00         0.00         0.00         0.00         0.00         0.00        92.36         0.00        24.82          0.00     1,871.38       120.22     1,991.60       118.18     1,873.42
7907          1.00         0.00         0.00         0.00         0.00         0.00       191.13         0.00         0.00         0.00         0.00        37.35         22.23     1,580.38       318.71     1,899.09       229.48     1,669.61
4775          1.00         0.00         0.00         0.00         0.00         0.00         0.00         0.00         0.00        85.32         0.00        27.55          0.00     1,787.85       204.31     1,992.16       113.87     1,878.29
7966          1.00         0.00         0.00         0.00         0.00         0.00         0.00         0.00         0.00         0.00         0.00        19.65         38.91       861.38       159.13     1,020.51        20.65       999.86
4832          1.00         0.00         0.00         0.00         0.00         0.00         0.00         0.00         0.00       117.85         0.00        21.86          0.00     1,914.15       127.06     2,041.21       140.71     1,900.50
7824          1.00         0.00         0.00         0.00         0.00         0.00         0.00         0.00         0.00        92.36         0.00        20.69          0.00     1,871.38       120.22     1,991.60       114.05     1,877.55
3321          1.00         0.00         0.00         0.00         0.00         0.00         0.00         0.00         0.00       208.99         0.00        62.57          0.00     2,297.40       312.06     2,609.46       272.56     2,336.90
7965          1.00         0.00         0.00         0.00         0.00         0.00         0.00         0.00         0.00        11.19         0.00        34.53          0.00     1,246.79       180.28     1,427.07        46.72     1,380.35
2112          0.00         0.00         0.00         0.00         0.00         0.00         0.00         0.00         0.00         0.00         0.00         0.00          0.00         0.00         0.00         0.00         0.00         0.00
0624          1.00         0.00         0.00         0.00         0.00         0.00         0.00         0.00         0.00       165.90         0.00        52.14          0.00     2,026.61       395.20     2,421.81       219.04     2,202.77
6877          1.00         0.00         0.00       194.15         0.00         0.00         0.00         0.00         0.00         0.00         0.00        27.44         22.69     1,134.45       186.60     1,321.05       222.59     1,098.46
4385          1.00         0.00         0.00         0.00         0.00         0.00         0.00         0.00         0.00        48.74         0.00        35.82          0.00     1,504.95       243.65     1,748.60        85.56     1,663.04
0366          1.00         0.00         0.00         0.00         0.00         0.00         0.00         0.00         0.00       343.09         0.00        87.52          0.00     3,000.58       565.72     3,566.30       431.61     3,134.69
7917          1.00         0.00         0.00         0.00         0.00         0.00         0.00         0.00         0.00       105.02         0.00        21.37          0.00     1,871.38       120.22     1,991.60       127.39     1,864.21
6206          1.00         0.00         0.00         0.00         0.00         0.00         0.00         0.00         0.00       211.47         0.00        36.03          0.00     2,311.26       308.62     2,619.88       248.50     2,371.38
7618          1.00         0.00         0.00         0.00         0.00         0.00         0.00         0.00         0.00        79.06         0.00        27.26          0.00     1,752.86       240.51     1,993.37       107.32     1,886.05
 
*** GLO     179.00       168.00       950.00     1,045.46         0.00     6,752.18     2,814.54         0.00         0.00    18,330.65         0.00     5,760.64      1,808.62   309,560.60                352,410.44    36,000.47   316,409.97
  


































































