EJECUTIVOS EN SERVICIOS DE ALIMENTOS, S.A. DE C.V.                                                                      Pagina: 0001
R.F.C.:                                                                                                                    2/NOV/19
REPORTE DE SUELDOS SEMANALES DEDUCCIONES


 
Codigo Desc Vales   Desc Zapatos Otras Deducc Desc Fonacot Pension Alim Desc Infonav Faltas       Inca Enferme Inca Riesgo  ISPT         Ajus ISPT    IMSS          Sub P/Empleo Tot Per Grav Tot Per Exce Total Percep Total Deducc Neto Pagado
..........................................................................................................................................................................................................................................
7879          1.00         0.00         0.00         0.00         0.00         0.00         0.00         0.00         0.00        41.43         0.00        26.87          0.00     1,437.88       339.09     1,776.97        69.30     1,707.67
6600          1.00         0.00         0.00         0.00         0.00       140.64         0.00       432.60         0.00         0.00         0.00        12.25         44.61       770.26        95.43       865.69       586.49       279.20
7685          1.00         0.00         0.00         0.00         0.00         0.00       120.51         0.00         0.00         0.00         0.00        22.21         46.33       832.13       152.51       984.64       143.72       840.92
7331          1.00         0.00         0.00         0.00         0.00         0.00         0.00         0.00         0.00         0.00         0.00        27.66          8.70     1,126.05       212.60     1,338.65        28.66     1,309.99
5933          1.00         0.00         0.00         0.00         0.00         0.00         0.00         0.00         0.00         0.00         0.00        25.05         20.78     1,042.90       276.59     1,319.49        26.05     1,293.44
7170          1.00         0.00         0.00         0.00         0.00         0.00         0.00         0.00         0.00         0.00         0.00        25.92         28.93     1,017.15       258.99     1,276.14        26.92     1,249.22
5201          1.00         0.00         0.00         0.00         0.00       335.50         0.00         0.00         0.00        76.72         0.00        36.80          0.00     1,686.16       361.58     2,047.74       450.02     1,597.72
3890          1.00         0.00         0.00         0.00         0.00         0.00         0.00         0.00         0.00       178.36         0.00        54.41          0.00     2,104.51       319.12     2,423.63       233.77     2,189.86
7834          1.00         0.00         0.00         0.00         0.00         0.00         0.00         0.00         0.00         0.00         0.00        23.58          9.28     1,117.04       255.32     1,372.36        24.58     1,347.78
3652          1.00         0.00         0.00         0.00         0.00       456.67         0.00         0.00         0.00       197.50         0.00        56.22          0.00     2,224.14       502.17     2,726.31       711.39     2,014.92
1123          1.00         0.00         0.00         0.00         0.00         0.00         0.00         0.00         0.00        46.13         0.00        33.05          0.00     1,481.07       323.13     1,804.20        80.18     1,724.02
7959          1.00         0.00         0.00         0.00         0.00         0.00         0.00         0.00         0.00         0.00         0.00        19.71         38.90       861.38       159.12     1,020.50        20.71       999.79
7259          1.00         0.00         0.00         0.00         0.00         0.00         0.00         0.00         0.00         0.00         0.00        26.72         21.42     1,032.90       277.23     1,310.13        27.72     1,282.41
7312          1.00         0.00         0.00         0.00         0.00         0.00         0.00         0.00         0.00         0.00         0.00        23.53          2.72     1,182.94       356.63     1,539.57        24.53     1,515.04
7975          1.00         0.00         0.00         0.00         0.00         0.00         0.00         0.00         0.00         0.00         0.00         7.99         31.16       180.27        55.20       235.47         8.99       226.48
7338          1.00         0.00         0.00         0.00         0.00         0.00         0.00         0.00         0.00         0.00         0.00        27.26         29.13     1,014.04       172.17     1,186.21        28.26     1,157.95
5677          1.00         0.00         0.00         0.00         0.00         0.00         0.00         0.00         0.00       128.40         0.00        35.87          0.00     1,700.57       605.34     2,305.91       165.27     2,140.64
6210          1.00         0.00       200.00         0.00         0.00         0.00         0.00         0.00         0.00         0.00         0.00        29.60          2.88     1,181.41       207.18     1,388.59       230.60     1,157.99
7896          1.00         0.00         0.00         0.00         0.00         0.00         0.00         0.00         0.00         0.00         0.00        26.64         31.67       974.38       254.89     1,229.27        27.64     1,201.63
7943          1.00         0.00         0.00         0.00         0.00         0.00         0.00         0.00         0.00         0.00         0.00        20.30         20.22     1,051.63       282.06     1,333.69        21.30     1,312.39
7812          1.00         0.00         0.00         0.00         0.00         0.00         0.00         0.00         0.00         0.00         0.00        27.95         38.26       871.38       158.48     1,029.86        28.95     1,000.91
0849          1.00         0.00         0.00         0.00         0.00         0.00         0.00         0.00         0.00         0.38         0.00        31.54          0.00     1,211.46       265.46     1,476.92        32.92     1,444.00
7536          1.00         0.00         0.00         0.00         0.00         0.00         0.00         0.00         0.00         0.00         0.00        24.65         30.17       997.84       240.91     1,238.75        25.65     1,213.10
7430          1.00         0.00         0.00         0.00         0.00         0.00         0.00         0.00         0.00       292.09         0.00        61.86          0.00     2,761.17       922.20     3,683.37       354.95     3,328.42
5181          1.00         0.00         0.00         0.00         0.00         0.00         0.00         0.00         0.00         9.31         0.00        22.43          0.00     1,229.59       268.68     1,498.27        32.74     1,465.53
5429          1.00         0.00         0.00         0.00         0.00         0.00         0.00         0.00         0.00       384.22         0.00        77.74          0.00     3,193.14       656.33     3,849.47       462.96     3,386.51
7655          1.00         0.00         0.00         0.00         0.00         0.00         0.00         0.00         0.00         0.00         0.00        26.86         30.39       994.28       247.57     1,241.85        27.86     1,213.99
7057          1.00         0.00         0.00         0.00         0.00         0.00       120.51         0.00         0.00         0.00         0.00        23.55         30.60     1,031.94       239.78     1,271.72       145.06     1,126.66
5558          1.00         0.00         0.00         0.00         0.00         0.00         0.00         0.00         0.00         0.00         0.00        24.77         20.80     1,042.67       298.25     1,340.92        25.77     1,315.15
4746          1.00         0.00         0.00         0.00         0.00       344.19         0.00         0.00         0.00        57.51         0.00        32.75          0.00     1,585.61       290.03     1,875.64       435.45     1,440.19
7663          1.00         0.00         0.00         0.00         0.00         0.00         0.00         0.00         0.00         0.00         0.00        28.66          1.94     1,190.10       186.53     1,376.63        29.66     1,346.97
7964          0.00         0.00         0.00         0.00         0.00         0.00         0.00         0.00         0.00         0.00         0.00         0.00          0.00         0.00         0.00         0.00         0.00         0.00
7773          1.00         0.00         0.00         0.00         0.00         0.00         0.00         0.00         0.00         0.00         0.00        25.71          0.45     1,203.79       372.13     1,575.92        26.71     1,549.21
1424          1.00         0.00         0.00         0.00         0.00       466.38         0.00         0.00         0.00       362.29         0.00        73.68          0.00     3,090.51       830.13     3,920.64       903.35     3,017.29
5280          1.00         0.00         0.00       362.10         0.00       435.11         0.00         0.00         0.00       152.32         0.00        48.16          0.00     1,920.48       289.67     2,210.15       998.69     1,211.46
7742          1.00         0.00         0.00         0.00         0.00         0.00         0.00         0.00         0.00         0.00         0.00        24.01         36.16       904.15       163.22     1,067.37        25.01     1,042.36
7883          1.00         0.00         0.00         0.00         0.00         0.00         0.00         0.00         0.00         0.00         0.00        23.91          2.72     1,182.93       369.51     1,552.44        24.91     1,527.53
7968          0.00         0.00         0.00         0.00         0.00         0.00         0.00         0.00         0.00         0.00         0.00         0.00          0.00         0.00         0.00         0.00         0.00         0.00
6461          1.00         0.00       100.00         0.00         0.00         0.00         0.00         0.00         0.00        22.16         0.00        26.97          0.00     1,347.65       324.89     1,672.54       150.13     1,522.41
6765          1.00         0.00       200.00         0.00         0.00         0.00         0.00         0.00         0.00       186.44         0.00        49.12          0.00     2,154.97       464.23     2,619.20       436.56     2,182.64
7909          1.00         0.00         0.00         0.00         0.00         0.00         0.00         0.00         0.00         1.90         0.00        23.56          0.00     1,225.44       339.09     1,564.53        26.46     1,538.07
5000          1.00         0.00         0.00         0.00         0.00         0.00         0.00         0.00         0.00        18.12         0.00        29.62          0.00     1,310.55       293.32     1,603.87        48.74     1,555.13
7915          1.00         0.00         0.00         0.00         0.00         0.00         0.00         0.00         0.00         0.00         0.00        25.06          8.00     1,134.39       282.72     1,417.11        26.06     1,391.05

















































EJECUTIVOS EN SERVICIOS DE ALIMENTOS, S.A. DE C.V.                                                                      Pagina: 0002
R.F.C.:                                                                                                                    2/NOV/19
REPORTE DE SUELDOS SEMANALES DEDUCCIONES


 
Codigo Desc Vales   Desc Zapatos Otras Deducc Desc Fonacot Pension Alim Desc Infonav Faltas       Inca Enferme Inca Riesgo  ISPT         Ajus ISPT    IMSS          Sub P/Empleo Tot Per Grav Tot Per Exce Total Percep Total Deducc Neto Pagado
..........................................................................................................................................................................................................................................
7925          1.00         0.00         0.00         0.00         0.00         0.00         0.00         0.00         0.00        24.83         0.00        29.64          0.00     1,372.22       305.71     1,677.93        55.47     1,622.46
5644          1.00         0.00        50.00         0.00         0.00       337.88         0.00         0.00         0.00         0.00         0.00        30.54          3.50     1,175.78       269.86     1,445.64       419.42     1,026.22
6638          1.00         0.00         0.00         0.00         0.00         0.00         0.00         0.00         0.00         0.00         0.00        24.95         10.73     1,094.40       279.41     1,373.81        25.95     1,347.86
7800          1.00         0.00         0.00         0.00         0.00         0.00         0.00         0.00         0.00         0.00         0.00        20.63         38.26       871.38       158.48     1,029.86        21.63     1,008.23
7960          1.00         0.00         0.00         0.00         0.00         0.00       120.51         0.00         0.00         0.00         0.00        19.13         42.64       899.38       246.11     1,145.49       140.64     1,004.85
6690          1.00         0.00         0.00         0.00         0.00         0.00         0.00         0.00         0.00         0.00         0.00        23.12         18.54     1,077.97       319.40     1,397.37        24.12     1,373.25
7168          1.00         0.00         0.00         0.00         0.00         0.00         0.00         0.00         0.00         0.00         0.00        26.76         35.52       914.15       214.08     1,128.23        27.76     1,100.47
7786          1.00         0.00         0.00         0.00         0.00         0.00         0.00         0.00         0.00         0.00         0.00        10.66         34.47       350.55        82.55       433.10        11.66       421.44
7971          1.00         0.00         0.00         0.00         0.00         0.00       241.02         0.00         0.00         0.00         0.00        15.71         46.47       781.31       126.84       908.15       257.73       650.42
4314          1.00         0.00         0.00         0.00         0.00         0.00         0.00         0.00         0.00       157.17         0.00        48.63          0.00     1,965.08       541.46     2,506.54       206.80     2,299.74
7935          1.00         0.00         0.00         0.00         0.00         0.00       144.20         0.00         0.00         0.00         0.00        19.58         46.66       849.68       207.20     1,056.88       164.78       892.10
7972          0.00         0.00         0.00         0.00         0.00         0.00       288.40         0.00         0.00         0.00         0.00        12.06         49.10       472.71        49.10       521.81       300.46       221.35
7848          1.00         0.00       100.00         0.00         0.00         0.00         0.00         0.00         0.00         0.00         0.00        20.35         38.49       867.82       165.14     1,032.96       121.35       911.61
7632          1.00         0.00         0.00         0.00         0.00         0.00         0.00         0.00         0.00         0.00         0.00        28.01         31.40       978.53       222.83     1,201.36        29.01     1,172.35
7873          1.00         0.00         0.00         0.00         0.00         0.00         0.00         0.00         0.00         0.00         0.00        27.77         33.32       948.63       192.16     1,140.79        28.77     1,112.02
6504          0.00         0.00         0.00         0.00         0.00         0.00         0.00         0.00         0.00         0.00         0.00         0.00          0.00         0.00         0.00         0.00         0.00         0.00
7905          0.00         0.00         0.00         0.00         0.00         0.00         0.00         0.00         0.00         0.00         0.00         0.00          0.00         0.00         0.00         0.00         0.00         0.00
7801          1.00         0.00         0.00         0.00         0.00         0.00         0.00         0.00         0.00         0.00         0.00        22.21         31.67       974.38       254.89     1,229.27        23.21     1,206.06
7918          1.00         0.00         0.00         0.00         0.00         0.00         0.00         0.00         0.00        24.17         0.00        26.95          0.00     1,366.14       480.72     1,846.86        52.12     1,794.74
7061          1.00         0.00         0.00         0.00         0.00         0.00         0.00         0.00         0.00        13.37         0.00        28.40          0.00     1,266.87       286.33     1,553.20        42.77     1,510.43
7847          1.00         0.00         0.00         0.00         0.00         0.00         0.00         0.00         0.00         0.00         0.00        24.88         37.25       887.13       183.22     1,070.35        25.88     1,044.47
7633          1.00         0.00         0.00         0.00         0.00         0.00         0.00         0.00         0.00         0.00         0.00        27.07         36.16       904.15       163.22     1,067.37        28.07     1,039.30
7906          1.00         0.00         0.00       489.21         0.00         0.00         0.00         0.00         0.00       147.87         0.00        43.00          0.00     1,879.58       491.85     2,371.43       681.08     1,690.35
7914          1.00         0.00         0.00         0.00         0.00         0.00         0.00         0.00         0.00         0.00         0.00        22.06         31.67       974.38       254.89     1,229.27        23.06     1,206.21
2897          1.00         0.00         0.00         0.00         0.00         0.00         0.00         0.00         0.00         0.00         0.00        21.89         36.16       904.15       163.22     1,067.37        22.89     1,044.48
7614          1.00         0.00         0.00         0.00         0.00         0.00         0.00         0.00         0.00        25.03         0.00        34.01          0.00     1,374.06       268.08     1,642.14        60.04     1,582.10
3318          1.00         0.00         0.00         0.00         0.00       510.55         0.00         0.00         0.00       442.45         0.00        70.51          0.00     3,465.77       459.16     3,924.93     1,024.51     2,900.42
7804          1.00         0.00         0.00         0.00         0.00         0.00         0.00         0.00         0.00       138.66         0.00        38.29          0.00     1,794.94       356.91     2,151.85       177.95     1,973.90
7921          0.00         0.00         0.00         0.00         0.00         0.00         0.00         0.00         0.00         0.00         0.00         0.00          0.00         0.00         0.00         0.00         0.00         0.00
6083          1.00         0.00         0.00         0.00         0.00         0.00       120.51         0.00         0.00         0.00         0.00        25.96         31.50     1,015.47       337.48     1,352.95       147.47     1,205.48
6766          1.00         0.00         0.00         0.00         0.00         0.00         0.00         0.00         0.00        15.61         0.00        26.99          0.00     1,287.48       316.93     1,604.41        43.60     1,560.81
4137          1.00         0.00         0.00         0.00         0.00         0.00         0.00         0.00         0.00       401.79         0.00        88.97          0.00     3,275.40       622.75     3,898.15       491.76     3,406.39
7913          1.00         0.00         0.00         0.00         0.00         0.00         0.00         0.00         0.00         0.00         0.00        20.79         31.67       974.38       254.89     1,229.27        21.79     1,207.48
7542          1.00         0.00         0.00         0.00         0.00         0.00         0.00         0.00         0.00         0.00         0.00        27.83         28.93     1,017.15       258.99     1,276.14        28.83     1,247.31
3780          1.00         0.00         0.00         0.00         0.00         0.00         0.00         0.00         0.00        76.28         0.00        43.02          0.00     1,682.09       314.55     1,996.64       120.30     1,876.34
7969          1.00         0.00         0.00         0.00         0.00         0.00         0.00         0.00         0.00         0.00         0.00        22.16         18.22     1,082.89       241.44     1,324.33        23.16     1,301.17
6205          1.00         0.00         0.00         0.00         0.00         0.00         0.00         0.00         0.00         0.00         0.00        24.05          4.12     1,170.06       306.53     1,476.59        25.05     1,451.54
5027          1.00         0.00         0.00         0.00         0.00         0.00         0.00         0.00         0.00        17.76         0.00        35.49          0.00     1,307.29       181.66     1,488.95        54.25     1,434.70
7949          1.00         0.00         0.00         0.00         0.00         0.00         0.00         0.00         0.00         0.00         0.00        22.83         31.67       974.38       254.89     1,229.27        23.83     1,205.44
7818          1.00         0.00         0.00         0.00         0.00         0.00         0.00         0.00         0.00         0.00         0.00        29.06         29.77     1,004.04       172.81     1,176.85        30.06     1,146.79
7958          0.00         0.00         0.00         0.00         0.00         0.00         0.00         0.00         0.00        13.23         0.00        24.93          0.00     1,265.58       154.50     1,420.08        38.16     1,381.92
7815          1.00         0.00         0.00         0.00         0.00         0.00         0.00         0.00         0.00         0.00         0.00        26.42          9.98     1,106.01       374.82     1,480.83        27.42     1,453.41
6839          1.00         0.00        10.00         0.00         0.00         0.00         0.00         0.00         0.00         0.00         0.00        24.24         29.75     1,004.28       246.93     1,251.21        35.24     1,215.97

















































EJECUTIVOS EN SERVICIOS DE ALIMENTOS, S.A. DE C.V.                                                                      Pagina: 0003
R.F.C.:                                                                                                                    2/NOV/19
REPORTE DE SUELDOS SEMANALES DEDUCCIONES


 
Codigo Desc Vales   Desc Zapatos Otras Deducc Desc Fonacot Pension Alim Desc Infonav Faltas       Inca Enferme Inca Riesgo  ISPT         Ajus ISPT    IMSS          Sub P/Empleo Tot Per Grav Tot Per Exce Total Percep Total Deducc Neto Pagado
..........................................................................................................................................................................................................................................
5646          1.00         0.00         0.00         0.00         0.00         0.00         0.00         0.00         0.00         0.00         0.00        28.14         28.93     1,017.15       258.99     1,276.14        29.14     1,247.00
7708          1.00         0.00         0.00         0.00         0.00         0.00         0.00         0.00         0.00         0.00         0.00        23.04         28.93     1,017.15       258.99     1,276.14        24.04     1,252.10
7962          0.00         0.00         0.00         0.00         0.00         0.00         0.00         0.00         0.00         0.00         0.00         0.00          0.00         0.00         0.00         0.00         0.00         0.00
7869          1.00         0.00         0.00         0.00         0.00         0.00       120.51         0.00         0.00         0.00         0.00        21.31         33.62       976.84       249.48     1,226.32       142.82     1,083.50
7882          1.00         0.00         0.00         0.00         0.00         0.00         0.00         0.00         0.00         0.00         0.00        19.77         38.90       861.38       159.12     1,020.50        20.77       999.73
7973          1.00         0.00         0.00         0.00         0.00         0.00         0.00         0.00         0.00         0.00         0.00        15.99         38.40       691.10       134.57       825.67        16.99       808.68
5679          1.00         0.00         0.00         0.00         0.00         0.00         0.00         0.00         0.00       191.50         0.00        37.71          0.00     2,186.61       464.23     2,650.84       230.21     2,420.63
7892          1.00         0.00         0.00         0.00         0.00         0.00       120.51         0.00         0.00         0.00         0.00        25.37         41.75       915.61       161.29     1,076.90       146.88       930.02
7530          1.00         0.00         0.00         0.00         0.00         0.00         0.00         0.00         0.00         0.00         0.00        27.71         31.40       978.53       222.83     1,201.36        28.71     1,172.65
6028          1.00         0.00         0.00         0.00         0.00       407.29         0.00         0.00         0.00        72.41         0.00        31.58          0.00     1,646.58       296.26     1,942.84       512.28     1,430.56
6565          0.00         0.00         0.00         0.00         0.00         0.00         0.00         0.00         0.00         0.00         0.00         0.00          0.00         0.00         0.00         0.00         0.00         0.00
3676          1.00         0.00         0.00         0.00         0.00         0.00         0.00         0.00         0.00       129.01         0.00        38.00          0.00     1,706.24       417.19     2,123.43       168.01     1,955.42
3221          1.00         0.00         0.00         0.00         0.00         0.00         0.00         0.00         0.00       145.30         0.00        33.20          0.00     1,855.98       311.82     2,167.80       179.50     1,988.30
7741          1.00        56.00         0.00         0.00         0.00         0.00         0.00         0.00         0.00         0.00         0.00        21.44         36.16       904.15       163.22     1,067.37        78.44       988.93
7779          1.00         0.00         0.00         0.00         0.00         0.00         0.00         0.00         0.00        56.94         0.00        37.38          0.00     1,580.44       369.55     1,949.99        95.32     1,854.67
7942          1.00         0.00         0.00         0.00         0.00         0.00         0.00         0.00         0.00         0.00         0.00        19.91         38.08       874.26       171.17     1,045.43        20.91     1,024.52
7845          1.00         0.00         0.00         0.00         0.00         0.00         0.00         0.00         0.00        23.18         0.00        40.88          0.00     1,357.04       246.04     1,603.08        65.06     1,538.02
7920          1.00         0.00         0.00         0.00         0.00         0.00         0.00         0.00         0.00         0.00         0.00        20.60         21.69     1,028.76       232.03     1,260.79        21.60     1,239.19
2522          1.00         0.00         0.00         0.00         0.00         0.00         0.00         0.00         0.00         0.00         0.00        28.06         28.93     1,017.15       258.99     1,276.14        29.06     1,247.08
7938          1.00         0.00         0.00         0.00         0.00         0.00       120.51         0.00         0.00         0.00         0.00        17.91         48.29       796.38       148.76       945.14       139.42       805.72
0236          1.00         0.00         0.00         0.00         0.00       533.49         0.00         0.00         0.00       213.70         0.00        58.53          0.00     2,323.72       474.56     2,798.28       806.72     1,991.56
7080          1.00         0.00         0.00         0.00         0.00         0.00         0.00         0.00         0.00       213.28         0.00        46.61          0.00     2,321.35       653.86     2,975.21       260.89     2,714.32
5965          1.00         0.00         0.00         0.00         0.00         0.00         0.00         0.00         0.00       183.54         0.00        32.45          0.00     2,136.88       431.04     2,567.92       216.99     2,350.93
5447          1.00         0.00         0.00         0.00         0.00         0.00         0.00         0.00         0.00         0.00         0.00        32.14          9.92     1,107.04       255.96     1,363.00        33.14     1,329.86
7932          1.00         0.00         0.00         0.00         0.00         0.00         0.00         0.00         0.00         0.00         0.00        20.84         31.67       974.38       254.89     1,229.27        21.84     1,207.43
7937          0.00         0.00         0.00         0.00         0.00         0.00         0.00         0.00         0.00         0.00         0.00         0.00          0.00         0.00         0.00         0.00         0.00         0.00
6685          1.00         0.00         0.00         0.00         0.00         0.00         0.00         0.00         0.00       159.10         0.00        26.48          0.00     1,982.78       345.93     2,328.71       186.58     2,142.13
5549          1.00         0.00         0.00         0.00         0.00         0.00         0.00         0.00         0.00         0.00         0.00        29.95          3.55     1,175.26       272.23     1,447.49        30.95     1,416.54
0854          1.00         0.00         0.00         0.00         0.00       332.71         0.00         0.00         0.00       135.94         0.00        40.03          0.00     1,769.88       340.47     2,110.35       509.68     1,600.67
7295          1.00         0.00         0.00         0.00         0.00         0.00         0.00         0.00         0.00         0.00         0.00        28.47         28.93     1,017.15       258.99     1,276.14        29.47     1,246.67
6832          1.00         0.00       150.00         0.00         0.00         0.00         0.00         0.00         0.00         0.00         0.00        26.60         35.52       914.15       162.58     1,076.73       177.60       899.13
4807          1.00         0.00         0.00         0.00         0.00         0.00         0.00         0.00         0.00       510.35         0.00       110.77          0.00     3,783.66       586.18     4,369.84       622.12     3,747.72
7952          0.00         0.00         0.00         0.00         0.00         0.00         0.00         0.00         0.00         0.00         0.00         0.00          0.00         0.00         0.00         0.00         0.00         0.00
6821          1.00         0.00         0.00         0.00         0.00         0.00         0.00         0.00         0.00         0.00         0.00        28.81          3.24     1,178.13       174.14     1,352.27        29.81     1,322.46
3169          1.00         0.00         0.00         0.00         0.00         0.00         0.00         0.00         0.00         0.00         0.00        27.21         35.52       914.15       162.58     1,076.73        28.21     1,048.52
7947          1.00         0.00         0.00         0.00         0.00         0.00         0.00         0.00         0.00         0.00         0.00        25.41          2.60     1,183.99       315.94     1,499.93        26.41     1,473.52
4514          1.00         0.00         0.00         0.00         0.00       371.18         0.00         0.00         0.00        46.13         0.00        35.10          0.00     1,481.07       323.13     1,804.20       453.41     1,350.79
6379          1.00         0.00         0.00         0.00         0.00         0.00         0.00         0.00         0.00        17.96         0.00        21.67          0.00     1,309.13       416.34     1,725.47        40.63     1,684.84
7814          1.00         0.00         0.00         0.00         0.00         0.00         0.00         0.00         0.00         0.00         0.00        29.32         29.77     1,004.04       172.81     1,176.85        30.32     1,146.53
7754          1.00         0.00         0.00         0.00         0.00         0.00         0.00         0.00         0.00         0.00         0.00        21.05         31.67       974.38       254.89     1,229.27        22.05     1,207.22
7717          1.00         0.00         0.00         0.00         0.00         0.00         0.00         0.00         0.00       129.78         0.00        34.95          0.00     1,713.30       409.20     2,122.50       165.73     1,956.77
6014          1.00         0.00         0.00         0.00         0.00         0.00         0.00         0.00         0.00        29.85         0.00        32.33          0.00     1,418.36       260.41     1,678.77        63.18     1,615.59
7775          1.00         0.00         0.00         0.00         0.00         0.00         0.00         0.00         0.00         0.00         0.00        20.49         29.01     1,015.88       226.48     1,242.36        21.49     1,220.87

















































EJECUTIVOS EN SERVICIOS DE ALIMENTOS, S.A. DE C.V.                                                                      Pagina: 0004
R.F.C.:                                                                                                                    2/NOV/19
REPORTE DE SUELDOS SEMANALES DEDUCCIONES


 
Codigo Desc Vales   Desc Zapatos Otras Deducc Desc Fonacot Pension Alim Desc Infonav Faltas       Inca Enferme Inca Riesgo  ISPT         Ajus ISPT    IMSS          Sub P/Empleo Tot Per Grav Tot Per Exce Total Percep Total Deducc Neto Pagado
..........................................................................................................................................................................................................................................
7715          1.00         0.00         0.00         0.00         0.00         0.00       482.04         0.00         0.00         0.00         0.00        13.29         34.95       765.45        77.42       842.87       496.33       346.54
3827          1.00         0.00         0.00         0.00         0.00         0.00         0.00         0.00         0.00         9.84         0.00        29.84          0.00     1,234.44       250.91     1,485.35        40.68     1,444.67
5412          1.00         0.00         0.00         0.00         0.00         0.00         0.00         0.00         0.00         0.00         0.00        24.62         34.51       929.90       187.32     1,117.22        25.62     1,091.60
4504          1.00         0.00         0.00         0.00         0.00         0.00         0.00         0.00         0.00       193.62         0.00        56.80          0.00     2,199.89       318.38     2,518.27       251.42     2,266.85
7395          1.00         0.00         0.00         0.00         0.00         0.00         0.00         0.00         0.00         0.00         0.00        23.49         32.33       964.06       167.37     1,131.43        24.49     1,106.94
0214          1.00         0.00         0.00         0.00         0.00         0.00         0.00         0.00         0.00       510.35         0.00       110.48          0.00     3,783.66       586.18     4,369.84       621.83     3,748.01
7849          1.00         0.00         0.00         0.00         0.00         0.00         0.00         0.00         0.00         0.00         0.00        27.02         34.78       925.76       219.37     1,145.13        28.02     1,117.11
6321          0.00         0.00         0.00         0.00         0.00         0.00         0.00         0.00         0.00         0.00         0.00         0.00          0.00         0.00         0.00         0.00         0.00         0.00
5232          1.00         0.00         0.00         0.00         0.00         0.00         0.00         0.00         0.00       151.18         0.00        36.63          0.00     1,910.02       413.41     2,323.43       188.81     2,134.62
4958          1.00         0.00         0.00         0.00         0.00         0.00         0.00         0.00         0.00         0.00         0.00        24.82         28.93     1,017.15       258.99     1,276.14        25.82     1,250.32
7880          1.00         0.00         0.00         0.00         0.00         0.00         0.00         0.00         0.00         0.00         0.00        28.06          8.21     1,132.49       218.55     1,351.04        29.06     1,321.98
3979          1.00         0.00         0.00         0.00         0.00         0.00         0.00         0.00         0.00       537.27         0.00       108.44          0.00     3,909.69       947.04     4,856.73       646.71     4,210.02
7902          1.00         0.00         0.00         0.00         0.00         0.00         0.00         0.00         0.00         0.00         0.00        27.70          6.10     1,151.80       267.94     1,419.74        28.70     1,391.04
0442          1.00         0.00         0.00         0.00         0.00         0.00         0.00         0.00         0.00        29.69         0.00        39.39          0.00     1,416.92       242.33     1,659.25        70.08     1,589.17
7857          1.00         0.00         0.00         0.00         0.00         0.00         0.00         0.00         0.00       168.70         0.00        47.08          0.00     2,044.13       459.17     2,503.30       216.78     2,286.52
7330          0.00         0.00         0.00         0.00         0.00         0.00         0.00         0.00         0.00         0.00         0.00         0.00          0.00         0.00         0.00         0.00         0.00         0.00
7719          1.00         0.00         0.00         0.00         0.00         0.00         0.00         0.00         0.00         0.00         0.00        24.16         28.93     1,017.15       258.99     1,276.14        25.16     1,250.98
7846          1.00         0.00         0.00         0.00         0.00         0.00         0.00         0.00         0.00         0.00         0.00        24.57          9.28     1,117.04       255.32     1,372.36        25.57     1,346.79
7928          0.00         0.00         0.00         0.00         0.00         0.00       288.40         0.00         0.00         0.00         0.00        15.64         45.89       841.35        45.89       887.24       304.04       583.20
7823          1.00        56.00         0.00         0.00         0.00         0.00         0.00         0.00         0.00         0.00         0.00        20.69         31.67       974.38       254.89     1,229.27        77.69     1,151.58
7298          1.00         0.00         0.00         0.00         0.00         0.00         0.00         0.00         0.00        51.56         0.00        35.28          0.00     1,530.97       270.37     1,801.34        87.84     1,713.50
7963          1.00         0.00         0.00         0.00         0.00         0.00         0.00         0.00         0.00         0.00         0.00        20.08         38.26       871.38       158.48     1,029.86        21.08     1,008.78
5396          1.00         0.00         0.00         0.00         0.00         0.00         0.00         0.00         0.00        16.85         0.00        28.83          0.00     1,298.84       242.93     1,541.77        46.68     1,495.09
5704          1.00         0.00         0.00         0.00         0.00         0.00         0.00         0.00         0.00        24.04         0.00        33.14          0.00     1,364.95       199.19     1,564.14        58.18     1,505.96
7503          1.00         0.00         0.00         0.00         0.00         0.00         0.00         0.00         0.00         0.39         0.00        23.39          0.00     1,211.64       364.84     1,576.48        24.78     1,551.70
7974          1.00         0.00         0.00         0.00         0.00         0.00         0.00         0.00         0.00         0.00         0.00        10.66         34.47       350.55        82.55       433.10        11.66       421.44
7588          1.00         0.00         0.00         0.00         0.00         0.00         0.00         0.00         0.00         0.00         0.00        25.39         28.93     1,017.15       258.99     1,276.14        26.39     1,249.75
7948          1.00         0.00         0.00         0.00         0.00         0.00       120.51         0.00         0.00         0.00         0.00        17.93         42.64       899.38       246.11     1,145.49       139.44     1,006.05
7821          1.00         0.00         0.00         0.00         0.00         0.00         0.00         0.00         0.00         0.00         0.00        24.60          9.28     1,117.04       255.32     1,372.36        25.60     1,346.76
5588          1.00         0.00         0.00         0.00         0.00         0.00         0.00         0.00         0.00         0.00         0.00        22.54         28.93     1,017.15       258.99     1,276.14        23.54     1,252.60
6203          1.00         0.00         0.00         0.00         0.00         0.00       120.51         0.00         0.00         0.00         0.00        32.00          5.99     1,264.23       260.47     1,524.70       153.51     1,371.19
6582          1.00         0.00         0.00         0.00         0.00         0.00         0.00         0.00         0.00         0.00         0.00        21.69         19.77     1,058.65       224.08     1,282.73        22.69     1,260.04
7392          1.00         0.00         0.00         0.00         0.00         0.00         0.00         0.00         0.00        11.41         0.00        27.03          0.00     1,248.90       268.68     1,517.58        39.44     1,478.14
7226          1.00         0.00         0.00         0.00         0.00         0.00         0.00         0.00         0.00         0.00         0.00        30.22          9.28     1,117.04       255.32     1,372.36        31.22     1,341.14
7885          1.00         0.00         0.00         0.00         0.00         0.00         0.00         0.00         0.00         0.00         0.00        22.13         38.26       871.38       158.48     1,029.86        23.13     1,006.73
3326          1.00         0.00         0.00         0.00         0.00       352.72         0.00         0.00         0.00        61.62         0.00        36.42          0.00     1,623.45       345.91     1,969.36       451.76     1,517.60
7939          1.00         0.00         0.00         0.00         0.00         0.00         0.00         0.00         0.00         0.00         0.00        20.61         38.08       874.26       171.17     1,045.43        21.61     1,023.82
0449          1.00         0.00         0.00         0.00         0.00       447.60         0.00         0.00         0.00        24.27         0.00        37.35          0.00     1,367.04       246.04     1,613.08       510.22     1,102.86
6934          1.00         0.00         0.00         0.00         0.00         0.00         0.00         0.00         0.00       342.84         0.00        87.64          0.00     2,999.45       460.71     3,460.16       431.48     3,028.68
7137          1.00         0.00         0.00         0.00         0.00         0.00         0.00         0.00         0.00        52.37         0.00        36.53          0.00     1,538.38       199.19     1,737.57        89.90     1,647.67
7951          1.00         0.00         0.00         0.00         0.00         0.00         0.00         0.00         0.00       167.41         0.00        38.39          0.00     2,036.03       509.37     2,545.40       206.80     2,338.60
6682          1.00         0.00       400.00         0.00         0.00         0.00       144.20         0.00         0.00         0.00         0.00        17.72         50.19       785.30       146.36       931.66       562.92       368.74
1269          1.00         0.00         0.00         0.00         0.00         0.00         0.00         0.00         0.00         0.00         0.00        24.33         21.42     1,032.90       277.23     1,310.13        25.33     1,284.80

















































EJECUTIVOS EN SERVICIOS DE ALIMENTOS, S.A. DE C.V.                                                                      Pagina: 0005
R.F.C.:                                                                                                                    2/NOV/19
REPORTE DE SUELDOS SEMANALES DEDUCCIONES


 
Codigo Desc Vales   Desc Zapatos Otras Deducc Desc Fonacot Pension Alim Desc Infonav Faltas       Inca Enferme Inca Riesgo  ISPT         Ajus ISPT    IMSS          Sub P/Empleo Tot Per Grav Tot Per Exce Total Percep Total Deducc Neto Pagado
..........................................................................................................................................................................................................................................
7890          1.00         0.00         0.00         0.00         0.00         0.00         0.00         0.00         0.00         0.00         0.00        21.32         30.02     1,000.13       330.49     1,330.62        22.32     1,308.30
1419          1.00         0.00         0.00         0.00         0.00       268.68         0.00         0.00         0.00       130.07         0.00        38.46          0.00     1,715.95       376.55     2,092.50       438.21     1,654.29
7967          1.00         0.00         0.00         0.00         0.00         0.00       440.25         0.00         0.00         0.00         0.00        25.72         30.65     1,158.18       246.48     1,404.66       466.97       937.69
7887          1.00         0.00         0.00         0.00         0.00         0.00         0.00         0.00         0.00         0.00         0.00        21.61         38.26       871.38       158.48     1,029.86        22.61     1,007.25
3525          1.00         0.00         0.00         0.00         0.00         0.00         0.00         0.00         0.00        13.37         0.00        29.52          0.00     1,266.87       286.33     1,553.20        43.89     1,509.31
6885          1.00         0.00         0.00         0.00         0.00         0.00         0.00         0.00         0.00        22.62         0.00        33.49          0.00     1,351.90       423.18     1,775.08        57.11     1,717.97
7893          1.00         0.00         0.00         0.00         0.00         0.00         0.00         0.00         0.00         0.00         0.00        24.82         31.67       974.38       254.89     1,229.27        25.82     1,203.45
7907          1.00         0.00         0.00         0.00         0.00         0.00         0.00         0.00         0.00       131.21         0.00        41.74          0.00     1,726.43       257.02     1,983.45       173.95     1,809.50
4775          1.00         0.00         0.00         0.00         0.00         0.00         0.00         0.00         0.00         0.00         0.00        27.55         28.75     1,020.03       271.68     1,291.71        28.55     1,263.16
7966          1.00         0.00         0.00         0.00         0.00         0.00         0.00         0.00         0.00         0.00         0.00        19.65         35.60       912.88       207.32     1,120.20        20.65     1,099.55
4832          1.00         0.00         0.00         0.00         0.00         0.00         0.00         0.00         0.00         0.00         0.00        21.86         28.93     1,017.15       258.99     1,276.14        22.86     1,253.28
7824          1.00         0.00         0.00         0.00         0.00         0.00         0.00         0.00         0.00         0.00         0.00        20.69         31.67       974.38       254.89     1,229.27        21.69     1,207.58
3321          1.00         0.00         0.00         0.00         0.00         0.00         0.00         0.00         0.00       243.46         0.00        62.57          0.00     2,489.79       504.45     2,994.24       307.03     2,687.21
7965          1.00         0.00         0.00         0.00         0.00         0.00         0.00         0.00         0.00        24.83         0.00        34.53          0.00     1,372.22       305.71     1,677.93        60.36     1,617.57
2112          1.00         0.00         0.00         0.00         0.00         0.00         0.00       120.51         0.00         0.00         0.00        24.88         46.33       832.13       265.96     1,098.09       146.39       951.70
0624          1.00         0.00         0.00         0.00         0.00         0.00         0.00         0.00         0.00       165.90         0.00        52.14          0.00     2,026.61       395.20     2,421.81       219.04     2,202.77
6877          1.00         0.00         0.00       166.41         0.00         0.00         0.00       171.38         0.00         0.00         0.00        23.52         33.44     1,030.94       164.56     1,195.50       362.31       833.19
4385          1.00         0.00         0.00         0.00         0.00         0.00         0.00         0.00         0.00        48.73         0.00        35.82          0.00     1,504.95       199.19     1,704.14        85.55     1,618.59
0366          1.00         0.00        10.00         0.00         0.00         0.00         0.00         0.00         0.00       343.08         0.00        87.52          0.00     3,000.58       462.49     3,463.07       441.60     3,021.47
7917          1.00         0.00         0.00         0.00         0.00         0.00         0.00         0.00         0.00         0.00         0.00        21.37          5.80     1,154.63       460.77     1,615.40        22.37     1,593.03
6206          1.00         0.00         0.00         0.00         0.00         0.00         0.00         0.00         0.00       237.81         0.00        36.03          0.00     2,458.23       431.04     2,889.27       274.84     2,614.43
7970          0.00         0.00         0.00         0.00         0.00         0.00       144.20         0.00         0.00         0.00         0.00        17.43         44.92       881.47        44.92       926.39       161.63       764.76
7618          1.00         0.00         0.00         0.00         0.00         0.00         0.00         0.00         0.00         0.00         0.00        27.26         32.22       965.65       210.78     1,176.43        28.26     1,148.17
 
*** GLO     180.00       112.00     1,220.00     1,017.72         0.00     5,740.59     3,257.30       724.49         0.00     9,625.96         0.00     5,777.08      3,089.66   244,828.72                297,918.95    27,655.14   270,263.81
  


































































