EJECUTIVOS EN SERVICIOS DE ALIMENTOS, S.A. DE C.V.                                                                      Pagina: 0001
R.F.C.:                                                                                                                    2/NOV/19
REPORTE DE SUELDOS SEMANALES DEDUCCIONES


 
Codigo Desc Vales   Desc Zapatos Otras Deducc Desc Fonacot Pension Alim Desc Infonav Faltas       Inca Enferme Inca Riesgo  ISPT         Ajus ISPT    IMSS          Sub P/Empleo Tot Per Grav Tot Per Exce Total Percep Total Deducc Neto Pagado
..........................................................................................................................................................................................................................................
7879          1.00         0.00         0.00         0.00         0.00         0.00         0.00         0.00         0.00         0.00         0.00        26.87         38.26       871.38       158.48     1,029.86        27.87     1,001.99
6600          1.00         0.00         0.00         0.00         0.00       246.12         0.00         0.00         0.00         0.00         0.00        21.43         34.93       923.46       181.30     1,104.76       268.55       836.21
7685          1.00         0.00         0.00         0.00         0.00         0.00       120.51         0.00         0.00         0.00         0.00        22.21         51.07       857.88       183.00     1,040.88       143.72       897.16
7331          1.00         0.00         0.00         0.00         0.00         0.00         0.00         0.00         0.00         0.00         0.00        27.66         11.59     1,080.99       170.43     1,251.42        28.66     1,222.76
5933          1.00         0.00         0.00         0.00         0.00         0.00         0.00         0.00         0.00         0.00         0.00        25.05         33.89       939.90       186.70     1,126.60        26.05     1,100.55
7170          1.00         0.00         0.00         0.00         0.00         0.00         0.00         0.00         0.00        28.97         0.00        25.92          0.00     1,300.40       333.06     1,633.46        55.89     1,577.57
5201          1.00         0.00         0.00         0.00         0.00       335.50         0.00         0.00         0.00        53.10         0.00        36.80          0.00     1,545.06       267.51     1,812.57       426.40     1,386.17
3890          1.00         0.00         0.00         0.00         0.00         0.00         0.00         0.00         0.00       178.37         0.00        54.41          0.00     2,104.51       319.12     2,423.63       233.78     2,189.85
7834          1.00         0.00         0.00         0.00         0.00         0.00         0.00         0.00         0.00         0.00         0.00        23.58         22.63     1,014.04       165.67     1,179.71        24.58     1,155.13
1123          1.00         0.00         0.00         0.00         0.00         0.00         0.00         0.00         0.00        43.49         0.00        33.05          0.00     1,543.78       244.73     1,788.51        77.54     1,710.97
7959          1.00         0.00         0.00         0.00         0.00         0.00         0.00         0.00         0.00         0.00         0.00        19.71         27.95     1,032.36       148.17     1,180.53        20.71     1,159.82
8016          1.00         0.00         0.00         0.00         0.00         0.00         0.00         0.00         0.00         0.00         0.00        18.65         34.93       861.38       155.15     1,016.53        19.65       996.88
7977          1.00         0.00         0.00         0.00         0.00         0.00         0.00         0.00         0.00         0.00         0.00        18.65         19.83     1,057.91       165.80     1,223.71        19.65     1,204.06
8021          1.00         0.00         0.00         0.00         0.00         0.00         0.00         0.00         0.00         0.00         0.00        18.65         38.26       871.38       158.48     1,029.86        19.65     1,010.21
7986          1.00         0.00         0.00         0.00         0.00         0.00         0.00         0.00         0.00         0.00         0.00        18.65         27.67     1,042.36       199.39     1,241.75        19.65     1,222.10
8022          1.00         0.00         0.00         0.00         0.00         0.00         0.00         0.00         0.00         0.00         0.00        15.99         34.01       727.93       134.48       862.41        16.99       845.42
7259          1.00         0.00         0.00         0.00         0.00         0.00       144.20         0.00         0.00         0.00         0.00        23.91         45.19       819.52       146.84       966.36       169.11       797.25
7312          1.00         0.00         0.00         0.00         0.00         0.00         0.00         0.00         0.00         0.00         0.00        23.53         32.34       964.06       218.88     1,182.94        24.53     1,158.41
7975          0.00         0.00         0.00         0.00         0.00         0.00         0.00         0.00         0.00         0.00         0.00         0.00          0.00         0.00         0.00         0.00         0.00         0.00
7338          1.00         0.00         0.00         0.00         0.00         0.00         0.00         0.00         0.00         0.00         0.00        27.26          3.85     1,104.17       288.51     1,392.68        28.26     1,364.42
5677          1.00         0.00         0.00         0.00         0.00         0.00         0.00         0.00         0.00        23.03         0.00        35.87          0.00     1,355.64       197.70     1,553.34        59.90     1,493.44
8023          1.00         0.00         0.00         0.00         0.00         0.00         0.00         0.00         0.00         0.00         0.00         7.99         19.02       348.32       110.70       459.02         8.99       450.03
7943          1.00         0.00         0.00         0.00         0.00         0.00         0.00         0.00         0.00         0.00         0.00        20.30         31.67       974.38       216.26     1,190.64        21.30     1,169.34
0849          1.00         0.00         0.00         0.00         0.00         0.00         0.00         0.00         0.00         0.00         0.00        31.54         11.07     1,089.04       154.11     1,243.15        32.54     1,210.61
7536          1.00         0.00         0.00         0.00         0.00         0.00         0.00         0.00         0.00         0.00         0.00        24.65         31.41       978.53       222.84     1,201.37        25.65     1,175.72
5181          1.00         0.00         0.00         0.00         0.00         0.00         0.00         0.00         0.00         0.00         0.00        22.43         23.17     1,107.28       188.85     1,296.13        23.43     1,272.70
5429          1.00         0.00         0.00         0.00         0.00         0.00         0.00         0.00         0.00       313.35         0.00        77.74          0.00     2,861.35       403.61     3,264.96       392.09     2,872.87
7655          1.00         0.00         0.00         0.00         0.00         0.00         0.00         0.00         0.00         0.00         0.00        26.86         22.98     1,110.15       356.04     1,466.19        27.86     1,438.33
5558          1.00         0.00         0.00         0.00         0.00         0.00         0.00         0.00         0.00         0.00         0.00        24.77         11.16     1,087.73       237.88     1,325.61        25.77     1,299.84
7663          1.00         0.00         0.00         0.00         0.00         0.00         0.00         0.00         0.00         0.00         0.00        28.66          4.04     1,170.78       169.32     1,340.10        29.66     1,310.44
8010          1.00         0.00         0.00         0.00         0.00         0.00         0.00         0.00         0.00         0.00         0.00        18.65         38.91       861.38       159.13     1,020.51        19.65     1,000.86
7773          1.00         0.00         0.00         0.00         0.00         0.00         0.00         0.00         0.00         0.00         0.00        25.71         31.82       972.04       158.88     1,130.92        26.71     1,104.21
1424          1.00         0.00       300.00         0.00         0.00       466.38         0.00         0.00         0.00       288.32         0.00        73.68          0.00     2,740.06       479.68     3,219.74     1,129.38     2,090.36
5280          1.00         0.00         0.00       362.10         0.00       435.11         0.00         0.00         0.00       148.92         0.00        48.16          0.00     1,920.48       289.67     2,210.15       995.29     1,214.86
8020          1.00         0.00         0.00         0.00         0.00         0.00         0.00         0.00         0.00         0.00         0.00        18.65         37.26       887.13       183.23     1,070.36        19.65     1,050.71
7883          0.00         0.00         0.00         0.00         0.00         0.00         0.00         0.00         0.00         0.00         0.00         0.00          0.00         0.00         0.00         0.00         0.00         0.00
7994          1.00         0.00         0.00         0.00         0.00         0.00         0.00         0.00         0.00         0.00         0.00        18.65         38.26       871.38       158.48     1,029.86        19.65     1,010.21
6461          1.00         0.00       250.00         0.00         0.00         0.00         0.00         0.00         0.00         0.00         0.00        26.97          1.41     1,130.94       222.94     1,353.88       277.97     1,075.91
6765          1.00         0.00         0.00         0.00         0.00         0.00         0.00         0.00         0.00       173.44         0.00        49.12          0.00     2,076.58       338.80     2,415.38       223.56     2,191.82
8017          1.00         0.00         0.00         0.00         0.00       231.20         0.00         0.00         0.00         0.00         0.00        18.65         39.00       861.38       159.22     1,020.60       250.85       769.75
7909          1.00         0.00         0.00         0.00         0.00         0.00         0.00         0.00         0.00         0.00         0.00        23.56         32.49       961.51       242.83     1,204.34        24.56     1,179.78
5000          1.00         0.00         0.00         0.00         0.00         0.00         0.00         0.00         0.00       112.27         0.00        29.62          0.00     1,914.99       476.94     2,391.93       142.89     2,249.04
7925          1.00         0.00         0.00         0.00         0.00         0.00         0.00         0.00         0.00        11.19         0.00        29.64          0.00     1,246.79       180.28     1,427.07        41.83     1,385.24

















































EJECUTIVOS EN SERVICIOS DE ALIMENTOS, S.A. DE C.V.                                                                      Pagina: 0002
R.F.C.:                                                                                                                    2/NOV/19
REPORTE DE SUELDOS SEMANALES DEDUCCIONES


 
Codigo Desc Vales   Desc Zapatos Otras Deducc Desc Fonacot Pension Alim Desc Infonav Faltas       Inca Enferme Inca Riesgo  ISPT         Ajus ISPT    IMSS          Sub P/Empleo Tot Per Grav Tot Per Exce Total Percep Total Deducc Neto Pagado
..........................................................................................................................................................................................................................................
5644          1.00         0.00         0.00         0.00         0.00       337.88         0.00         0.00         0.00        51.95         0.00        30.54          0.00     1,534.49       296.26     1,830.75       421.37     1,409.38
6638          1.00         0.00         0.00         0.00         0.00         0.00         0.00         0.00         0.00         0.00         0.00        24.95         44.87       914.15       171.93     1,086.08        25.95     1,060.13
7800          1.00         0.00         0.00         0.00         0.00         0.00         0.00         0.00         0.00         0.00         0.00        20.63         38.26       871.38       209.98     1,081.36        21.63     1,059.73
6690          1.00         0.00         0.00         0.00         0.00         0.00         0.00         0.00         0.00         0.00         0.00        23.12         28.75     1,020.03       323.18     1,343.21        24.12     1,319.09
7168          1.00         0.00         0.00         0.00         0.00         0.00         0.00         0.00         0.00         0.00         0.00        26.76         30.58       991.40       247.76     1,239.16        27.76     1,211.40
7991          1.00         0.00         0.00         0.00         0.00         0.00         0.00         0.00         0.00        10.09         0.00        27.97          0.00     1,236.79       180.28     1,417.07        39.06     1,378.01
4314          1.00         0.00         0.00         0.00         0.00         0.00         0.00         0.00         0.00       211.14         0.00        48.63          0.00     2,309.38       393.60     2,702.98       260.77     2,442.21
7848          1.00         0.00         0.00         0.00         0.00         0.00         0.00         0.00         0.00         0.00         0.00        20.35         36.02       906.44       201.30     1,107.74        21.35     1,086.39
7632          1.00         0.00         0.00         0.00         0.00         0.00         0.00         0.00         0.00         0.00         0.00        28.01          0.44     1,319.71       243.37     1,563.08        29.01     1,534.07
7873          1.00         0.00         0.00         0.00         0.00         0.00         0.00         0.00         0.00         0.00         0.00        27.77         36.61       897.13       182.58     1,079.71        28.77     1,050.94
7801          1.00         0.00         0.00         0.00         0.00         0.00         0.00         0.00         0.00         0.00         0.00        22.21         38.26       871.38       158.48     1,029.86        23.21     1,006.65
7061          1.00         0.00         0.00         0.00         0.00         0.00         0.00         0.00         0.00         0.00         0.00        28.40          6.91     1,144.45       170.82     1,315.27        29.40     1,285.87
7847          1.00         0.00         0.00         0.00         0.00         0.00         0.00         0.00         0.00         0.00         0.00        24.88         32.31       964.38       307.03     1,271.41        25.88     1,245.53
7633          1.00         0.00         0.00         0.00         0.00         0.00         0.00         0.00         0.00         0.00         0.00        27.07         36.44       904.15       163.50     1,067.65        28.07     1,039.58
7984          1.00         0.00         0.00         0.00         0.00         0.00         0.00         0.00         0.00        10.10         0.00        27.97          0.00     1,236.79       180.28     1,417.07        39.07     1,378.00
7914          1.00         0.00         0.00         0.00         0.00         0.00         0.00         0.00         0.00         0.00         0.00        22.06         34.14       935.76       218.73     1,154.49        23.06     1,131.43
2897          1.00         0.00         0.00         0.00         0.00         0.00         0.00         0.00         0.00         0.00         0.00        21.89         28.11     1,030.03       245.29     1,275.32        22.89     1,252.43
8007          1.00         0.00         0.00         0.00         0.00         0.00         0.00         0.00         0.00         0.00         0.00        26.27          3.22     1,178.33       233.76     1,412.09        27.27     1,384.82
7614          1.00         0.00         0.00         0.00         0.00         0.00         0.00         0.00         0.00        56.67         0.00        34.01          0.00     1,577.87       330.80     1,908.67        91.68     1,816.99
3318          1.00         0.00         0.00         0.00         0.00       510.55         0.00         0.00         0.00       229.37         0.00        70.51          0.00     2,411.11       313.42     2,724.53       811.43     1,913.10
7804          1.00         0.00         0.00         0.00         0.00         0.00         0.00         0.00         0.00        55.18         0.00        38.29          0.00     1,564.18       232.66     1,796.84        94.47     1,702.37
6083          0.00         0.00         0.00         0.00         0.00         0.00         0.00         0.00         0.00         0.00         0.00         0.00          0.00         0.00         0.00         0.00         0.00         0.00
6766          1.00         0.00         0.00         0.00         0.00         0.00         0.00         0.00         0.00         0.05         0.00        26.99          0.00     1,144.45       163.91     1,308.36        28.04     1,280.32
7982          1.00         0.00         0.00         0.00         0.00         0.00         0.00         0.00         0.00        13.51         0.00        27.97          0.00     1,268.15       211.63     1,479.78        42.48     1,437.30
4137          1.00         0.00         0.00         0.00         0.00         0.00         0.00         0.00         0.00       371.81         0.00        88.97          0.00     3,135.04       482.40     3,617.44       461.78     3,155.66
8009          1.00         0.00         0.00         0.00         0.00         0.00         0.00         0.00         0.00         0.00         0.00        18.65         36.35     1,032.16       156.57     1,188.73        19.65     1,169.08
7542          1.00        56.00         0.00         0.00         0.00         0.00         0.00         0.00         0.00        12.81         0.00        27.83          0.00     1,364.77       358.81     1,723.58        97.64     1,625.94
3780          1.00         0.00         0.00         0.00         0.00         0.00         0.00         0.00         0.00       138.33         0.00        43.02          0.00     1,791.84       487.01     2,278.85       182.35     2,096.50
6205          1.00         0.00         0.00         0.00         0.00         0.00         0.00         0.00         0.00         0.00         0.00        24.05         32.34       964.06       167.38     1,131.44        25.05     1,106.39
5027          1.00         0.00         0.00         0.00         0.00         0.00         0.00         0.00         0.00        19.18         0.00        35.49          0.00     1,320.17       284.66     1,604.83        55.67     1,549.16
7993          1.00         0.00         0.00         0.00         0.00         0.00         0.00         0.00         0.00         0.00         0.00        18.65         10.17     1,103.13       207.64     1,310.77        19.65     1,291.12
7818          1.00         0.00         0.00         0.00         0.00         0.00         0.00         0.00         0.00         0.00         0.00        29.06         35.15     1,029.79       203.94     1,233.73        30.06     1,203.67
7221          1.00         0.00         0.00         0.00         0.00         0.00         0.00         0.00         0.00         0.00         0.00        18.65         36.29       906.44       201.57     1,108.01        19.65     1,088.36
7815          1.00         0.00         0.00         0.00         0.00         0.00         0.00         0.00         0.00         0.00         0.00        26.42         38.90       861.38       159.12     1,020.50        27.42       993.08
6839          1.00         0.00         0.00         0.00         0.00         0.00         0.00         0.00         0.00         0.00         0.00        24.24         25.64     1,068.66       358.69     1,427.35        25.24     1,402.11
5646          1.00         0.00         0.00         0.00         0.00         0.00         0.00         0.00         0.00         0.00         0.00        28.14         35.53       914.15       162.59     1,076.74        29.14     1,047.60
8011          1.00         0.00         0.00         0.00         0.00         0.00         0.00         0.00         0.00        50.43         0.00        27.97          0.00     1,607.40       305.71     1,913.11        79.40     1,833.71
7708          1.00         0.00         0.00         0.00         0.00         0.00         0.00         0.00         0.00         0.00         0.00        23.04         20.69     1,145.90       291.98     1,437.88        24.04     1,413.84
7985          1.00         0.00         0.00         0.00         0.00         0.00         0.00         0.00         0.00         0.00         0.00        18.65         14.06     1,042.16       134.28     1,176.44        19.65     1,156.79
7869          1.00         0.00         0.00         0.00         0.00         0.00         0.00         0.00         0.00         0.00         0.00        23.81         32.66       964.06       167.70     1,131.76        24.81     1,106.95
7973          1.00         0.00         0.00         0.00         0.00       175.37         0.00         0.00         0.00         0.00         0.00        18.65         38.90       861.38       159.12     1,020.50       195.02       825.48
8012          1.00         0.00         0.00         0.00         0.00         0.00         0.00         0.00         0.00         0.00         0.00        18.65          8.24     1,093.86       231.46     1,325.32        19.65     1,305.67
5679          1.00         0.00         0.00         0.00         0.00         0.00         0.00         0.00         0.00        23.03         0.00        37.71          0.00     1,355.64       197.70     1,553.34        61.74     1,491.60

















































EJECUTIVOS EN SERVICIOS DE ALIMENTOS, S.A. DE C.V.                                                                      Pagina: 0003
R.F.C.:                                                                                                                    2/NOV/19
REPORTE DE SUELDOS SEMANALES DEDUCCIONES


 
Codigo Desc Vales   Desc Zapatos Otras Deducc Desc Fonacot Pension Alim Desc Infonav Faltas       Inca Enferme Inca Riesgo  ISPT         Ajus ISPT    IMSS          Sub P/Empleo Tot Per Grav Tot Per Exce Total Percep Total Deducc Neto Pagado
..........................................................................................................................................................................................................................................
7892          0.00         0.00         0.00         0.00         0.00         0.00         0.00         0.00         0.00         0.00         0.00         0.00          0.00         0.00         0.00         0.00         0.00         0.00
7530          1.00         0.00         0.00         0.00         0.00         0.00       241.02         0.00         0.00         0.00         0.00        21.88         44.91       816.34       221.37     1,037.71       263.90       773.81
6459          0.00         0.00         0.00         0.00         0.00         0.00       288.40         0.00         0.00         0.00         0.00        12.06         38.29       725.34        38.29       763.63       300.46       463.17
6028          1.00         0.00         0.00         0.00         0.00       407.29         0.00         0.00         0.00        77.16         0.00        31.58          0.00     1,766.15       475.61     2,241.76       517.03     1,724.73
6565          0.00         0.00         0.00         0.00         0.00         0.00         0.00         0.00         0.00         0.00         0.00         0.00          0.00         0.00         0.00         0.00         0.00         0.00
3676          1.00         0.00         0.00         0.00         0.00         0.00         0.00         0.00         0.00        94.61         0.00        38.00          0.00     1,698.41       338.80     2,037.21       133.61     1,903.60
3221          1.00         0.00         0.00         0.00         0.00         0.00         0.00         0.00         0.00        47.91         0.00        33.20          0.00     1,497.27       311.82     1,809.09        82.11     1,726.98
7779          1.00         0.00         0.00         0.00         0.00         0.00         0.00         0.00         0.00        35.31         0.00        37.38          0.00     1,381.50       216.53     1,598.03        73.69     1,524.34
7942          1.00         0.00         0.00         0.00         0.00         0.00       144.20         0.00         0.00         0.00         0.00        17.81         38.36       921.92       134.53     1,056.45       163.01       893.44
7845          1.00         0.00         0.00         0.00         0.00         0.00         0.00         0.00         0.00        22.71         0.00        40.88          0.00     1,352.67       233.16     1,585.83        64.59     1,521.24
7920          1.00         0.00         0.00         0.00         0.00         0.00         0.00         0.00         0.00         0.00         0.00        20.60         38.90       861.38       159.12     1,020.50        21.60       998.90
7996          1.00         0.00         0.00         0.00         0.00         0.00         0.00         0.00         0.00         0.00         0.00        18.65         38.91       861.38       159.13     1,020.51        19.65     1,000.86
2522          1.00         0.00         0.00         0.00         0.00         0.00         0.00         0.00         0.00         0.00         0.00        28.06         26.75     1,190.96       424.18     1,615.14        29.06     1,586.08
7990          1.00         0.00         0.00         0.00         0.00         0.00       120.51         0.00         0.00         0.00         0.00        16.69         50.05       939.27       202.02     1,141.29       138.20     1,003.09
0236          1.00         0.00         0.00         0.00         0.00       533.49         0.00         0.00         0.00       199.63         0.00        58.53          0.00     2,237.42       608.81     2,846.23       792.65     2,053.58
7080          1.00         0.00         0.00         0.00         0.00         0.00       146.75         0.00         0.00         0.00         0.00        41.74          6.10     1,234.66       172.56     1,407.22       189.49     1,217.73
5965          1.00         0.00         0.00         0.00         0.00         0.00         0.00         0.00         0.00         1.16         0.00        32.45          0.00     1,218.74       201.50     1,420.24        34.61     1,385.63
5447          1.00         0.00         0.00         0.00         0.00         0.00         0.00         0.00         0.00         0.00         0.00        32.14         23.27     1,004.04       166.31     1,170.35        33.14     1,137.21
7932          1.00         0.00         0.00         0.00         0.00         0.00         0.00         0.00         0.00         0.00         0.00        20.84          9.99     1,116.00       181.71     1,297.71        21.84     1,275.87
6685          1.00         0.00         0.00         0.00         0.00         0.00         0.00         0.00         0.00        45.84         0.00        26.48          0.00     1,532.15       242.93     1,775.08        73.32     1,701.76
5549          1.00         0.00         0.00         0.00         0.00         0.00         0.00         0.00         0.00         0.00         0.00        29.95          6.36     1,149.51       249.29     1,398.80        30.95     1,367.85
0854          1.00         0.00         0.00         0.00         0.00       332.71         0.00         0.00         0.00       174.21         0.00        40.03          0.00     2,121.58       394.58     2,516.16       547.95     1,968.21
7295          1.00         0.00         0.00         0.00         0.00         0.00         0.00         0.00         0.00         8.69         0.00        28.47          0.00     1,300.40       333.06     1,633.46        38.16     1,595.30
4807          1.00         0.00         0.00         0.00         0.00         0.00         0.00         0.00         0.00       510.35         0.00       110.77          0.00     3,783.66       586.18     4,369.84       622.12     3,747.72
6821          1.00         0.00         0.00         0.00         0.00         0.00         0.00         0.00         0.00         6.88         0.00        28.81          0.00     1,178.13       170.90     1,349.03        36.69     1,312.34
8018          1.00         0.00         0.00         0.00         0.00         0.00         0.00         0.00         0.00        40.02         0.00        25.25          0.00     1,458.59       254.56     1,713.15        66.27     1,646.88
3169          1.00         0.00         0.00         0.00         0.00         0.00         0.00         0.00         0.00         0.00         0.00        27.21         30.64       927.03       170.57     1,097.60        28.21     1,069.39
7947          1.00         0.00         0.00         0.00         0.00         0.00         0.00         0.00         0.00         0.00         0.00        25.41         21.10     1,042.36       192.82     1,235.18        26.41     1,208.77
4514          1.00         0.00         0.00         0.00         0.00       371.18         0.00         0.00         0.00        32.49         0.00        35.10          0.00     1,355.64       197.70     1,553.34       439.77     1,113.57
7814          1.00         0.00         0.00         0.00         0.00         0.00       144.20         0.00         0.00         0.00         0.00        26.23         40.69       899.43       155.12     1,054.55       171.43       883.12
7754          1.00         0.00         0.00         0.00         0.00         0.00         0.00         0.00         0.00         0.00         0.00        21.05         38.26       871.38       158.48     1,029.86        22.05     1,007.81
7717          1.00         0.00         0.00         0.00         0.00         0.00       293.50         0.00         0.00         0.00         0.00        27.60         53.86     1,123.69       180.69     1,304.38       322.10       982.28
6014          1.00         0.00         0.00         0.00         0.00         0.00         0.00         0.00         0.00        41.02         0.00        32.33          0.00     1,434.03       276.09     1,710.12        74.35     1,635.77
7775          1.00         0.00         0.00         0.00         0.00         0.00         0.00         0.00         0.00         0.00         0.00        20.49         38.90       861.38       159.12     1,020.50        21.49       999.01
8025          1.00         0.00         0.00         0.00         0.00         0.00         0.00         0.00         0.00         0.00         0.00        13.32         29.89       582.35       110.26       692.61        14.32       678.29
3827          1.00         0.00         0.00         0.00         0.00         0.00         0.00         0.00         0.00        17.57         0.00        29.84          0.00     1,369.62       379.66     1,749.28        48.41     1,700.87
7976          1.00         0.00         0.00         0.00         0.00         0.00         0.00         0.00         0.00         0.00         0.00        18.65         38.90       861.38       159.12     1,020.50        19.65     1,000.85
5412          1.00         0.00         0.00         0.00         0.00         0.00         0.00         0.00         0.00         0.00         0.00        24.62          8.07     1,135.90       251.00     1,386.90        25.62     1,361.28
7995          1.00         0.00         0.00         0.00         0.00         0.00         0.00         0.00         0.00         0.00         0.00        18.65         38.26       871.38       158.48     1,029.86        19.65     1,010.21
7395          1.00         0.00         0.00         0.00         0.00         0.00         0.00         0.00         0.00         0.00         0.00        23.49         32.33       964.06       167.37     1,131.43        24.49     1,106.94
0214          1.00         0.00         0.00         0.00         0.00         0.00         0.00         0.00         0.00       510.35         0.00       110.48          0.00     3,783.66       586.18     4,369.84       621.83     3,748.01
7849          1.00         0.00         0.00         0.00         0.00         0.00       288.40         0.00         0.00         0.00         0.00        21.33         41.83       930.16       274.89     1,205.05       310.73       894.32
5232          1.00         0.00         0.00         0.00         0.00         0.00         0.00         0.00         0.00        73.06         0.00        36.63          0.00     1,652.52       310.41     1,962.93       110.69     1,852.24

















































EJECUTIVOS EN SERVICIOS DE ALIMENTOS, S.A. DE C.V.                                                                      Pagina: 0004
R.F.C.:                                                                                                                    2/NOV/19
REPORTE DE SUELDOS SEMANALES DEDUCCIONES


 
Codigo Desc Vales   Desc Zapatos Otras Deducc Desc Fonacot Pension Alim Desc Infonav Faltas       Inca Enferme Inca Riesgo  ISPT         Ajus ISPT    IMSS          Sub P/Empleo Tot Per Grav Tot Per Exce Total Percep Total Deducc Neto Pagado
..........................................................................................................................................................................................................................................
8019          1.00         0.00         0.00         0.00         0.00         0.00         0.00         0.00         0.00         0.00         0.00        18.65         24.79     1,032.16       145.01     1,177.17        19.65     1,157.52
4958          1.00         0.00         0.00         0.00         0.00         0.00         0.00         0.00         0.00         7.86         0.00        24.82          0.00     1,287.53       320.18     1,607.71        33.68     1,574.03
7880          1.00         0.00         0.00         0.00         0.00         0.00       120.51         0.00         0.00         0.00         0.00        25.11         42.40     1,003.65       207.24     1,210.89       146.62     1,064.27
3979          1.00         0.00         0.00         0.00         0.00         0.00         0.00         0.00         0.00       645.27         0.00       108.44          0.00     4,415.30       752.58     5,167.88       754.71     4,413.17
7902          1.00         0.00         0.00         0.00         0.00         0.00       241.02         0.00         0.00         0.00         0.00        21.87         52.22       947.12       184.09     1,131.21       263.89       867.32
0442          1.00         0.00         0.00         0.00         0.00         0.00         0.00         0.00         0.00        83.53         0.00        39.39          0.00     1,824.68       477.31     2,301.99       123.92     2,178.07
7330          0.00         0.00         0.00         0.00         0.00         0.00         0.00         0.00         0.00         0.00         0.00         0.00          0.00         0.00         0.00         0.00         0.00         0.00
7846          1.00         0.00         0.00         0.00         0.00         0.00         0.00         0.00         0.00         0.00         0.00        24.57         15.86     1,014.04       158.90     1,172.94        25.57     1,147.37
8004          1.00         0.00         0.00         0.00         0.00         0.00         0.00         0.00         0.00         0.00         0.00        18.65         14.37     1,244.76       327.71     1,572.47        19.65     1,552.82
7823          1.00         0.00         0.00         0.00         0.00         0.00         0.00         0.00         0.00         0.00         0.00        20.69         11.89     1,283.38       235.11     1,518.49        21.69     1,496.80
7298          1.00         0.00         0.00         0.00         0.00         0.00         0.00         0.00         0.00        59.92         0.00        35.28          0.00     1,607.79       347.19     1,954.98        96.20     1,858.78
7963          1.00         0.00         0.00         0.00         0.00         0.00         0.00         0.00         0.00         0.00         0.00        20.08         36.61       897.13       182.58     1,079.71        21.08     1,058.63
5396          1.00         0.00         0.00         0.00         0.00         0.00       120.51         0.00         0.00         0.00         0.00        25.80         40.00     1,102.51       262.05     1,364.56       147.31     1,217.25
8015          1.00         0.00         0.00         0.00         0.00         0.00         0.00         0.00         0.00         0.00         0.00        18.65         26.96     1,048.07       333.86     1,381.93        19.65     1,362.28
7989          1.00         0.00         0.00         0.00         0.00         0.00         0.00         0.00         0.00         0.00         0.00        18.65         38.91       861.38       159.13     1,020.51        19.65     1,000.86
7588          1.00         0.00         0.00         0.00         0.00         0.00         0.00         0.00         0.00         0.00         0.00        25.39         35.52       914.15       162.58     1,076.73        26.39     1,050.34
7821          1.00         0.00         0.00         0.00         0.00         0.00         0.00         0.00         0.00         0.00         0.00        24.60         29.13     1,014.04       172.17     1,186.21        25.60     1,160.61
6203          1.00         0.00         0.00         0.00         0.00         0.00         0.00         0.00         0.00        12.81         0.00        35.77          0.00     1,261.73       135.04     1,396.77        49.58     1,347.19
6582          1.00         0.00         0.00         0.00         0.00         0.00       120.51         0.00         0.00         0.00         0.00        19.41         31.77       948.01       253.82     1,201.83       140.92     1,060.91
7392          1.00         0.00         0.00         0.00         0.00         0.00         0.00         0.00         0.00         0.00         0.00        27.03          8.14     1,133.02       238.20     1,371.22        28.03     1,343.19
7226          1.00         0.00         0.00         0.00         0.00         0.00         0.00         0.00         0.00         0.00         0.00        30.22         42.13     1,014.04       185.17     1,199.21        31.22     1,167.99
7885          1.00         0.00         0.00         0.00         0.00         0.00         0.00         0.00         0.00         0.00         0.00        22.13         36.61       897.13       182.58     1,079.71        23.13     1,056.58
3326          1.00         0.00         0.00         0.00         0.00       352.72         0.00         0.00         0.00       264.58         0.00        36.42          0.00     2,031.09       487.01     2,518.10       654.72     1,863.38
0449          1.00         0.00         0.00         0.00         0.00       447.60         0.00         0.00         0.00        96.23         0.00        37.35          0.00     1,767.54       258.91     2,026.45       582.18     1,444.27
6934          1.00         0.00         0.00         0.00         0.00         0.00         0.00         0.00         0.00       434.67         0.00        87.64          0.00     3,429.33     1,015.44     4,444.77       523.31     3,921.46
7137          1.00         0.00         0.00         0.00         0.00         0.00         0.00         0.00         0.00        53.46         0.00        36.53          0.00     1,548.38       261.90     1,810.28        90.99     1,719.29
6682          1.00         0.00         0.00         0.00         0.00         0.00       144.20         0.00         0.00         0.00         0.00        17.72         50.20       785.30       146.37       931.67       162.92       768.75
1269          1.00         0.00         0.00         0.00         0.00         0.00         0.00         0.00         0.00         0.00         0.00        24.33          8.07     1,135.90       251.00     1,386.90        25.33     1,361.57
7037          1.00         0.00         0.00         0.00         0.00         0.00       120.51         0.00         0.00         0.00         0.00        16.69         44.09       796.38       144.56       940.94       138.20       802.74
7890          1.00         0.00         0.00         0.00         0.00         0.00         0.00         0.00         0.00       104.35         0.00        21.32          0.00     1,842.16       210.34     2,052.50       126.67     1,925.83
8024          0.00         0.00         0.00         0.00         0.00       289.97       293.50         0.00         0.00         0.00         0.00        14.09         15.58       937.15        15.58       952.73       597.56       355.17
1419          1.00         0.00         0.00         0.00         0.00         0.00         0.00         0.00         0.00       104.36         0.00        38.46          0.00     1,788.09       340.47     2,128.56       143.82     1,984.74
7887          1.00         0.00         0.00         0.00         0.00         0.00         0.00         0.00         0.00         0.00         0.00        21.61         26.66       897.13       172.63     1,069.76        22.61     1,047.15
3525          1.00         0.00         0.00         0.00         0.00         0.00         0.00         0.00         0.00        75.72         0.00        29.52          0.00     1,373.99       209.81     1,583.80       106.24     1,477.56
6885          1.00         0.00         0.00         0.00         0.00         0.00         0.00         0.00         0.00        11.84         0.00        33.49          0.00     1,236.03       307.30     1,543.33        46.33     1,497.00
7893          1.00         0.00         0.00         0.00         0.00         0.00         0.00         0.00         0.00         0.00         0.00        24.82         42.60       910.01       201.44     1,111.45        25.82     1,085.63
7907          1.00         0.00         0.00         0.00         0.00         0.00         0.00         0.00         0.00        77.27         0.00        41.74          0.00     1,767.27       297.86     2,065.13       120.01     1,945.12
4775          1.00         0.00         0.00         0.00         0.00         0.00         0.00         0.00         0.00         7.09         0.00        27.55          0.00     1,161.65       345.93     1,507.58        35.64     1,471.94
4832          1.00         0.00         0.00         0.00         0.00         0.00         0.00         0.00         0.00        10.33         0.00        21.86          0.00     1,326.15       230.06     1,556.21        33.19     1,523.02
3321          1.00         0.00         0.00         0.00         0.00         0.00         0.00         0.00         0.00       212.44         0.00        62.57          0.00     2,316.64       331.30     2,647.94       276.01     2,371.93
7965          0.00         0.00         0.00         0.00         0.00         0.00         0.00         0.00         0.00         0.00         0.00         0.00          0.00         0.00         0.00         0.00         0.00         0.00
0624          1.00         0.00         0.00         0.00         0.00         0.00         0.00         0.00         0.00       165.90         0.00        52.14          0.00     2,026.61       395.20     2,421.81       219.04     2,202.77
6877          1.00         0.00         0.00       226.89         0.00         0.00         0.00         0.00         0.00        11.88         0.00        27.44          0.00     1,253.16       163.91     1,417.07       267.21     1,149.86

















































EJECUTIVOS EN SERVICIOS DE ALIMENTOS, S.A. DE C.V.                                                                      Pagina: 0005
R.F.C.:                                                                                                                    2/NOV/19
REPORTE DE SUELDOS SEMANALES DEDUCCIONES


 
Codigo Desc Vales   Desc Zapatos Otras Deducc Desc Fonacot Pension Alim Desc Infonav Faltas       Inca Enferme Inca Riesgo  ISPT         Ajus ISPT    IMSS          Sub P/Empleo Tot Per Grav Tot Per Exce Total Percep Total Deducc Neto Pagado
..........................................................................................................................................................................................................................................
4385          1.00         0.00         0.00         0.00         0.00         0.00         0.00         0.00         0.00        48.73         0.00        35.82          0.00     1,504.95       199.19     1,704.14        85.55     1,618.59
0366          1.00         0.00         0.00         0.00         0.00         0.00         0.00         0.00         0.00       343.09         0.00        87.52          0.00     3,000.58       462.49     3,463.07       431.61     3,031.46
6206          1.00         0.00         0.00         0.00         0.00         0.00         0.00         0.00         0.00       138.74         0.00        36.03          0.00     1,795.60       346.76     2,142.36       175.77     1,966.59
7618          1.00         0.00         0.00         0.00         0.00         0.00         0.00         0.00         0.00        17.07         0.00        27.26          0.00     1,281.09       242.93     1,524.02        45.33     1,478.69
 
*** GLO     167.00        56.00       550.00       588.99         0.00     5,473.07     3,092.45         0.00         0.00     7,554.21         0.00     5,162.55      2,999.04   219,661.49                261,719.26    22,644.27   239,074.99
  





















































































