EJECUTIVOS EN SERVICIOS DE ALIMENTOS, S.A. DE C.V.                                                                      Pagina: 0001
R.F.C.:                                                                                                                    2/NOV/19
REPORTE DE SUELDOS SEMANALES DEDUCCIONES


 
Codigo Desc Vales   Desc Zapatos Otras Deducc Desc Fonacot Pension Alim Desc Infonav Faltas       Inca Enferme Inca Riesgo  ISPT         Ajus ISPT    IMSS          Sub P/Empleo Tot Per Grav Tot Per Exce Total Percep Total Deducc Neto Pagado
..........................................................................................................................................................................................................................................
8071          1.00         0.00         0.00         0.00         0.00         0.00         0.00         0.00         0.00         0.00         0.00        18.65         38.91       861.38       159.13     1,020.51        19.65     1,000.86
6600          1.00         0.00         0.00         0.00         0.00       246.12         0.00         0.00         0.00         0.00         0.00        21.28         30.63       994.28       247.81     1,242.09       268.40       973.69
7685          1.00         0.00         0.00         0.00         0.00         0.00         0.00         0.00         0.00       188.88         0.00        24.16          0.00     2,473.71       242.93     2,716.64       214.04     2,502.60
5933          1.00         0.00         0.00         0.00         0.00         0.00         0.00         0.00         0.00       107.92         0.00        30.52          0.00     2,010.71       165.68     2,176.39       139.44     2,036.95
7170          1.00         0.00         0.00         0.00         0.00         0.00         0.00         0.00         0.00       106.06         0.00        33.56          0.00     1,914.15       127.06     2,041.21       140.62     1,900.59
5201          1.00         0.00         0.00         0.00         0.00       239.64         0.00         0.00       293.50        13.19         0.00        25.75          0.00     1,471.79       225.79     1,697.58       573.08     1,124.50
3890          1.00         0.00         0.00         0.00         0.00         0.00         0.00         0.00         0.00       178.37         0.00        54.49          0.00     2,104.51       319.12     2,423.63       233.86     2,189.77
7834          1.00         0.00         0.00         0.00         0.00         0.00       120.51         0.00         0.00        96.60         0.00        26.51          0.00     1,915.61       119.54     2,035.15       244.62     1,790.53
8083          1.00         0.00         0.00         0.00         0.00         0.00         0.00         0.00         0.00        11.19         0.00        27.97          0.00     1,246.79       180.28     1,427.07        40.16     1,386.91
1123          1.00         0.00         0.00         0.00         0.00         0.00         0.00         0.00         0.00        52.96         0.00        33.71          0.00     1,543.78       291.77     1,835.55        87.67     1,747.88
8049          1.00         0.00         0.00         0.00         0.00         0.00         0.00         0.00         0.00         0.00         0.00        18.65         15.59     1,064.51       174.43     1,238.94        19.65     1,219.29
8100          1.00         0.00         0.00         0.00         0.00         0.00         0.00         0.00         0.00         0.00         0.00        13.32         37.80       520.82       109.93       630.75        14.32       616.43
8085          1.00         0.00         0.00         0.00         0.00         0.00         0.00         0.00         0.00         0.00         0.00        18.65         38.26       871.38       158.48     1,029.86        19.65     1,010.21
8066          1.00         0.00         0.00         0.00         0.00         0.00         0.00         0.00         0.00         0.00         0.00        18.65         38.26       871.38       158.48     1,029.86        19.65     1,010.21
7977          1.00         0.00         0.00         0.00         0.00         0.00         0.00         0.00         0.00         0.00         0.00        24.28         46.86     1,057.91       192.83     1,250.74        25.28     1,225.46
8027          1.00         0.00         0.00         0.00         0.00         0.00         0.00         0.00         0.00         0.00         0.00        25.36         19.14     1,196.66       268.11     1,464.77        26.36     1,438.41
8088          1.00         0.00         0.00         0.00         0.00         0.00         0.00         0.00         0.00         0.00         0.00        18.65         38.26       871.38       158.48     1,029.86        19.65     1,010.21
7259          1.00         0.00         0.00         0.00         0.00         0.00         0.00         0.00         0.00         0.00         0.00        29.64         27.12       904.15       239.26     1,143.41        30.64     1,112.77
8073          1.00         0.00         0.00         0.00         0.00         0.00         0.00         0.00         0.00         0.00         0.00        18.65         44.30       871.38       164.52     1,035.90        19.65     1,016.25
7312          1.00         0.00         0.00         0.00         0.00         0.00         0.00         0.00         0.00         0.00         0.00        25.99         25.74     1,067.06       315.28     1,382.34        26.99     1,355.35
7338          1.00         0.00         0.00         0.00         0.00         0.00         0.00         0.00         0.00         0.00         0.00        32.20         22.64     1,014.04       165.68     1,179.72        33.20     1,146.52
5677          1.00         0.00         0.00         0.00         0.00         0.00         0.00         0.00         0.00        40.09         0.00        34.52          0.00     1,512.43       417.19     1,929.62        75.61     1,854.01
8078          1.00         0.00         0.00         0.00         0.00         0.00         0.00         0.00         0.00        13.65         0.00        18.65          0.00     1,173.79       184.59     1,358.38        33.30     1,325.08
8023          1.00         0.00         0.00         0.00         0.00         0.00       120.51         0.00         0.00         0.00         0.00        22.80         27.05     1,093.60       217.64     1,311.24       144.31     1,166.93
8042          1.00         0.00         0.00         0.00         0.00         0.00         0.00         0.00         0.00         0.00         0.00        18.65         20.13     1,306.85       140.35     1,447.20        19.65     1,427.55
7943          1.00         0.00         0.00         0.00         0.00         0.00         0.00         0.00         0.00        58.23         0.00        26.51          0.00     1,871.38       120.22     1,991.60        85.74     1,905.86
0849          1.00         0.00         0.00         0.00         0.00         0.00         0.00         0.00         0.00         0.00         0.00        34.18         11.07     1,089.04       154.11     1,243.15        35.18     1,207.97
7536          1.00         0.00         0.00         0.00         0.00         0.00       120.51         0.00         0.00       150.11         0.00        18.92          0.00     2,287.73       209.18     2,496.91       290.54     2,206.37
8097          0.00         0.00         0.00         0.00         0.00         0.00         0.00         0.00         0.00         0.00         0.00         0.00          0.00         0.00         0.00         0.00         0.00         0.00
5181          1.00         0.00         0.00         0.00         0.00         0.00         0.00         0.00         0.00         0.00         0.00        27.93         35.53       914.15       162.59     1,076.74        28.93     1,047.81
5429          1.00         0.00         0.00         0.00         0.00         0.00         0.00         0.00         0.00       313.35         0.00        78.49          0.00     2,861.35       403.61     3,264.96       392.84     2,872.12
7655          1.00         0.00         0.00         0.00         0.00         0.00         0.00         0.00         0.00       141.98         0.00        27.09          0.00     2,193.03       217.18     2,410.21       170.07     2,240.14
5558          1.00         0.00         0.00         0.00         0.00         0.00         0.00         0.00         0.00         0.00         0.00        28.73         19.97     1,055.54       214.51     1,270.05        29.73     1,240.32
7663          1.00         0.00         0.00         0.00         0.00         0.00         0.00         0.00         0.00        72.18         0.00        28.18          0.00     1,551.47       145.97     1,697.44       101.36     1,596.08
8093          1.00         0.00         0.00         0.00         0.00         0.00       120.51         0.00         0.00         0.00         0.00        16.69         27.39     1,093.58       295.23     1,388.81       138.20     1,250.61
7773          1.00         0.00         0.00         0.00         0.00         0.00         0.00         0.00         0.00         0.00         0.00        23.91         24.71     1,087.92       190.39     1,278.31        24.91     1,253.40
1424          1.00         0.00       300.00         0.00         0.00       466.38         0.00         0.00         0.00       272.47         0.00        76.75          0.00     2,669.97       409.59     3,079.56     1,116.60     1,962.96
5280          1.00         0.00         0.00       362.10         0.00       435.11         0.00         0.00         0.00       152.33         0.00        49.06          0.00     1,920.48       289.67     2,210.15       999.60     1,210.55
8020          1.00         0.00         0.00         0.00         0.00         0.00         0.00         0.00         0.00         0.00         0.00        21.37         35.77       912.88       207.49     1,120.37        22.37     1,098.00
8061          1.00         0.00         0.00         0.00         0.00         0.00         0.00         0.00         0.00         0.00         0.00        18.65         38.27       871.38       158.49     1,029.87        19.65     1,010.22
8102          0.00         0.00         0.00         0.00         0.00         0.00       361.53         0.00         0.00         0.00         0.00         7.43         24.49       517.20        24.49       541.69       368.96       172.73
7994          1.00         0.00         0.00         0.00         0.00         0.00         0.00         0.00         0.00       105.28         0.00        20.05          0.00     2,051.63       184.59     2,236.22       126.33     2,109.89
6461          1.00         0.00       200.00         0.00         0.00         0.00         0.00         0.00         0.00         0.00         0.00        28.16          6.75     1,145.89       183.44     1,329.33       229.16     1,100.17

















































EJECUTIVOS EN SERVICIOS DE ALIMENTOS, S.A. DE C.V.                                                                      Pagina: 0002
R.F.C.:                                                                                                                    2/NOV/19
REPORTE DE SUELDOS SEMANALES DEDUCCIONES


 
Codigo Desc Vales   Desc Zapatos Otras Deducc Desc Fonacot Pension Alim Desc Infonav Faltas       Inca Enferme Inca Riesgo  ISPT         Ajus ISPT    IMSS          Sub P/Empleo Tot Per Grav Tot Per Exce Total Percep Total Deducc Neto Pagado
..........................................................................................................................................................................................................................................
6765          1.00         0.00         0.00         0.00         0.00         0.00         0.00         0.00         0.00       270.12         0.00        50.66          0.00     2,638.56       338.80     2,977.36       321.78     2,655.58
8017          1.00         0.00         0.00         0.00         0.00       197.08       144.20         0.00         0.00        15.09         0.00        17.71          0.00     1,785.30        96.17     1,881.47       375.08     1,506.39
7909          1.00         0.00         0.00         0.00         0.00         0.00         0.00         0.00         0.00        94.51         0.00        27.12          0.00     1,910.01       158.84     2,068.85       122.63     1,946.22
5000          1.00         0.00         0.00         0.00         0.00         0.00         0.00         0.00         0.00        17.81         0.00        30.85          0.00     1,371.76       170.90     1,542.66        49.66     1,493.00
5644          1.00         0.00       200.00         0.00         0.00       337.88         0.00         0.00         0.00        37.61         0.00        29.37          0.00     1,489.65       296.26     1,785.91       605.86     1,180.05
6638          1.00         0.00         0.00         0.00         0.00         0.00         0.00         0.00         0.00        94.76         0.00        26.36          0.00     1,914.15       127.06     2,041.21       122.12     1,919.09
7800          1.00         0.00         0.00         0.00         0.00         0.00       120.51         0.00         0.00         0.00         0.00        21.99         39.57       887.08       140.04     1,027.12       143.50       883.62
6690          1.00         0.00         0.00         0.00         0.00         0.00         0.00         0.00         0.00         0.00         0.00        27.36         34.10       936.34       193.34     1,129.68        28.36     1,101.32
7168          1.00         0.00         0.00         0.00         0.00         0.00         0.00         0.00         0.00        55.25         0.00        22.82          0.00     1,914.15       127.06     2,041.21        79.07     1,962.14
8081          1.00         0.00         0.00         0.00         0.00         0.00         0.00         0.00         0.00        68.75         0.00        18.65          0.00     1,602.25       236.09     1,838.34        88.40     1,749.94
7991          1.00         0.00         0.00         0.00         0.00         0.00         0.00         0.00       175.60         0.00         0.00        26.98         22.42     1,164.07       213.67     1,377.74       203.58     1,174.16
8063          1.00         0.00         0.00         0.00         0.00         0.00         0.00         0.00         0.00         0.00         0.00        18.65         29.85       861.38       150.07     1,011.45        19.65       991.80
4314          1.00         0.00         0.00         0.00         0.00         0.00         0.00         0.00         0.00       229.51         0.00        50.71          0.00     2,424.15       393.60     2,817.75       281.22     2,536.53
7848          1.00         0.00         0.00         0.00         0.00         0.00         0.00         0.00         0.00         0.00         0.00        19.84         44.79       861.38       165.01     1,026.39        20.84     1,005.55
7632          1.00         0.00         0.00         0.00         0.00         0.00       120.51         0.00         0.00         0.00         0.00        28.86         35.77       954.44       225.63     1,180.07       150.37     1,029.70
7873          1.00         0.00         0.00         0.00         0.00         0.00         0.00         0.00         0.00       101.56         0.00        28.23          0.00     1,922.88       171.72     2,094.60       130.79     1,963.81
8068          1.00         0.00         0.00         0.00         0.00         0.00         0.00         0.00         0.00        72.54         0.00        38.17          0.00     1,647.76       246.04     1,893.80       111.71     1,782.09
8098          1.00         0.00         0.00         0.00         0.00         0.00       144.20         0.00         0.00         0.00         0.00        16.69         50.11       785.30       146.28       931.58       161.89       769.69
8086          1.00         0.00         0.00         0.00         0.00         0.00         0.00         0.00         0.00         0.00         0.00        18.65         38.27       871.38       158.49     1,029.87        19.65     1,010.22
8106          1.00         0.00         0.00         0.00         0.00         0.00         0.00         0.00         0.00         0.00         0.00        10.66         28.95       436.76       140.73       577.49        11.66       565.83
7847          1.00         0.00         0.00         0.00         0.00         0.00         0.00         0.00         0.00         0.00         0.00        29.86         38.90       861.38       159.12     1,020.50        30.86       989.64
8082          1.00         0.00         0.00         0.00         0.00         0.00         0.00         0.00         0.00         0.00         0.00        18.65         45.16       871.38       216.88     1,088.26        19.65     1,068.61
7633          1.00         0.00         0.00         0.00         0.00         0.00         0.00         0.00         0.00        94.13         0.00        29.26          0.00     1,904.15       127.06     2,031.21       124.39     1,906.82
8095          1.00         0.00         0.00         0.00         0.00         0.00         0.00         0.00         0.00         0.00         0.00        18.65         25.82     1,025.88       261.91     1,287.79        19.65     1,268.14
7984          1.00         0.00         0.00         0.00         0.00         0.00         0.00         0.00         0.00        10.10         0.00        29.87          0.00     1,236.79       180.28     1,417.07        40.97     1,376.10
7914          1.00         0.00         0.00         0.00         0.00         0.00         0.00         0.00         0.00         0.00         0.00        21.16         38.26       871.38       158.48     1,029.86        22.16     1,007.70
2897          1.00         0.00         0.00         0.00         0.00         0.00         0.00         0.00         0.00        99.71         0.00        24.10          0.00     1,991.40       204.31     2,195.71       124.81     2,070.90
5630          1.00         0.00         0.00         0.00         0.00         0.00         0.00         0.00         0.00         0.00         0.00        18.65         34.78       925.76       219.37     1,145.13        19.65     1,125.48
8007          1.00         0.00         0.00         0.00         0.00         0.00         0.00         0.00         0.00         0.00         0.00        29.24          3.22     1,178.33       172.55     1,350.88        30.24     1,320.64
8048          1.00         0.00         0.00         0.00         0.00         0.00         0.00         0.00         0.00       320.53         0.00        39.88          0.00     3,012.89       440.80     3,453.69       361.41     3,092.28
8052          1.00         0.00         0.00         0.00         0.00         0.00         0.00         0.00         0.00        59.95         0.00        37.19          0.00     1,608.00       239.68     1,847.68        98.14     1,749.54
8105          1.00         0.00         0.00         0.00         0.00         0.00         0.00         0.00         0.00         0.00         0.00        13.32         27.27       623.29        99.40       722.69        14.32       708.37
7614          1.00         0.00         0.00         0.00         0.00         0.00         0.00         0.00         0.00        96.30         0.00        32.52          0.00     1,942.12       330.80     2,272.92       129.82     2,143.10
3318          1.00         0.00       500.00         0.00         0.00       510.55         0.00         0.00         0.00       229.37         0.00        66.49          0.00     2,411.11       313.42     2,724.53     1,307.41     1,417.12
7804          1.00         0.00         0.00         0.00         0.00         0.00         0.00         0.00         0.00        66.77         0.00        38.69          0.00     1,670.69       339.16     2,009.85       106.46     1,903.39
6083          1.00         0.00         0.00         0.00         0.00         0.00         0.00         0.00         0.00         0.00         0.00        32.68         32.34       964.06       309.31     1,273.37        33.68     1,239.69
6766          1.00         0.00         0.00         0.00         0.00         0.00         0.00         0.00         0.00       197.20         0.00        29.46          0.00     2,521.67       301.63     2,823.30       227.66     2,595.64
8084          1.00         0.00         0.00         0.00         0.00         0.00         0.00         0.00         0.00         0.00         0.00        18.65         27.97     1,032.16       148.19     1,180.35        19.65     1,160.70
4137          1.00         0.00         0.00         0.00         0.00         0.00         0.00         0.00         0.00       371.81         0.00        91.14          0.00     3,135.04       482.40     3,617.44       463.95     3,153.49
8009          1.00         0.00         0.00         0.00         0.00         0.00         0.00         0.00         0.00         0.00         0.00        23.44         28.03     1,032.16       148.25     1,180.41        24.44     1,155.97
7542          1.00         0.00         0.00         0.00         0.00         0.00         0.00         0.00         0.00       103.18         0.00        32.55          0.00     1,914.15       127.06     2,041.21       136.73     1,904.48
3780          1.00         0.00         0.00         0.00         0.00         0.00         0.00         0.00         0.00       403.41         0.00        40.70          0.00     2,081.90       361.58     2,443.48       445.11     1,998.37
8080          1.00         0.00         0.00         0.00         0.00         0.00       120.51         0.00         0.00         0.00         0.00        16.69         16.73     1,286.73       284.57     1,571.30       138.20     1,433.10

















































EJECUTIVOS EN SERVICIOS DE ALIMENTOS, S.A. DE C.V.                                                                      Pagina: 0003
R.F.C.:                                                                                                                    2/NOV/19
REPORTE DE SUELDOS SEMANALES DEDUCCIONES


 
Codigo Desc Vales   Desc Zapatos Otras Deducc Desc Fonacot Pension Alim Desc Infonav Faltas       Inca Enferme Inca Riesgo  ISPT         Ajus ISPT    IMSS          Sub P/Empleo Tot Per Grav Tot Per Exce Total Percep Total Deducc Neto Pagado
..........................................................................................................................................................................................................................................
6205          1.00         0.00         0.00         0.00         0.00         0.00         0.00         0.00         0.00         0.00         0.00        26.43         32.33       964.06       348.24     1,312.30        27.43     1,284.87
5027          1.00         0.00         0.00         0.00         0.00         0.00         0.00         0.00         0.00       165.47         0.00        37.80          0.00     2,230.04       143.04     2,373.08       204.27     2,168.81
7993          0.00         0.00         0.00         0.00         0.00         0.00         0.00         0.00         0.00         0.00         0.00         0.00          0.00         0.00         0.00         0.00         0.00         0.00
7818          1.00         0.00         0.00         0.00         0.00         0.00         0.00         0.00         0.00         0.00         0.00        31.89         29.77     1,004.04       172.81     1,176.85        32.89     1,143.96
7221          1.00         0.00         0.00         0.00         0.00         0.00         0.00         0.00         0.00        93.86         0.00        19.79          0.00     1,900.01       158.84     2,058.85       114.65     1,944.20
7815          1.00         0.00         0.00         0.00         0.00         0.00         0.00         0.00         0.00         0.00         0.00        31.68        166.06     1,296.85       286.28     1,583.13        32.68     1,550.45
6839          1.00         0.00         0.00         0.00         0.00         0.00       120.51         0.00         0.00        97.59         0.00        26.00          0.00     1,998.05       170.55     2,168.60       245.10     1,923.50
5646          1.00         0.00         0.00         0.00         0.00         0.00         0.00         0.00         0.00        94.77         0.00        29.91          0.00     1,914.15       155.42     2,069.57       125.68     1,943.89
8011          1.00         0.00         0.00         0.00         0.00         0.00         0.00         0.00         0.00       119.90         0.00        32.81          0.00     1,811.22       321.38     2,132.60       153.71     1,978.89
7708          1.00         0.00         0.00         0.00         0.00         0.00         0.00         0.00         0.00         0.00         0.00        30.04         35.62       914.15       162.68     1,076.83        31.04     1,045.79
7869          1.00         0.00         0.00         0.00         0.00         0.00       120.51         0.00         0.00         0.00         0.00        23.06         40.15       873.84       153.01     1,026.85       144.57       882.28
7973          1.00         0.00         0.00         0.00         0.00       176.72         0.00         0.00         0.00        41.71         0.00        19.82          0.00     1,861.38       120.22     1,981.60       239.25     1,742.35
8043          1.00         0.00         0.00         0.00         0.00         0.00         0.00         0.00         0.00         0.00         0.00        18.65         20.83     1,042.16       141.05     1,183.21        19.65     1,163.56
8012          1.00         0.00         0.00         0.00         0.00         0.00         0.00         0.00         0.00       217.01         0.00        24.74          0.00     2,447.72       236.09     2,683.81       242.75     2,441.06
5679          1.00         0.00         0.00         0.00         0.00         0.00         0.00         0.00         0.00        31.56         0.00        38.81          0.00     1,434.03       276.09     1,710.12        71.37     1,638.75
7530          1.00         0.00         0.00         0.00         0.00         0.00         0.00         0.00         0.00       136.11         0.00        31.72          0.00     2,145.90       242.93     2,388.83       168.83     2,220.00
8077          1.00         0.00         0.00         0.00         0.00         0.00         0.00         0.00         0.00         0.00         0.00        18.65         18.16     1,083.82       254.25     1,338.07        19.65     1,318.42
8076          1.00         0.00         0.00         0.00         0.00         0.00         0.00         0.00         0.00        10.10         0.00        27.97          0.00     1,236.79       180.28     1,417.07        39.07     1,378.00
6028          1.00         0.00         0.00         0.00         0.00       407.29         0.00         0.00         0.00        56.83         0.00        34.84          0.00     1,579.33       296.26     1,875.59       499.96     1,375.63
6565          0.00         0.00         0.00         0.00         0.00         0.00         0.00         0.00         0.00         0.00         0.00         0.00          0.00         0.00         0.00         0.00         0.00         0.00
3676          1.00         0.00         0.00         0.00         0.00         0.00         0.00         0.00         0.00       429.93         0.00        36.55          0.00     2,325.57       448.55     2,774.12       467.48     2,306.64
3221          1.00         0.00         0.00         0.00         0.00         0.00         0.00         0.00         0.00        30.01         0.00        33.29          0.00     1,332.86       381.29     1,714.15        64.30     1,649.85
7779          0.00         0.00         0.00         0.00         0.00         0.00         0.00         0.00         0.00         0.00         0.00         0.00          0.00         0.00         0.00         0.00         0.00         0.00
7942          1.00         0.00         0.00         0.00         0.00         0.00         0.00         0.00         0.00         0.00         0.00        23.28         21.48     1,032.16       141.70     1,173.86        24.28     1,149.58
8035          0.00         0.00         0.00         0.00         0.00         0.00         0.00         0.00         0.00        20.02         0.00        22.32          0.00     1,152.38         0.00     1,152.38        42.34     1,110.04
7845          1.00         0.00         0.00         0.00         0.00         0.00         0.00         0.00         0.00       168.09         0.00        38.22          0.00     2,254.04       143.04     2,397.08       207.31     2,189.77
8104          0.00         0.00         0.00         0.00         0.00         0.00       576.80         0.00         0.00         0.00         0.00        10.80         36.73       795.27        36.73       832.00       587.60       244.40
7996          1.00         0.00         0.00         0.00         0.00         0.00         0.00         0.00         0.00         0.00         0.00        19.83         28.64     1,042.16       200.36     1,242.52        20.83     1,221.69
2522          1.00         0.00         0.00         0.00         0.00         0.00         0.00         0.00         0.00       201.96         0.00        30.18          0.00     2,582.02       242.93     2,824.95       233.14     2,591.81
7080          1.00         0.00         0.00         0.00         0.00         0.00         0.00         0.00         0.00        24.04         0.00        40.71          0.00     1,364.95       199.19     1,564.14        65.75     1,498.39
5965          1.00         0.00         0.00         0.00         0.00         0.00         0.00         0.00         0.00         1.16         0.00        33.81          0.00     1,218.74       239.64     1,458.38        35.97     1,422.41
5447          1.00         0.00         0.00         0.00         0.00         0.00         0.00         0.00         0.00       101.82         0.00        32.77          0.00     2,004.04       143.04     2,147.08       135.59     2,011.49
6685          1.00         0.00         0.00         0.00         0.00         0.00         0.00         0.00         0.00       215.89         0.00        36.20          0.00     2,725.28       242.93     2,968.21       253.09     2,715.12
8056          1.00         0.00         0.00         0.00         0.00         0.00         0.00         0.00         0.00       460.96         0.00        27.97          0.00     2,610.84       321.38     2,932.22       489.93     2,442.29
5549          1.00         0.00         0.00         0.00         0.00         0.00         0.00         0.00         0.00       136.59         0.00        34.27          0.00     2,035.65       178.56     2,214.21       171.86     2,042.35
0854          1.00         0.00         0.00         0.00         0.00       332.71         0.00         0.00         0.00       168.32         0.00        41.49          0.00     2,067.47       394.58     2,462.05       543.52     1,918.53
7295          1.00        56.00       100.00         0.00         0.00         0.00         0.00         0.00         0.00        91.06         0.00        32.47          0.00     1,914.15       127.06     2,041.21       280.53     1,760.68
8059          1.00         0.00         0.00         0.00         0.00         0.00       120.51         0.00         0.00         0.00         0.00        16.69         44.94       796.38       145.41       941.79       138.20       803.59
4807          1.00         0.00         0.00         0.00         0.00         0.00         0.00         0.00         0.00       510.36         0.00       110.77          0.00     3,783.66       586.18     4,369.84       622.13     3,747.71
8018          1.00         0.00         0.00         0.00         0.00         0.00         0.00         0.00         0.00        12.59         0.00        30.86          0.00     1,259.66       346.38     1,606.04        44.45     1,561.59
3169          1.00         0.00         0.00         0.00         0.00         0.00         0.00         0.00         0.00        94.17         0.00        29.07          0.00     1,965.65       178.56     2,144.21       124.24     2,019.97
4514          1.00         0.00         0.00         0.00         0.00       365.24         0.00         0.00         0.00        90.80         0.00        34.54          0.00     1,543.78       244.73     1,788.51       491.58     1,296.93
7814          1.00         0.00         0.00         0.00         0.00         0.00         0.00         0.00         0.00         0.00         0.00        31.42         29.77     1,004.04       172.81     1,176.85        32.42     1,144.43

















































EJECUTIVOS EN SERVICIOS DE ALIMENTOS, S.A. DE C.V.                                                                      Pagina: 0004
R.F.C.:                                                                                                                    2/NOV/19
REPORTE DE SUELDOS SEMANALES DEDUCCIONES


 
Codigo Desc Vales   Desc Zapatos Otras Deducc Desc Fonacot Pension Alim Desc Infonav Faltas       Inca Enferme Inca Riesgo  ISPT         Ajus ISPT    IMSS          Sub P/Empleo Tot Per Grav Tot Per Exce Total Percep Total Deducc Neto Pagado
..........................................................................................................................................................................................................................................
7754          1.00         0.00         0.00         0.00         0.00         0.00         0.00         0.00         0.00         0.00         0.00        23.67         29.66       871.38       149.88     1,021.26        24.67       996.59
6014          1.00         0.00         0.00         0.00         0.00         0.00         0.00         0.00         0.00        41.02         0.00        32.26          0.00     1,434.03       276.09     1,710.12        74.28     1,635.84
7775          1.00         0.00         0.00         0.00         0.00         0.00         0.00         0.00         0.00         0.00         0.00        23.55         34.14       938.63       231.61     1,170.24        24.55     1,145.69
3827          1.00         0.00         0.00         0.00         0.00         0.00         0.00         0.00         0.00       145.84         0.00        38.31          0.00     2,253.75       250.91     2,504.66       185.15     2,319.51
8103          1.00         0.00         0.00         0.00         0.00         0.00         0.00         0.00         0.00         0.00         0.00        18.65         38.26       871.38       158.48     1,029.86        19.65     1,010.21
8054          1.00         0.00         0.00         0.00         0.00         0.00       144.20         0.00         0.00         0.00         0.00        16.69         44.60       888.30       295.27     1,183.57       161.89     1,021.68
5412          1.00         0.00         0.00         0.00         0.00         0.00         0.00         0.00         0.00       131.20         0.00        27.20          0.00     2,251.78       242.93     2,494.71       159.40     2,335.31
7995          0.00         0.00         0.00         0.00         0.00         0.00         0.00         0.00         0.00         0.00         0.00         0.00          0.00         0.00         0.00         0.00         0.00         0.00
7395          1.00         0.00         0.00         0.00         0.00         0.00       120.51         0.00         0.00         0.00         0.00        22.36         28.88       973.74       141.74     1,115.48       143.87       971.61
0214          1.00         0.00         0.00         0.00         0.00         0.00         0.00         0.00         0.00       510.35         0.00       110.48          0.00     3,783.66       586.18     4,369.84       621.83     3,748.01
7849          1.00         0.00         0.00         0.00         0.00         0.00         0.00         0.00         0.00       166.41         0.00        23.66          0.00     2,173.79       184.59     2,358.38       191.07     2,167.31
5232          1.00         0.00         0.00         0.00         0.00         0.00         0.00         0.00         0.00        47.99         0.00        51.89          0.00     1,498.02       283.19     1,781.21       100.88     1,680.33
8019          1.00         0.00         0.00         0.00         0.00         0.00         0.00         0.00         0.00         0.00         0.00        23.55         21.48     1,032.16       141.70     1,173.86        24.55     1,149.31
4958          1.00         0.00         0.00         0.00         0.00         0.00         0.00         0.00         0.00        94.77         0.00        32.56          0.00     1,914.15       127.06     2,041.21       128.33     1,912.88
3979          1.00         0.00         0.00         0.00         0.00         0.00         0.00         0.00         0.00       454.20         0.00       106.06          0.00     3,520.77       674.80     4,195.57       561.26     3,634.31
0442          1.00         0.00         0.00         0.00         0.00         0.00         0.00         0.00         0.00       473.70         0.00        40.71          0.00     2,727.92       325.27     3,053.19       515.41     2,537.78
7330          0.00         0.00         0.00         0.00         0.00         0.00         0.00         0.00         0.00         0.00         0.00         0.00          0.00         0.00         0.00         0.00         0.00         0.00
8101          1.00         0.00         0.00         0.00         0.00         0.00         0.00         0.00         0.00         0.00         0.00        18.65         38.26       871.38       158.48     1,029.86        19.65     1,010.21
7846          1.00         0.00         0.00         0.00         0.00         0.00         0.00         0.00         0.00       119.84         0.00        33.30          0.00     2,014.04       143.04     2,157.08       154.14     2,002.94
8091          1.00         0.00         0.00         0.00         0.00         0.00         0.00         0.00         0.00         0.00         0.00        18.65         27.98     1,032.16       148.20     1,180.36        19.65     1,160.71
7823          1.00         0.00         0.00         0.00         0.00         0.00         0.00         0.00         0.00       118.39         0.00        30.43          0.00     2,103.13       158.84     2,261.97       149.82     2,112.15
7298          1.00         0.00         0.00         0.00         0.00         0.00         0.00         0.00         0.00        66.42         0.00        35.91          0.00     1,667.54       304.51     1,972.05       103.33     1,868.72
7963          1.00         0.00         0.00         0.00         0.00         0.00         0.00         0.00         0.00        95.33         0.00        23.09          0.00     1,922.88       171.72     2,094.60       119.42     1,975.18
5396          1.00         0.00         0.00         0.00         0.00         0.00         0.00         0.00         0.00        94.76         0.00        31.74          0.00     1,914.15       183.78     2,097.93       127.50     1,970.43
7989          1.00         0.00         0.00         0.00         0.00         0.00         0.00         0.00         0.00        57.59         0.00        19.80          0.00     1,861.38       120.22     1,981.60        78.39     1,903.21
7588          1.00         0.00         0.00         0.00         0.00         0.00         0.00         0.00         0.00         0.00         0.00        25.35         35.55       914.15       162.61     1,076.76        26.35     1,050.41
6203          1.00         0.00         0.00         0.00         0.00         0.00         0.00         0.00         0.00        15.61         0.00        30.34          0.00     1,287.48       160.79     1,448.27        46.95     1,401.32
8060          1.00         0.00         0.00         0.00         0.00         0.00         0.00         0.00         0.00         0.00         0.00        18.65         38.97       861.38       159.19     1,020.57        19.65     1,000.92
7226          1.00         0.00         0.00         0.00         0.00         0.00         0.00         0.00         0.00       119.84         0.00        26.91          0.00     2,014.04       143.04     2,157.08       147.75     2,009.33
7885          1.00         0.00         0.00         0.00         0.00         0.00         0.00         0.00         0.00        95.33         0.00        28.37          0.00     1,922.88       171.72     2,094.60       124.70     1,969.90
3326          1.00         0.00         0.00         0.00         0.00       352.72         0.00         0.00         0.00        47.98         0.00        38.70          0.00     1,498.02       220.48     1,718.50       440.40     1,278.10
0449          1.00         0.00         0.00         0.00         0.00       447.60         0.00         0.00         0.00       148.42         0.00        39.77          0.00     2,254.04       143.04     2,397.08       636.79     1,760.29
6934          1.00         0.00         0.00         0.00         0.00         0.00         0.00         0.00         0.00       405.63         0.00        86.57          0.00     3,293.38       460.71     3,754.09       493.20     3,260.89
7137          1.00         0.00         0.00         0.00         0.00         0.00         0.00         0.00         0.00       161.36         0.00        38.06          0.00     2,159.85       403.00     2,562.85       200.42     2,362.43
6682          1.00         0.00         0.00         0.00         0.00         0.00       144.20         0.00         0.00         0.00         0.00        17.72         50.20       785.30       146.37       931.67       162.92       768.75
1269          1.00         0.00         0.00         0.00         0.00         0.00         0.00         0.00         0.00        94.12         0.00        25.01          0.00     1,904.15       297.23     2,201.38       120.13     2,081.25
7890          1.00         0.00         0.00         0.00         0.00         0.00         0.00         0.00         0.00         0.00         0.00        30.80         18.04     1,042.16       189.76     1,231.92        31.80     1,200.12
8031          1.00         0.00         0.00         0.00         0.00         0.00         0.00         0.00         0.00        95.33         0.00        19.98          0.00     1,922.88       171.72     2,094.60       116.31     1,978.29
1419          1.00         0.00         0.00         0.00         0.00       399.23         0.00         0.00         0.00        55.99         0.00        39.51          0.00     1,571.66       232.26     1,803.92       495.73     1,308.19
8067          1.00         0.00         0.00         0.00         0.00         0.00         0.00         0.00         0.00         0.00         0.00        18.65         38.26       871.38       158.48     1,029.86        19.65     1,010.21
3525          1.00         0.00         0.00         0.00         0.00         0.00         0.00         0.00         0.00        35.01         0.00        38.03          0.00     1,465.80       301.63     1,767.43        74.04     1,693.39
8036          1.00         0.00         0.00         0.00         0.00         0.00         0.00         0.00         0.00         0.00         0.00        22.04         38.35       871.38       210.07     1,081.45        23.04     1,058.41
6885          1.00         0.00         0.00         0.00         0.00         0.00         0.00         0.00         0.00         0.00         0.00        34.78         35.51       914.15       162.57     1,076.72        35.78     1,040.94

















































EJECUTIVOS EN SERVICIOS DE ALIMENTOS, S.A. DE C.V.                                                                      Pagina: 0005
R.F.C.:                                                                                                                    2/NOV/19
REPORTE DE SUELDOS SEMANALES DEDUCCIONES


 
Codigo Desc Vales   Desc Zapatos Otras Deducc Desc Fonacot Pension Alim Desc Infonav Faltas       Inca Enferme Inca Riesgo  ISPT         Ajus ISPT    IMSS          Sub P/Empleo Tot Per Grav Tot Per Exce Total Percep Total Deducc Neto Pagado
..........................................................................................................................................................................................................................................
7907          1.00         0.00         0.00         0.00         0.00         0.00         0.00         0.00         0.00        81.72         0.00        41.97          0.00     1,808.11       338.70     2,146.81       124.69     2,022.12
4775          1.00         0.00         0.00         0.00         0.00         0.00         0.00         0.00         0.00       151.42         0.00        30.59          0.00     2,296.03       242.93     2,538.96       183.01     2,355.95
8069          1.00         0.00         0.00         0.00         0.00         0.00         0.00         0.00         0.00       210.65         0.00        38.17          0.00     2,456.55       476.80     2,933.35       249.82     2,683.53
4832          1.00         0.00         0.00         0.00         0.00         0.00         0.00         0.00         0.00       183.10         0.00        26.16          0.00     2,493.53       242.93     2,736.46       210.26     2,526.20
3321          1.00         0.00         0.00         0.00         0.00         0.00         0.00         0.00         0.00       205.54         0.00        59.76          0.00     2,278.16       292.82     2,570.98       266.30     2,304.68
0624          1.00         0.00         0.00         0.00         0.00         0.00         0.00         0.00         0.00       163.09         0.00        49.86          0.00     2,009.04       377.63     2,386.67       213.95     2,172.72
6877          1.00         0.00         0.00        97.24         0.00         0.00       171.38         0.00         0.00         0.00         0.00        25.61        146.90       410.01       179.68       589.69       295.23       294.46
4385          1.00         0.00         0.00         0.00         0.00         0.00         0.00         0.00         0.00        48.74         0.00        35.82          0.00     1,504.95       199.19     1,704.14        85.56     1,618.58
8099          1.00         0.00         0.00         0.00         0.00         0.00         0.00         0.00         0.00         0.00         0.00        18.65         24.79     1,032.16       145.01     1,177.17        19.65     1,157.52
8030          0.00         0.00         0.00         0.00         0.00         0.00         0.00         0.00         0.00         0.00         0.00         0.00          0.00         0.00         0.00         0.00         0.00         0.00
0366          1.00         0.00         0.00         0.00         0.00         0.00         0.00         0.00         0.00       343.09         0.00        89.85          0.00     3,000.58       462.49     3,463.07       433.94     3,029.13
8072          0.00         0.00         0.00         0.00         0.00         0.00       120.51         0.00         0.00         0.00         0.00        16.69         30.11     1,039.53        30.11     1,069.64       137.20       932.44
6206          1.00         0.00         0.00         0.00         0.00         0.00         0.00         0.00         0.00       254.67         0.00        44.98          0.00     2,713.75       308.62     3,022.37       300.65     2,721.72
8034          1.00         0.00         0.00         0.00         0.00         0.00       120.51         0.00         0.00         0.00         0.00        22.81         29.32     1,054.98       168.41     1,223.39       144.32     1,079.07
7618          1.00         0.00         0.00         0.00         0.00         0.00         0.00         0.00         0.00       105.24         0.00        31.38          0.00     2,165.21       242.93     2,408.14       137.62     2,270.52
 
*** GLO     176.00        56.00     1,300.00       459.34         0.00     4,914.27     3,253.14         0.00       469.10    14,647.18         0.00     5,597.36      2,590.69   283,394.92                323,627.92    30,872.39   292,755.53
  










































































