EJECUTIVOS EN SERVICIOS DE ALIMENTOS, S.A. DE C.V.                                                                      Pagina: 0001
R.F.C.:                                                                                                                    2/NOV/19
REPORTE DE SUELDOS SEMANALES DEDUCCIONES


 
Codigo Desc Vales   Desc Zapatos Otras Deducc Desc Fonacot Pension Alim Desc Infonav Faltas       Inca Enferme Inca Riesgo  ISPT         Ajus ISPT    IMSS          Sub P/Empleo Tot Per Grav Tot Per Exce Total Percep Total Deducc Neto Pagado
..........................................................................................................................................................................................................................................
7505          1.00         0.00         0.00         0.00         0.00         0.00         0.00         0.00         0.00         0.00         0.00        24.12         29.13     1,014.04       172.17     1,186.21        25.12     1,161.09
6600          1.00         0.00         0.00         0.00         0.00         0.00       144.20         0.00         0.00         0.00         0.00        17.96         46.77       847.76       155.81     1,003.57       163.16       840.41
7685          1.00         0.00         0.00         0.00         0.00         0.00         0.00         0.00         0.00         0.00         0.00        27.04         31.79       972.46       203.51     1,175.97        28.04     1,147.93
7331          1.00         0.00         0.00         0.00         0.00         0.00         0.00         0.00         0.00         0.00         0.00        23.71         34.14       935.76       218.73     1,154.49        24.71     1,129.78
5933          1.00         0.00         0.00         0.00         0.00         0.00         0.00         0.00         0.00         0.00         0.00        27.01         21.99     1,023.96       245.21     1,269.17        28.01     1,241.16
7170          1.00         0.00         0.00         0.00         0.00         0.00         0.00         0.00         0.00         0.00         0.00        30.70         21.99     1,023.96       245.21     1,269.17        31.70     1,237.47
5201          1.00         0.00         0.00         0.00         0.00       312.81         0.00         0.00         0.00        53.95         0.00        36.20          0.00     1,552.89       334.62     1,887.51       403.96     1,483.55
3890          1.00         0.00         0.00         0.00         0.00         0.00         0.00         0.00         0.00       178.36         0.00        54.71          0.00     2,104.51       319.12     2,423.63       234.07     2,189.56
7834          1.00         0.00         0.00         0.00         0.00         0.00         0.00         0.00         0.00         0.00         0.00        23.59          9.28     1,117.04       255.32     1,372.36        24.59     1,347.77
7851          1.00         0.00         0.00         0.00         0.00         0.00         0.00         0.00         0.00         0.00         0.00        18.65         31.67       974.38       254.89     1,229.27        19.65     1,209.62
3652          1.00         0.00         0.00         0.00         0.00       380.99         0.00         0.00         0.00       179.09         0.00        51.13          0.00     2,109.09       540.64     2,649.73       612.21     2,037.52
1123          1.00         0.00         0.00         0.00         0.00         0.00         0.00         0.00         0.00        29.73         0.00        48.57          0.00     1,417.30       312.92     1,730.22        79.30     1,650.92
4044          1.00         0.00         0.00         0.00         0.00         0.00         0.00         0.00         0.00        52.64         0.00        33.04          0.00     1,540.84       487.59     2,028.43        86.68     1,941.75
7593          1.00         0.00         0.00         0.00         0.00         0.00         0.00         0.00         0.00         0.00         0.00        26.65         30.97       985.34       215.56     1,200.90        27.65     1,173.25
7865          1.00         0.00         0.00         0.00         0.00         0.00         0.00         0.00         0.00         0.00         0.00        18.65         31.79       972.46       203.51     1,175.97        19.65     1,156.32
7259          1.00         0.00         0.00         0.00         0.00         0.00         0.00         0.00         0.00         0.00         0.00        21.27         29.13     1,013.96       252.35     1,266.31        22.27     1,244.04
7312          1.00         0.00         0.00         0.00         0.00         0.00         0.00         0.00         0.00         0.00         0.00        23.16         19.24     1,067.06       257.28     1,324.34        24.16     1,300.18
7338          1.00         0.00         0.00         0.00         0.00         0.00         0.00         0.00         0.00         0.00         0.00        24.12          9.28     1,117.04       255.32     1,372.36        25.12     1,347.24
5677          1.00         0.00         0.00         0.00         0.00         0.00         0.00         0.00         0.00        21.48         0.00        33.57          0.00     1,341.48       376.98     1,718.46        56.05     1,662.41
7737          1.00         0.00         0.00         0.00         0.00         0.00         0.00         0.00         0.00         0.00         0.00        19.82         31.39       978.78       203.11     1,181.89        20.82     1,161.07
4008          0.00         0.00         0.00         0.00         0.00         0.00         0.00         0.00         0.00         0.00         0.00         0.00          0.00         0.00         0.00         0.00         0.00         0.00
6210          1.00         0.00         0.00         0.00         0.00         0.00         0.00         0.00         0.00         0.00         0.00        27.88         18.98     1,070.96       139.20     1,210.16        28.88     1,181.28
6213          1.00         0.00         0.00         0.00         0.00         0.00         0.00         0.00         0.00         0.00         0.00        25.36          9.92     1,107.04       255.96     1,363.00        26.36     1,336.64
7812          1.00         0.00         0.00         0.00         0.00         0.00         0.00         0.00         0.00         0.00         0.00        21.62         21.99     1,023.96       245.21     1,269.17        22.62     1,246.55
0849          1.00         0.00         0.00         0.00         0.00         0.00         0.00         0.00         0.00         0.38         0.00        28.63          0.00     1,211.46       265.46     1,476.92        30.01     1,446.91
7536          1.00         0.00         0.00         0.00         0.00         0.00         0.00         0.00         0.00         0.00         0.00        20.18         32.43       962.46       204.15     1,166.61        21.18     1,145.43
7430          1.00         0.00         0.00         0.00         0.00         0.00         0.00         0.00         0.00       199.75         0.00        69.76          0.00     2,238.16       455.21     2,693.37       270.51     2,422.86
5181          1.00         0.00         0.00         0.00         0.00         0.00         0.00         0.00         0.00         0.00         0.00        20.64         21.99     1,023.96       245.21     1,269.17        21.64     1,247.53
7655          1.00         0.00         0.00         0.00         0.00         0.00         0.00         0.00         0.00         0.00         0.00        22.54         29.13     1,013.96       252.35     1,266.31        23.54     1,242.77
7057          1.00         0.00         0.00         0.00         0.00         0.00         0.00         0.00         0.00         0.00         0.00        23.94         18.04     1,085.76       241.26     1,327.02        24.94     1,302.08
5558          1.00         0.00         0.00         0.00         0.00         0.00         0.00         0.00         0.00         0.00         0.00        30.74         28.94     1,016.92       184.85     1,201.77        31.74     1,170.03
4746          1.00         0.00         0.00         0.00         0.00       353.64         0.00         0.00         0.00        29.28         0.00        34.99          0.00     1,413.15       211.63     1,624.78       418.91     1,205.87
7663          1.00         0.00         0.00         0.00         0.00         0.00         0.00         0.00         0.00         0.00         0.00        27.30          8.72     1,125.72       128.94     1,254.66        28.30     1,226.36
7407          1.00         0.00         0.00         0.00         0.00         0.00         0.00         0.00         0.00         0.00         0.00        29.01         35.09       920.96       155.31     1,076.27        30.01     1,046.26
7828          1.00         0.00         0.00         0.00         0.00         0.00       120.51         0.00         0.00         0.00         0.00        19.81         30.79     1,028.34       298.15     1,326.49       141.32     1,185.17
7773          1.00         0.00         0.00         0.00         0.00         0.00         0.00         0.00         0.00         0.00         0.00        21.02         31.39       978.78       151.61     1,130.39        22.02     1,108.37
7839          1.00         0.00         0.00         0.00         0.00         0.00         0.00         0.00         0.00       268.87         0.00        53.71          0.00     2,631.57       566.41     3,197.98       323.58     2,874.40
1424          1.00         0.00         0.00         0.00         0.00       479.20         0.00         0.00         0.00       275.75         0.00        96.37          0.00     2,669.97       409.59     3,079.56       852.32     2,227.24
5280          1.00         0.00         0.00       362.10         0.00       435.11         0.00         0.00         0.00       152.32         0.00        48.39          0.00     1,920.48       289.67     2,210.15       998.92     1,211.23
7742          1.00         0.00         0.00         0.00         0.00         0.00         0.00         0.00         0.00         0.00         0.00        19.82         35.73       910.96       155.95     1,066.91        20.82     1,046.09
7853          1.00         0.00         0.00         0.00         0.00         0.00         0.00         0.00         0.00         0.00         0.00        18.65         38.26       871.38       209.98     1,081.36        19.65     1,061.71
6461          1.00         0.00       200.00         0.00         0.00         0.00         0.00         0.00         0.00        31.10         0.00        30.67          0.00     1,429.86       475.61     1,905.47       262.77     1,642.70
6765          1.00         0.00       300.00         0.00         0.00         0.00         0.00         0.00         0.00        78.17         0.00        35.47          0.00     1,699.51       406.99     2,106.50       414.64     1,691.86

















































EJECUTIVOS EN SERVICIOS DE ALIMENTOS, S.A. DE C.V.                                                                      Pagina: 0002
R.F.C.:                                                                                                                    2/NOV/19
REPORTE DE SUELDOS SEMANALES DEDUCCIONES


 
Codigo Desc Vales   Desc Zapatos Otras Deducc Desc Fonacot Pension Alim Desc Infonav Faltas       Inca Enferme Inca Riesgo  ISPT         Ajus ISPT    IMSS          Sub P/Empleo Tot Per Grav Tot Per Exce Total Percep Total Deducc Neto Pagado
..........................................................................................................................................................................................................................................
5000          1.00         0.00         0.00         0.00         0.00         0.00         0.00         0.00         0.00        19.13         0.00        29.00          0.00     1,319.88       283.95     1,603.83        49.13     1,554.70
5644          1.00         0.00       150.00         0.00         0.00       347.16         0.00         0.00         0.00        13.21         0.00        29.88          0.00     1,265.46       296.26     1,561.72       541.25     1,020.47
6638          1.00         0.00         0.00         0.00         0.00         0.00         0.00         0.00         0.00         0.00         0.00        21.08         21.99     1,023.96       245.21     1,269.17        22.08     1,247.09
7878          1.00         0.00         0.00         0.00         0.00         0.00         0.00         0.00         0.00         0.00         0.00         7.99         24.04       291.17        64.22       355.39         8.99       346.40
7800          1.00         0.00         0.00         0.00         0.00         0.00         0.00         0.00         0.00         0.00         0.00        20.31         38.26       871.38       158.48     1,029.86        21.31     1,008.55
6690          1.00         0.00         0.00         0.00         0.00         0.00         0.00         0.00         0.00         0.00         0.00        21.32         34.90       923.84       167.99     1,091.83        22.32     1,069.51
7168          1.00         0.00         0.00         0.00         0.00         0.00         0.00         0.00         0.00         0.00         0.00        28.78         21.99     1,023.96       296.71     1,320.67        29.78     1,290.89
7786          1.00         0.00         0.00         0.00         0.00         0.00         0.00         0.00         0.00         0.00         0.00        20.19         38.90       861.38       159.12     1,020.50        21.19       999.31
4314          1.00         0.00         0.00         0.00         0.00         0.00         0.00         0.00         0.00       162.17         0.00        60.16          0.00     2,003.34       294.13     2,297.47       223.33     2,074.14
7848          1.00         0.00         0.00         0.00         0.00         0.00         0.00         0.00         0.00         0.00         0.00        18.65         38.90       861.38       159.12     1,020.50        19.65     1,000.85
7632          1.00         0.00         0.00         0.00         0.00         0.00         0.00         0.00         0.00         0.00         0.00        26.13         32.61       959.59       191.45     1,151.04        27.13     1,123.91
7873          1.00         0.00         0.00         0.00         0.00         0.00         0.00         0.00         0.00         0.00         0.00        15.99         32.36       753.68       158.58       912.26        16.99       895.27
6504          0.00         0.00         0.00         0.00         0.00         0.00       361.53         0.00         0.00         0.00         0.00        15.62         39.93       826.51        66.76       893.27       377.15       516.12
7801          1.00         0.00         0.00         0.00         0.00         0.00         0.00         0.00         0.00         0.00         0.00        21.88         31.67       974.38       254.89     1,229.27        22.88     1,206.39
7604          1.00         0.00         0.00         0.00         0.00         0.00         0.00         0.00         0.00         0.00         0.00        21.40         35.09       920.96       155.31     1,076.27        22.40     1,053.87
7061          1.00         0.00         0.00         0.00         0.00         0.00         0.00         0.00         0.00        16.01         0.00        30.29          0.00     1,291.16       223.22     1,514.38        47.30     1,467.08
7847          1.00         0.00         0.00         0.00         0.00         0.00         0.00         0.00         0.00         0.00         0.00        18.65         33.13       951.51       243.47     1,194.98        19.65     1,175.33
7633          1.00         0.00         0.00         0.00         0.00         0.00         0.00         0.00         0.00         0.00         0.00        22.99         35.73       910.96       155.95     1,066.91        23.99     1,042.92
7428          1.00         0.00         0.00         0.00         0.00         0.00         0.00         0.00         0.00         0.00         0.00        25.15         31.67       974.38       254.89     1,229.27        26.15     1,203.12
2897          1.00         0.00         0.00         0.00         0.00         0.00         0.00         0.00         0.00         0.00         0.00        19.86         35.73       910.96       155.95     1,066.91        20.86     1,046.05
7871          1.00         0.00         0.00         0.00         0.00         0.00       144.20         0.00         0.00         0.00         0.00        16.69         50.19       785.30       146.36       931.66       161.89       769.77
7558          1.00         0.00         0.00         0.00         0.00         0.00         0.00         0.00         0.00         0.00         0.00        23.03         33.44       946.71       179.41     1,126.12        24.03     1,102.09
6360          1.00         0.00         0.00         0.00         0.00         0.00       120.51         0.00         0.00         0.00         0.00        19.14         48.29       796.38       148.76       945.14       140.65       804.49
7614          1.00         0.00         0.00         0.00         0.00         0.00         0.00         0.00         0.00       150.58         0.00        30.06          0.00     1,904.45       476.67     2,381.12       181.64     2,199.48
3318          1.00         0.00         0.00         0.00         0.00       524.59         0.00         0.00         0.00       214.76         0.00        60.38          0.00     2,329.62       459.16     2,788.78       800.73     1,988.05
7804          1.00         0.00         0.00         0.00         0.00         0.00         0.00         0.00         0.00        55.18         0.00        39.55          0.00     1,564.18       232.66     1,796.84        95.73     1,701.11
5139          1.00         0.00         0.00         0.00         0.00       795.76         0.00         0.00         0.00       279.00         0.00        84.29          0.00     2,688.09       343.88     3,031.97     1,160.05     1,871.92
6083          1.00         0.00         0.00         0.00         0.00         0.00         0.00         0.00         0.00         0.00         0.00        29.84          6.89     1,144.57       378.88     1,523.45        30.84     1,492.61
6766          1.00         0.00         0.00         0.00         0.00         0.00         0.00         0.00         0.00         0.00         0.00        26.31          2.83     1,181.91       164.36     1,346.27        27.31     1,318.96
4137          1.00         0.00         0.00         0.00         0.00         0.00         0.00         0.00         0.00       371.80         0.00       137.60          0.00     3,135.04       482.40     3,617.44       510.40     3,107.04
7542          1.00         0.00         0.00         0.00         0.00         0.00         0.00         0.00         0.00         0.00         0.00        26.38         21.99     1,023.96       245.21     1,269.17        27.38     1,241.79
7756          1.00         0.00         0.00         0.00         0.00         0.00         0.00         0.00         0.00         0.00         0.00        22.59          0.80     1,200.53       404.27     1,604.80        23.59     1,581.21
3780          1.00         0.00         0.00         0.00         0.00         0.00         0.00         0.00         0.00        55.21         0.00        37.18          0.00     1,564.50       256.22     1,820.72        93.39     1,727.33
6205          1.00         0.00         0.00         0.00         0.00         0.00         0.00         0.00         0.00         0.00         0.00        24.81         32.33       964.06       218.87     1,182.93        25.81     1,157.12
5027          1.00         0.00         0.00         0.00         0.00         0.00         0.00         0.00         0.00         9.36         0.00        34.61          0.00     1,230.04       143.04     1,373.08        44.97     1,328.11
7791          1.00         0.00         0.00         0.00         0.00         0.00         0.00         0.00         0.00         0.00         0.00        21.37         33.32       948.63       282.29     1,230.92        22.37     1,208.55
7818          1.00         0.00         0.00         0.00         0.00         0.00         0.00         0.00         0.00         0.00         0.00        24.46          9.92     1,107.04       255.96     1,363.00        25.46     1,337.54
7815          1.00         0.00         0.00         0.00         0.00         0.00         0.00         0.00         0.00         0.00         0.00        19.81         38.90       861.38       159.12     1,020.50        20.81       999.69
6839          1.00         0.00         0.00         0.00         0.00         0.00         0.00         0.00         0.00         0.00         0.00        25.71         31.79       972.46       203.51     1,175.97        26.71     1,149.26
5646          1.00         0.00         0.00         0.00         0.00         0.00         0.00         0.00         0.00         0.00         0.00        26.98         21.99     1,023.96       245.21     1,269.17        27.98     1,241.19
7708          1.00         0.00         0.00         0.00         0.00         0.00         0.00         0.00         0.00         0.00         0.00        21.39         21.99     1,023.96       245.21     1,269.17        22.39     1,246.78
7869          1.00         0.00         0.00         0.00         0.00         0.00         0.00         0.00         0.00         0.00         0.00        20.95         19.24     1,067.06       257.28     1,324.34        21.95     1,302.39
7852          1.00         0.00         0.00         0.00         0.00         0.00         0.00         0.00         0.00         0.00         0.00        18.65         36.43       900.01       195.27     1,095.28        19.65     1,075.63

















































EJECUTIVOS EN SERVICIOS DE ALIMENTOS, S.A. DE C.V.                                                                      Pagina: 0003
R.F.C.:                                                                                                                    2/NOV/19
REPORTE DE SUELDOS SEMANALES DEDUCCIONES


 
Codigo Desc Vales   Desc Zapatos Otras Deducc Desc Fonacot Pension Alim Desc Infonav Faltas       Inca Enferme Inca Riesgo  ISPT         Ajus ISPT    IMSS          Sub P/Empleo Tot Per Grav Tot Per Exce Total Percep Total Deducc Neto Pagado
..........................................................................................................................................................................................................................................
5679          1.00         0.00         0.00         0.00         0.00         0.00         0.00         0.00         0.00        72.69         0.00        35.62          0.00     1,649.15       528.05     2,177.20       109.31     2,067.89
7530          1.00         0.00         0.00         0.00         0.00         0.00         0.00         0.00         0.00         0.00         0.00        25.35         33.44       946.71       179.41     1,126.12        26.35     1,099.77
6028          1.00         0.00         0.00         0.00         0.00       418.49         0.00         0.00         0.00        49.51         0.00        34.39          0.00     1,512.07       296.26     1,808.33       503.39     1,304.94
6565          1.00         0.00         0.00         0.00         0.00         0.00         0.00         0.00         0.00         0.00         0.00        27.42         21.99     1,023.96       245.21     1,269.17        28.42     1,240.75
7753          1.00         0.00         0.00         0.00         0.00         0.00         0.00         0.00         0.00         0.00         0.00        30.07          9.92     1,107.04       255.96     1,363.00        31.07     1,331.93
3676          1.00         0.00         0.00         0.00         0.00         0.00         0.00         0.00         0.00        55.16         0.00        35.79          0.00     1,564.08       328.59     1,892.67        91.95     1,800.72
3221          1.00         0.00         0.00         0.00         0.00         0.00         0.00         0.00         0.00        23.80         0.00        33.33          0.00     1,362.76       311.82     1,674.58        58.13     1,616.45
7741          1.00         0.00         0.00         0.00         0.00         0.00         0.00         0.00         0.00         0.00         0.00        19.83         35.73       910.96       155.95     1,066.91        20.83     1,046.08
7779          1.00         0.00         0.00         0.00         0.00         0.00         0.00         0.00         0.00         0.00         0.00        27.37         10.96     1,090.76       166.28     1,257.04        28.37     1,228.67
7269          1.00         0.00         0.00         0.00         0.00         0.00         0.00         0.00         0.00         0.00         0.00        25.38          7.40     1,139.84       269.24     1,409.08        26.38     1,382.70
7844          1.00         0.00         0.00         0.00         0.00         0.00         0.00         0.00         0.00         0.00         0.00        18.65         36.61       897.13       182.58     1,079.71        19.65     1,060.06
7876          1.00         0.00         0.00         0.00         0.00         0.00         0.00         0.00         0.00         0.00         0.00         8.98         22.06       322.15       118.70       440.85         9.98       430.87
7845          1.00         0.00       300.00         0.00         0.00         0.00         0.00         0.00         0.00        50.69         0.00        22.22          0.00     1,522.92       361.91     1,884.83       373.91     1,510.92
2522          1.00         0.00         0.00         0.00         0.00         0.00         0.00         0.00         0.00         0.00         0.00        27.19         34.26       933.84       167.35     1,101.19        28.19     1,073.00
7875          1.00         0.00         0.00         0.00         0.00         0.00         0.00         0.00         0.00         0.00         0.00        10.66         20.83       514.02       209.85       723.87        11.66       712.21
0236          1.00         0.00         0.00         0.00         0.00       548.17         0.00         0.00         0.00       175.08         0.00        68.68          0.00     2,083.99       378.67     2,462.66       792.93     1,669.73
7080          1.00         0.00         0.00         0.00         0.00         0.00         0.00         0.00         0.00        17.59         0.00        39.91          0.00     1,305.66       274.39     1,580.05        58.50     1,521.55
5965          1.00         0.00         0.00         0.00         0.00         0.00         0.00         0.00         0.00        19.13         0.00        31.39          0.00     1,319.88       320.00     1,639.88        51.52     1,588.36
5447          1.00         0.00         0.00         0.00         0.00         0.00         0.00         0.00         0.00         0.00         0.00        26.90         29.77     1,004.04       172.81     1,176.85        27.90     1,148.95
6685          1.00         0.00         0.00         0.00         0.00         0.00         0.00         0.00         0.00         0.00         0.00        22.26         20.35     1,049.71       269.32     1,319.03        23.26     1,295.77
7877          0.00         0.00         0.00         0.00         0.00         0.00       120.51         0.00         0.00         0.00         0.00         6.03         21.84       276.18        21.84       298.02       126.54       171.48
5549          1.00         0.00         0.00         0.00         0.00         0.00         0.00         0.00         0.00         0.00         0.00        24.52         33.44       946.71       230.91     1,177.62        25.52     1,152.10
7874          1.00         0.00         0.00         0.00         0.00         0.00         0.00         0.00         0.00         0.00         0.00        17.96         29.05       805.39       193.41       998.80        18.96       979.84
7860          0.00         0.00         0.00         0.00         0.00         0.00       482.04         0.00         0.00         0.00         0.00        12.13         35.13       758.68       138.13       896.81       494.17       402.64
0854          1.00         0.00         0.00         0.00         0.00       341.85         0.00         0.00         0.00        74.83         0.00        38.44          0.00     1,668.76       301.57     1,970.33       456.12     1,514.21
7295          1.00         0.00         0.00         0.00         0.00         0.00         0.00         0.00         0.00         0.00         0.00        26.94         21.99     1,023.96       245.21     1,269.17        27.94     1,241.23
6832          1.00         0.00         0.00         0.00         0.00         0.00         0.00         0.00         0.00         0.00         0.00        26.02         33.85       940.27       173.38     1,113.65        27.02     1,086.63
4807          1.00         0.00         0.00         0.00         0.00         0.00         0.00         0.00         0.00       510.35         0.00       161.30          0.00     3,783.66       586.18     4,369.84       672.65     3,697.19
6821          1.00         0.00         0.00         0.00         0.00         0.00         0.00         0.00         0.00         0.00         0.00        38.56          2.22     1,187.46       163.75     1,351.21        39.56     1,311.65
7850          1.00         0.00         0.00         0.00         0.00         0.00       120.51         0.00         0.00         0.00         0.00        16.69         42.64       899.38       246.11     1,145.49       138.20     1,007.29
7862          1.00         0.00         0.00         0.00         0.00         0.00         0.00         0.00         0.00         0.00         0.00        20.95         79.07       322.15       124.21       446.36        21.95       424.41
3169          1.00         0.00         0.00         0.00         0.00         0.00         0.00         0.00         0.00         0.00         0.00        25.48         32.61       959.59       191.45     1,151.04        26.48     1,124.56
4514          1.00         0.00         0.00         0.00         0.00       550.29         0.00         0.00         0.00        29.73         0.00        53.47          0.00     1,417.30       312.92     1,730.22       634.49     1,095.73
7814          1.00         0.00         0.00         0.00         0.00         0.00         0.00         0.00         0.00         0.00         0.00        23.34         29.77     1,004.04       172.81     1,176.85        24.34     1,152.51
7104          1.00         0.00         0.00         0.00         0.00         0.00       144.20         0.00         0.00         0.00         0.00        24.42         43.93       899.43       158.36     1,057.79       169.62       888.17
7754          1.00         0.00         0.00         0.00         0.00         0.00         0.00         0.00         0.00         0.00         0.00        18.65         31.67       974.38       254.89     1,229.27        19.65     1,209.62
7717          1.00         0.00         0.00         0.00         0.00         0.00         0.00         0.00         0.00        44.11         0.00        33.88          0.00     1,462.45       346.48     1,808.93        78.99     1,729.94
6014          1.00         0.00         0.00         0.00         0.00         0.00         0.00         0.00         0.00         0.00         0.00        27.02          1.86     1,190.82       224.60     1,415.42        28.02     1,387.40
7775          1.00         0.00         0.00         0.00         0.00         0.00         0.00         0.00         0.00         0.00         0.00        20.97         37.25       887.13       183.22     1,070.35        21.97     1,048.38
7551          1.00         0.00         0.00         0.00         0.00         0.00         0.00         0.00         0.00        16.01         0.00        30.29          0.00     1,291.16       223.22     1,514.38        47.30     1,467.08
7715          1.00         0.00         0.00         0.00         0.00         0.00       120.51         0.00         0.00         0.00         0.00        22.06         35.15       948.96       290.12     1,239.08       143.57     1,095.51
3827          1.00         0.00         0.00         0.00         0.00         0.00         0.00         0.00         0.00         0.00         0.00        27.68         18.40     1,080.20       187.28     1,267.48        28.68     1,238.80
5412          1.00         0.00         0.00         0.00         0.00         0.00         0.00         0.00         0.00         0.00         0.00        20.32         35.73       910.96       155.95     1,066.91        21.32     1,045.59

















































EJECUTIVOS EN SERVICIOS DE ALIMENTOS, S.A. DE C.V.                                                                      Pagina: 0004
R.F.C.:                                                                                                                    2/NOV/19
REPORTE DE SUELDOS SEMANALES DEDUCCIONES


 
Codigo Desc Vales   Desc Zapatos Otras Deducc Desc Fonacot Pension Alim Desc Infonav Faltas       Inca Enferme Inca Riesgo  ISPT         Ajus ISPT    IMSS          Sub P/Empleo Tot Per Grav Tot Per Exce Total Percep Total Deducc Neto Pagado
..........................................................................................................................................................................................................................................
4504          1.00         0.00         0.00         0.00         0.00         0.00         0.00         0.00         0.00       193.62         0.00        57.11          0.00     2,199.89       318.38     2,518.27       251.73     2,266.54
7395          1.00         0.00         0.00         0.00         0.00         0.00         0.00         0.00         0.00         0.00         0.00        26.40          4.12     1,170.06       345.16     1,515.22        27.40     1,487.82
0214          1.00         0.00         0.00         0.00         0.00         0.00         0.00         0.00         0.00       510.35         0.00       161.69          0.00     3,783.66       847.87     4,631.53       673.04     3,958.49
7849          1.00         0.00         0.00         0.00         0.00         0.00         0.00         0.00         0.00         0.00         0.00        18.65         35.60       912.88       207.32     1,120.20        19.65     1,100.55
6321          0.00         0.00         0.00         0.00         0.00         0.00       361.53         0.00         0.00         0.00         0.00        18.55         38.59       863.02        67.66       930.68       380.08       550.60
5232          1.00         0.00         0.00         0.00         0.00         0.00         0.00         0.00         0.00        42.40         0.00        33.46          0.00     1,446.74       246.04     1,692.78        76.86     1,615.92
4958          1.00         0.00         0.00         0.00         0.00         0.00         0.00         0.00         0.00         0.00         0.00        26.83         21.99     1,023.96       245.21     1,269.17        27.83     1,241.34
3979          1.00         0.00         0.00         0.00         0.00         0.00         0.00         0.00         0.00       420.97         0.00       152.85          0.00     3,365.20       519.23     3,884.43       574.82     3,309.61
7854          0.00         0.00         0.00         0.00         0.00         0.00         0.00         0.00         0.00         0.00         0.00        18.65         19.12     1,068.85        57.74     1,126.59        18.65     1,107.94
0442          1.00         0.00         0.00         0.00         0.00         0.00         0.00         0.00         0.00        41.41         0.00        38.94          0.00     1,437.65       263.07     1,700.72        81.35     1,619.37
7699          1.00         0.00         0.00         0.00         0.00         0.00         0.00         0.00         0.00         0.00         0.00        21.33         35.09       920.96       206.81     1,127.77        22.33     1,105.44
7857          1.00         0.00         0.00         0.00         0.00         0.00         0.00         0.00         0.00       146.66         0.00        42.38          0.00     1,868.43       397.15     2,265.58       190.04     2,075.54
7330          0.00         0.00         0.00         0.00         0.00         0.00         0.00         0.00         0.00         0.00         0.00         0.00          0.00         0.00         0.00         0.00         0.00         0.00
7719          1.00         0.00         0.00         0.00         0.00         0.00         0.00         0.00         0.00         0.00         0.00        24.25         21.99     1,023.96       245.21     1,269.17        25.25     1,243.92
7846          1.00         0.00         0.00         0.00         0.00         0.00         0.00         0.00         0.00         0.00         0.00        22.22          9.28     1,117.04       255.32     1,372.36        23.22     1,349.14
7421          1.00         0.00         0.00         0.00         0.00         0.00         0.00         0.00         0.00         0.00         0.00        25.43          8.64     1,126.96       334.86     1,461.82        26.43     1,435.39
7776          1.00         0.00         0.00         0.00         0.00         0.00         0.00         0.00         0.00         0.00         0.00        19.83         33.13       951.51       243.47     1,194.98        20.83     1,174.15
7823          1.00         0.00         0.00         0.00         0.00         0.00         0.00         0.00         0.00         0.00         0.00        21.38         31.67       974.38       254.89     1,229.27        22.38     1,206.89
7298          1.00         0.00         0.00         0.00         0.00         0.00         0.00         0.00         0.00        53.42         0.00        48.33          0.00     1,548.05       287.44     1,835.49       102.75     1,732.74
7758          1.00         0.00         0.00         0.00         0.00         0.00         0.00         0.00         0.00         0.00         0.00        24.01         21.99     1,023.96       245.21     1,269.17        25.01     1,244.16
5396          1.00         0.00       400.00         0.00         0.00         0.00         0.00         0.00         0.00         0.00         0.00        27.39         34.26       933.84       167.35     1,101.19       428.39       672.80
5704          1.00         0.00         0.00         0.00         0.00         0.00         0.00         0.00         0.00        25.07         0.00        37.09          0.00     1,374.48       228.64     1,603.12        63.16     1,539.96
7503          1.00         0.00         0.00         0.00         0.00         0.00       120.51         0.00         0.00         0.00         0.00        22.44         29.38     1,054.10       373.98     1,428.08       143.95     1,284.13
7588          1.00         0.00         0.00         0.00         0.00         0.00         0.00         0.00         0.00         0.00         0.00        27.94         21.99     1,023.96       245.21     1,269.17        28.94     1,240.23
7821          1.00         0.00         0.00         0.00         0.00         0.00         0.00         0.00         0.00         0.00         0.00        23.47          9.28     1,117.04       255.32     1,372.36        24.47     1,347.89
5588          1.00         0.00         0.00         0.00         0.00         0.00         0.00         0.00         0.00         0.00         0.00        21.45         21.99     1,023.96       245.21     1,269.17        22.45     1,246.72
6203          1.00         0.00         0.00         0.00         0.00         0.00         0.00       120.51         0.00         0.00         0.00        21.98         35.74       938.22       212.97     1,151.19       143.49     1,007.70
6582          1.00         0.00         0.00         0.00         0.00         0.00         0.00         0.00       432.60         0.00         0.00        11.96         43.42       802.73        91.50       894.23       445.56       448.67
7392          1.00         0.00         0.00         0.00         0.00         0.00         0.00         0.00         0.00         0.00         0.00        24.25         21.99     1,023.96       245.21     1,269.17        25.25     1,243.92
7226          1.00         0.00         0.00         0.00         0.00         0.00         0.00         0.00         0.00         0.00         0.00        31.27          9.28     1,117.04       255.32     1,372.36        32.27     1,340.09
7664          1.00         0.00         0.00         0.00         0.00         0.00       120.51         0.00         0.00         0.00         0.00        23.93         35.15       948.96       238.62     1,187.58       145.44     1,042.14
3326          1.00         0.00         0.00         0.00         0.00       352.72         0.00         0.00         0.00        53.95         0.00        43.82          0.00     1,552.89       334.62     1,887.51       451.49     1,436.02
0449          1.00         0.00       300.00         0.00         0.00       386.21         0.00         0.00         0.00        30.66         0.00        34.80          0.00     1,425.77       301.51     1,727.28       752.67       974.61
7863          1.00         0.00         0.00         0.00         0.00       638.95         0.00         0.00         0.00        11.18         0.00        27.97          0.00     1,246.79       242.99     1,489.78       679.10       810.68
6934          1.00         0.00         0.00         0.00         0.00         0.00         0.00         0.00         0.00       342.84         0.00        84.50          0.00     2,999.45       460.71     3,460.16       428.34     3,031.82
7137          1.00         0.00         0.00         0.00         0.00         0.00         0.00         0.00         0.00        49.60         0.00        35.89          0.00     1,512.90       195.11     1,708.01        86.49     1,621.52
6682          1.00         0.00         0.00         0.00         0.00         0.00       144.20         0.00         0.00         0.00         0.00        17.70         47.47       834.88       143.64       978.52       162.90       815.62
1269          1.00         0.00         0.00         0.00         0.00         0.00         0.00         0.00         0.00         0.00         0.00        19.98         35.73       910.96       155.95     1,066.91        20.98     1,045.93
6006          1.00         0.00         0.00         0.00         0.00         0.00         0.00         0.00         0.00         0.00         0.00        19.80         33.13       951.51       243.47     1,194.98        20.80     1,174.18
1419          1.00         0.00         0.00         0.00         0.00       268.68         0.00         0.00         0.00        71.90         0.00        51.65          0.00     1,641.89       364.70     2,006.59       393.23     1,613.36
7868          1.00         0.00         0.00         0.00         0.00         0.00       120.51         0.00         0.00         0.00         0.00        18.75         33.62       976.84       249.48     1,226.32       140.26     1,086.06
3525          1.00         0.00         0.00         0.00         0.00         0.00         0.00         0.00         0.00        14.30         0.00        32.09          0.00     1,275.48       277.74     1,553.22        47.39     1,505.83
7859          1.00         0.00         0.00         0.00         0.00       210.99         0.00         0.00         0.00         0.00         0.00        20.95         72.43       425.15       220.57       645.72       232.94       412.78

















































EJECUTIVOS EN SERVICIOS DE ALIMENTOS, S.A. DE C.V.                                                                      Pagina: 0005
R.F.C.:                                                                                                                    2/NOV/19
REPORTE DE SUELDOS SEMANALES DEDUCCIONES


 
Codigo Desc Vales   Desc Zapatos Otras Deducc Desc Fonacot Pension Alim Desc Infonav Faltas       Inca Enferme Inca Riesgo  ISPT         Ajus ISPT    IMSS          Sub P/Empleo Tot Per Grav Tot Per Exce Total Percep Total Deducc Neto Pagado
..........................................................................................................................................................................................................................................
7855          1.00         0.00         0.00         0.00         0.00         0.00         0.00         0.00         0.00         0.00         0.00        18.65         37.44       884.26       222.03     1,106.29        19.65     1,086.64
6885          1.00         0.00         0.00         0.00         0.00         0.00         0.00         0.00         0.00         0.00         0.00        25.70         30.02     1,000.13       278.99     1,279.12        26.70     1,252.42
4775          1.00         0.00         0.00         0.00         0.00         0.00         0.00         0.00         0.00         0.00         0.00        25.85         32.43       962.46       230.98     1,193.44        26.85     1,166.59
7528          1.00         0.00         0.00         0.00         0.00         0.00         0.00         0.00         0.00         0.00         0.00        25.90         32.33       964.06       218.87     1,182.93        26.90     1,156.03
4832          1.00         0.00         0.00         0.00         0.00         0.00         0.00         0.00         0.00         0.00         0.00        27.97         21.99     1,023.96       245.21     1,269.17        28.97     1,240.20
7836          1.00         0.00         0.00         0.00         0.00         0.00         0.00         0.00         0.00         0.00         0.00        20.04         31.67       974.38       254.89     1,229.27        21.04     1,208.23
7824          1.00         0.00         0.00         0.00         0.00         0.00         0.00         0.00         0.00         0.00         0.00        21.34         31.67       974.38       254.89     1,229.27        22.34     1,206.93
3321          1.00         0.00         0.00         0.00         0.00         0.00         0.00         0.00         0.00       246.91         0.00        73.39          0.00     2,509.02       523.69     3,032.71       321.30     2,711.41
2112          1.00         0.00         0.00         0.00         0.00         0.00         0.00         0.00         0.00         0.00         0.00        23.40          3.20     1,178.46       265.04     1,443.50        24.40     1,419.10
0624          1.00         0.00         0.00         0.00         0.00         0.00         0.00         0.00         0.00       188.39         0.00        60.78          0.00     2,167.18       535.77     2,702.95       250.17     2,452.78
6877          1.00         0.00       200.00       194.15         0.00         0.00         0.00         0.00         0.00        13.22         0.00        27.81          0.00     1,265.48       277.74     1,543.22       436.18     1,107.04
4385          1.00         0.00         0.00         0.00         0.00         0.00         0.00         0.00         0.00        18.97         0.00        31.46          0.00     1,318.33       169.33     1,487.66        51.43     1,436.23
7378          1.00         0.00         0.00         0.00         0.00         0.00         0.00         0.00         0.00         0.00         0.00        21.27         30.02     1,000.13       330.49     1,330.62        22.27     1,308.35
0366          1.00         0.00         0.00         0.00         0.00         0.00         0.00         0.00         0.00       343.08         0.00       105.70          0.00     3,000.58       462.49     3,463.07       449.78     3,013.29
6206          1.00         0.00         0.00         0.00         0.00         0.00         0.00         0.00         0.00        53.57         0.00        31.28          0.00     1,549.41       421.67     1,971.08        85.85     1,885.23
4366          1.00         0.00         0.00         0.00         0.00         0.00         0.00         0.00         0.00         0.00         0.00        23.61          9.28     1,117.04       255.32     1,372.36        24.61     1,347.75
7618          1.00         0.00         0.00         0.00         0.00         0.00         0.00         0.00         0.00         0.00         0.00        22.58         33.44       946.71       179.41     1,126.12        23.58     1,102.54
 
*** GLO     182.00         0.00     1,850.00       556.25         0.00     7,345.61     2,745.98       120.51       432.60     6,908.43         0.00     5,935.87      3,585.68   230,424.73                278,775.96    26,077.25   252,698.71
  








































































