EJECUTIVOS EN SERVICIOS DE ALIMENTOS, S.A. DE C.V.                                                                      Pagina: 0001
R.F.C.:                                                                                                                    2/NOV/19
REPORTE DE SUELDOS SEMANALES DEDUCCIONES


 
Codigo Desc Vales   Desc Zapatos Otras Deducc Desc Fonacot Pension Alim Desc Infonav Faltas       Inca Enferme Inca Riesgo  ISPT         Ajus ISPT    IMSS          Sub P/Empleo Tot Per Grav Tot Per Exce Total Percep Total Deducc Neto Pagado
..........................................................................................................................................................................................................................................
7879          1.00         0.00         0.00         0.00         0.00         0.00       120.51         0.00         0.00         0.00         0.00        29.89         41.15       976.63       205.99     1,182.62       151.40     1,031.22
6600          1.00         0.00         0.00         0.00         0.00       246.12         0.00         0.00         0.00         0.00         0.00        21.28         34.93       923.46       181.30     1,104.76       268.40       836.36
7685          1.00         0.00         0.00         0.00         0.00         0.00       120.51         0.00         0.00         0.00         0.00        21.61         39.33       980.19       345.07     1,325.26       143.12     1,182.14
7331          1.00         0.00         0.00         0.00         0.00         0.00         0.00         0.00         0.00         0.00         0.00        27.18          4.38     1,293.22       291.97     1,585.19        28.18     1,557.01
5933          1.00         0.00         0.00         0.00         0.00         0.00         0.00         0.00         0.00         0.00         0.00        30.52         33.88       939.90       186.69     1,126.59        31.52     1,095.07
7170          1.00         0.00         0.00         0.00         0.00         0.00         0.00         0.00         0.00         0.00         0.00        33.56         35.53       914.15       162.59     1,076.74        34.56     1,042.18
5201          1.00         0.00         0.00         0.00         0.00       335.50         0.00         0.00         0.00        47.98         0.00        36.05          0.00     1,498.02       220.48     1,718.50       420.53     1,297.97
3890          1.00         0.00         0.00         0.00         0.00         0.00         0.00         0.00         0.00       178.37         0.00        54.49          0.00     2,104.51       319.12     2,423.63       233.86     2,189.77
7834          1.00         0.00         0.00         0.00         0.00         0.00         0.00         0.00         0.00         0.00         0.00        29.63         29.14     1,014.04       172.18     1,186.22        30.63     1,155.59
8050          0.00         0.00         0.00         0.00         0.00         0.00       293.50         0.00         0.00         0.00         0.00        22.08         39.80       978.90        39.80     1,018.70       315.58       703.12
8051          1.00         0.00         0.00         0.00         0.00         0.00         0.00         0.00         0.00         0.00         0.00        13.32         37.80       520.82       109.93       630.75        14.32       616.43
1123          1.00         0.00         0.00         0.00         0.00         0.00         0.00         0.00         0.00       195.31         0.00        33.71          0.00     1,778.96       338.80     2,117.76       230.02     1,887.74
8049          1.00         0.00         0.00         0.00         0.00         0.00         0.00         0.00         0.00         0.00         0.00        18.65         32.90       955.07       236.80     1,191.87        19.65     1,172.22
7959          1.00         0.00         0.00         0.00         0.00         0.00       144.20         0.00         0.00         0.00         0.00        20.92         43.57       956.08       139.74     1,095.82       166.12       929.70
8016          1.00         0.00         0.00         0.00         0.00         0.00         0.00         0.00         0.00         0.00         0.00        19.79         45.41       861.38       165.63     1,027.01        20.79     1,006.22
7977          1.00         0.00         0.00         0.00         0.00         0.00         0.00         0.00         0.00         0.00         0.00        24.28         19.00     1,070.79       177.84     1,248.63        25.28     1,223.35
8040          1.00         0.00         0.00         0.00         0.00         0.00         0.00         0.00         0.00         0.00         0.00        18.65         38.90       861.38       159.12     1,020.50        19.65     1,000.85
8021          1.00         0.00         0.00         0.00         0.00         0.00       120.51         0.00         0.00         0.00         0.00        17.96         53.06       796.38       153.53       949.91       139.47       810.44
8027          1.00         0.00         0.00         0.00         0.00         0.00       120.51         0.00         0.00         0.00         0.00        22.69         43.22       939.10       195.19     1,134.29       144.20       990.09
7986          1.00         0.00         0.00         0.00         0.00         0.00         0.00         0.00         0.00         0.00         0.00        25.20         20.83     1,042.16       192.55     1,234.71        26.20     1,208.51
7259          1.00         0.00         0.00         0.00         0.00         0.00         0.00         0.00         0.00         0.00         0.00        29.64         36.17       904.15       163.23     1,067.38        30.64     1,036.74
7312          1.00         0.00         0.00         0.00         0.00         0.00       120.51         0.00         0.00         0.00         0.00        23.26         34.11       976.84       301.47     1,278.31       144.77     1,133.54
7338          1.00         0.00         0.00         0.00         0.00         0.00         0.00         0.00         0.00         0.00         0.00        32.20         29.14     1,014.04       172.18     1,186.22        33.20     1,153.02
5677          1.00         0.00         0.00         0.00         0.00         0.00         0.00         0.00         0.00        23.03         0.00        34.52          0.00     1,355.64       462.48     1,818.12        58.55     1,759.57
8023          1.00         0.00         0.00         0.00         0.00         0.00       241.02         0.00         0.00         0.00         0.00        20.12         47.29       895.48       127.66     1,023.14       262.14       761.00
8042          1.00         0.00         0.00         0.00         0.00         0.00         0.00         0.00         0.00         0.00         0.00        18.65         22.56     1,042.16       142.78     1,184.94        19.65     1,165.29
7943          1.00         0.00         0.00         0.00         0.00         0.00         0.00         0.00         0.00         0.00         0.00        26.51         38.27       871.38       158.49     1,029.87        27.51     1,002.36
0849          1.00         0.00         0.00         0.00         0.00         0.00         0.00         0.00         0.00         0.00         0.00        34.18         30.03     1,004.04       364.65     1,368.69        35.18     1,333.51
7536          1.00         0.00         0.00         0.00         0.00         0.00         0.00         0.00         0.00         0.00         0.00        21.15         10.16     1,107.28       253.09     1,360.37        22.15     1,338.22
5181          1.00         0.00         0.00         0.00         0.00         0.00         0.00         0.00         0.00         0.00         0.00        27.93         33.88       939.90       186.69     1,126.59        28.93     1,097.66
5429          1.00         0.00         0.00         0.00         0.00         0.00         0.00         0.00         0.00       310.05         0.00        78.49          0.00     2,861.35       403.61     3,264.96       389.54     2,875.42
7655          1.00         0.00         0.00         0.00         0.00         0.00         0.00         0.00         0.00         0.00         0.00        27.09         25.05     1,077.96       267.98     1,345.94        28.09     1,317.85
5558          1.00         0.00         0.00         0.00         0.00         0.00         0.00         0.00         0.00         0.00         0.00        28.73         28.54     1,023.35       190.89     1,214.24        29.73     1,184.51
7663          1.00         0.00         0.00         0.00         0.00         0.00         0.00         0.00         0.00         0.00         0.00        28.18          0.54     1,202.97       198.01     1,400.98        29.18     1,371.80
7773          1.00         0.00         0.00         0.00         0.00         0.00       120.51         0.00         0.00         0.00         0.00        21.40         43.68       880.50       149.86     1,030.36       142.91       887.45
1424          1.00         0.00       300.00         0.00         0.00       466.38         0.00         0.00         0.00       282.04         0.00        76.75          0.00     2,705.02       444.63     3,149.65     1,126.17     2,023.48
5280          1.00         0.00         0.00       362.10         0.00       435.11         0.00         0.00         0.00       152.33         0.00        49.06          0.00     1,920.48       289.67     2,210.15       999.60     1,210.55
8020          1.00         0.00         0.00         0.00         0.00         0.00         0.00         0.00         0.00         0.00         0.00        21.37         38.90       861.38       159.12     1,020.50        22.37       998.13
7994          1.00         0.00         0.00         0.00         0.00         0.00         0.00         0.00         0.00         0.00         0.00        20.05          3.84     1,206.13       227.06     1,433.19        21.05     1,412.14
6461          1.00         0.00       259.00         0.00         0.00         0.00         0.00         0.00         0.00        27.48         0.00        28.16          0.00     1,332.71       273.84     1,606.55       315.64     1,290.91
6765          1.00         0.00         0.00         0.00         0.00         0.00         0.00         0.00         0.00       236.41         0.00        50.66          0.00     2,450.41       338.80     2,789.21       288.07     2,501.14
8017          1.00         0.00         0.00         0.00         0.00       229.93         0.00         0.00         0.00         0.00         0.00        19.79         38.91       861.38       159.13     1,020.51       250.72       769.79
7909          1.00         0.00         0.00         0.00         0.00         0.00         0.00         0.00         0.00         0.00         0.00        27.12         38.27       871.38       158.49     1,029.87        28.12     1,001.75

















































EJECUTIVOS EN SERVICIOS DE ALIMENTOS, S.A. DE C.V.                                                                      Pagina: 0002
R.F.C.:                                                                                                                    2/NOV/19
REPORTE DE SUELDOS SEMANALES DEDUCCIONES


 
Codigo Desc Vales   Desc Zapatos Otras Deducc Desc Fonacot Pension Alim Desc Infonav Faltas       Inca Enferme Inca Riesgo  ISPT         Ajus ISPT    IMSS          Sub P/Empleo Tot Per Grav Tot Per Exce Total Percep Total Deducc Neto Pagado
..........................................................................................................................................................................................................................................
5000          1.00         0.00         0.00         0.00         0.00         0.00         0.00         0.00         0.00        15.63         0.00        30.85          0.00     1,287.59       247.41     1,535.00        47.48     1,487.52
7925          1.00         0.00         0.00         0.00         0.00         0.00         0.00         0.00         0.00        11.19         0.00        31.74          0.00     1,246.79       180.28     1,427.07        43.93     1,383.14
5644          1.00         0.00         0.00         0.00         0.00       337.88         0.00         0.00         0.00        71.17         0.00        29.37          0.00     1,624.17       296.26     1,920.43       439.42     1,481.01
6638          1.00         0.00         0.00         0.00         0.00         0.00         0.00         0.00         0.00         0.00         0.00        26.36         35.53       914.15       162.59     1,076.74        27.36     1,049.38
7800          1.00         0.00         0.00         0.00         0.00         0.00         0.00         0.00         0.00         0.00         0.00        24.57         31.32       979.89       151.54     1,131.43        25.57     1,105.86
6690          1.00         0.00         0.00         0.00         0.00         0.00         0.00         0.00         0.00         0.00         0.00        27.36         34.93       923.46       181.30     1,104.76        28.36     1,076.40
7168          1.00         0.00         0.00         0.00         0.00         0.00         0.00         0.00         0.00         0.00         0.00        22.82         35.53       914.15       214.09     1,128.24        23.82     1,104.42
7991          1.00         0.00         0.00         0.00         0.00         0.00         0.00         0.00         0.00        10.10         0.00        31.47          0.00     1,236.79       180.28     1,417.07        42.57     1,374.50
4314          1.00         0.00         0.00         0.00         0.00         0.00         0.00         0.00         0.00       185.44         0.00        50.71          0.00     2,148.70       393.60     2,542.30       237.15     2,305.15
7848          1.00         0.00         0.00         0.00         0.00         0.00       144.20         0.00         0.00         0.00         0.00        17.75         56.97       785.30       153.14       938.44       162.95       775.49
7632          1.00         0.00         0.00         0.00         0.00         0.00         0.00         0.00         0.00         0.00         0.00        32.26          0.00     1,004.28       217.18     1,221.46        33.26     1,188.20
7873          1.00         0.00         0.00         0.00         0.00         0.00         0.00         0.00         0.00         0.00         0.00        28.23         38.27       871.38       158.49     1,029.87        29.23     1,000.64
7801          1.00         0.00         0.00         0.00         0.00         0.00         0.00         0.00         0.00         0.00         0.00        24.29         25.21     1,025.88       184.05     1,209.93        25.29     1,184.64
7061          1.00         0.00         0.00         0.00         0.00         0.00         0.00         0.00         0.00         0.00         0.00        28.38          6.91     1,144.45       170.82     1,315.27        29.38     1,285.89
7847          1.00         0.00         0.00         0.00         0.00         0.00       144.20         0.00         0.00         0.00         0.00        26.72         56.77       785.30       152.94       938.24       171.92       766.32
7633          1.00         0.00         0.00         0.00         0.00         0.00         0.00         0.00         0.00         0.00         0.00        29.26         36.17       904.15       163.23     1,067.38        30.26     1,037.12
7984          1.00         0.00         0.00         0.00         0.00         0.00         0.00         0.00         0.00        10.10         0.00        29.87          0.00     1,236.79       180.28     1,417.07        40.97     1,376.10
7914          1.00         0.00         0.00         0.00         0.00         0.00         0.00         0.00         0.00         0.00         0.00        21.16         19.40     1,064.51       178.24     1,242.75        22.16     1,220.59
2897          1.00         0.00         0.00         0.00         0.00         0.00         0.00         0.00         0.00         0.00         0.00        24.10         35.53       914.15       162.59     1,076.74        25.10     1,051.64
5630          1.00         0.00         0.00         0.00         0.00         0.00         0.00         0.00         0.00         0.00         0.00        18.65         29.99       938.63       227.46     1,166.09        19.65     1,146.44
8007          1.00         0.00         0.00         0.00         0.00         0.00         0.00         0.00         0.00         0.00         0.00        29.24          3.22     1,178.33       233.76     1,412.09        30.24     1,381.85
8048          1.00         0.00         0.00         0.00         0.00         0.00         0.00         0.00         0.00       155.65         0.00        39.88          0.00     1,951.05       359.12     2,310.17       196.53     2,113.64
8037          1.00         0.00         0.00         0.00         0.00         0.00         0.00         0.00         0.00         0.00         0.00        21.10         21.47     1,032.16       141.69     1,173.85        22.10     1,151.75
8052          1.00         0.00         0.00         0.00         0.00         0.00       210.00         0.00         0.00        10.27         0.00        33.27          0.00     1,448.40       191.74     1,640.14       254.54     1,385.60
7614          1.00         0.00         0.00         0.00         0.00         0.00         0.00         0.00         0.00       120.60         0.00        32.52          0.00     1,926.44       456.23     2,382.67       154.12     2,228.55
3318          1.00         0.00       500.00         0.00         0.00       510.55         0.00         0.00         0.00       229.37         0.00        66.49          0.00     2,411.11       313.42     2,724.53     1,307.41     1,417.12
7804          1.00         0.00         0.00         0.00         0.00         0.00         0.00         0.00         0.00        55.18         0.00        38.69          0.00     1,564.18       232.66     1,796.84        94.87     1,701.97
6083          1.00         0.00         0.00         0.00         0.00         0.00         0.00         0.00         0.00         0.00         0.00        32.68         56.57       964.06       243.11     1,207.17        33.68     1,173.49
6766          1.00         0.00         0.00         0.00         0.00         0.00         0.00         0.00         0.00        95.98         0.00        29.46          0.00     1,787.15       301.63     2,088.78       126.44     1,962.34
8046          1.00         0.00         0.00         0.00         0.00         0.00       288.40         0.00         0.00         0.00         0.00        14.72         48.87       769.22       121.00       890.22       304.12       586.10
7982          1.00         0.00         0.00         0.00         0.00         0.00         0.00         0.00         0.00        11.80         0.00        29.62          0.00     1,252.47       195.95     1,448.42        42.42     1,406.00
4137          1.00         0.00         0.00         0.00         0.00         0.00         0.00         0.00         0.00       371.81         0.00        91.14          0.00     3,135.04       482.40     3,617.44       463.95     3,153.49
8009          1.00         0.00         0.00         0.00         0.00         0.00       288.40         0.00         0.00         0.00         0.00        18.50         45.36       871.68       117.49       989.17       307.90       681.27
7542          1.00        56.00         0.00         0.00         0.00         0.00         0.00         0.00         0.00         0.00         0.00        32.55          7.70     1,145.90       173.38     1,319.28        89.55     1,229.73
8033          1.00         0.00         0.00         0.00         0.00         0.00         0.00         0.00         0.00        27.22         0.00        26.63          0.00     1,330.25       300.47     1,630.72        54.85     1,575.87
3780          1.00         0.00         0.00         0.00         0.00         0.00         0.00         0.00         0.00       131.51         0.00        40.70          0.00     1,729.13       361.58     2,090.71       173.21     1,917.50
6205          1.00         0.00         0.00         0.00         0.00         0.00         0.00         0.00         0.00         0.00         0.00        26.43         32.33       964.06       167.37     1,131.43        27.43     1,104.00
5027          1.00         0.00         0.00         0.00         0.00         0.00         0.00         0.00         0.00         9.36         0.00        37.80          0.00     1,230.04       143.04     1,373.08        48.16     1,324.92
7993          1.00         0.00         0.00         0.00         0.00         0.00         0.00         0.00         0.00         0.00         0.00        24.28         25.90     1,064.51       261.99     1,326.50        25.28     1,301.22
7818          1.00         0.00         0.00         0.00         0.00         0.00         0.00         0.00         0.00         0.00         0.00        31.89         29.77     1,004.04       172.81     1,176.85        32.89     1,143.96
7221          1.00         0.00         0.00         0.00         0.00         0.00         0.00         0.00         0.00         0.00         0.00        19.79         37.67       880.69       177.20     1,057.89        20.79     1,037.10
7815          1.00         0.00         0.00         0.00         0.00         0.00         0.00         0.00         0.00         0.00         0.00        31.68         38.90       861.38       159.12     1,020.50        32.68       987.82
6839          1.00         0.00         0.00         0.00         0.00         0.00         0.00         0.00         0.00         0.00         0.00        29.06         31.41       978.53       222.84     1,201.37        30.06     1,171.31

















































EJECUTIVOS EN SERVICIOS DE ALIMENTOS, S.A. DE C.V.                                                                      Pagina: 0003
R.F.C.:                                                                                                                    2/NOV/19
REPORTE DE SUELDOS SEMANALES DEDUCCIONES


 
Codigo Desc Vales   Desc Zapatos Otras Deducc Desc Fonacot Pension Alim Desc Infonav Faltas       Inca Enferme Inca Riesgo  ISPT         Ajus ISPT    IMSS          Sub P/Empleo Tot Per Grav Tot Per Exce Total Percep Total Deducc Neto Pagado
..........................................................................................................................................................................................................................................
5646          1.00         0.00         0.00         0.00         0.00         0.00         0.00         0.00         0.00         0.00         0.00        29.91         35.53       914.15       162.59     1,076.74        30.91     1,045.83
8011          1.00         0.00         0.00         0.00         0.00         0.00         0.00         0.00         0.00         0.00         0.00        32.81         14.44     1,246.79       194.72     1,441.51        33.81     1,407.70
7708          1.00         0.00         0.00         0.00         0.00         0.00         0.00         0.00         0.00         0.00         0.00        30.04         30.17       997.84       221.60     1,219.44        31.04     1,188.40
7985          1.00         0.00         0.00         0.00         0.00         0.00       144.20         0.00         0.00         0.00         0.00        22.52         75.87       304.47        99.91       404.38       167.72       236.66
7869          1.00         0.00         0.00         0.00         0.00         0.00         0.00         0.00         0.00         0.00         0.00        25.77         32.33       964.06       167.37     1,131.43        26.77     1,104.66
7973          1.00         0.00         0.00         0.00         0.00       176.72         0.00         0.00         0.00         0.00         0.00        19.82         45.48       861.38       165.70     1,027.08       197.54       829.54
8043          1.00         0.00         0.00         0.00         0.00         0.00         0.00         0.00         0.00         0.00         0.00        18.65         27.98     1,032.16       148.20     1,180.36        19.65     1,160.71
8012          1.00         0.00         0.00         0.00         0.00         0.00         0.00         0.00         0.00        11.12         0.00        24.74          0.00     1,273.91       236.09     1,510.00        36.86     1,473.14
5679          1.00         0.00         0.00         0.00         0.00         0.00         0.00         0.00         0.00        23.03         0.00        38.81          0.00     1,355.64       197.70     1,553.34        62.84     1,490.50
7530          1.00         0.00        10.00         0.00         0.00         0.00         0.00         0.00         0.00         0.00         0.00        31.72         26.32     1,030.03       269.25     1,299.28        42.72     1,256.56
6028          1.00         0.00         0.00         0.00         0.00       290.92         0.00         0.00       279.79         0.00         0.00        24.88         48.28     1,195.05       304.61     1,499.66       596.59       903.07
6565          0.00         0.00         0.00         0.00         0.00         0.00         0.00         0.00         0.00         0.00         0.00         0.00          0.00         0.00         0.00         0.00         0.00         0.00
3676          1.00         0.00         0.00         0.00         0.00         0.00         0.00         0.00         0.00       120.49         0.00        36.55          0.00     1,627.85       338.80     1,966.65       158.04     1,808.61
3221          1.00         0.00         0.00         0.00         0.00         0.00         0.00         0.00         0.00        31.12         0.00        33.29          0.00     1,430.01       371.60     1,801.61        65.41     1,736.20
7779          1.00         0.00         0.00         0.00         0.00         0.00       143.23         0.00         0.00         0.00         0.00        30.93         47.80     1,002.06       177.60     1,179.66       175.16     1,004.50
7942          1.00         0.00         0.00         0.00         0.00         0.00       432.60         0.00         0.00         0.00         0.00        15.93         43.61       821.46        91.69       913.15       449.53       463.62
8035          1.00         0.00         0.00         0.00         0.00         0.00         0.00         0.00         0.00         0.00         0.00        22.32         21.47     1,032.16       141.69     1,173.85        23.32     1,150.53
7845          1.00         0.00         0.00         0.00         0.00         0.00         0.00         0.00         0.00        35.31         0.00        38.22          0.00     1,468.54       181.66     1,650.20        74.53     1,575.67
7920          1.00         0.00         0.00         0.00         0.00         0.00         0.00         0.00         0.00         0.00         0.00        20.87         38.90       861.38       159.12     1,020.50        21.87       998.63
7996          1.00         0.00         0.00         0.00         0.00         0.00         0.00         0.00         0.00         0.00         0.00        19.83         38.91       861.38       159.13     1,020.51        20.83       999.68
2522          1.00         0.00         0.00         0.00         0.00         0.00         0.00         0.00         0.00         0.00         0.00        30.18         28.12     1,030.03       271.05     1,301.08        31.18     1,269.90
7990          1.00         0.00         0.00         0.00         0.00         0.00       241.02         0.00         0.00         0.00         0.00        20.04         45.73       924.03       177.60     1,101.63       262.06       839.57
7080          1.00         0.00         0.00         0.00         0.00         0.00         0.00         0.00         0.00        57.39         0.00        40.71          0.00     1,584.45       481.40     2,065.85        99.10     1,966.75
5965          1.00         0.00         0.00         0.00         0.00         0.00         0.00         0.00         0.00         9.80         0.00        33.81          0.00     1,234.04       293.09     1,527.13        44.61     1,482.52
5447          1.00         0.00         0.00         0.00         0.00         0.00         0.00         0.00         0.00         0.00         0.00        32.77         29.77     1,004.04       364.39     1,368.43        33.77     1,334.66
7932          1.00         0.00         0.00         0.00         0.00         0.00         0.00         0.00         0.00         0.00         0.00        27.78         38.27       871.38       158.49     1,029.87        28.78     1,001.09
6685          1.00         0.00         0.00         0.00         0.00         0.00         0.00         0.00         0.00         0.00         0.00        36.20         23.93       952.78       189.61     1,142.39        37.20     1,105.19
5549          1.00         0.00         0.00         0.00         0.00         0.00         0.00         0.00         0.00         6.22         0.00        34.27          0.00     1,265.18       358.81     1,623.99        41.49     1,582.50
0854          1.00         0.00         0.00         0.00         0.00       332.71         0.00         0.00         0.00       136.92         0.00        41.49          0.00     1,778.90       349.49     2,128.39       512.12     1,616.27
7295          1.00         0.00         0.00         0.00         0.00         0.00         0.00         0.00         0.00         0.00         0.00        32.47         35.53       914.15       162.59     1,076.74        33.47     1,043.27
4807          1.00         0.00         0.00         0.00         0.00         0.00         0.00         0.00         0.00       510.36         0.00       110.77          0.00     3,783.66       586.18     4,369.84       622.13     3,747.71
8018          1.00         0.00         0.00         0.00         0.00         0.00         0.00         0.00         0.00        31.20         0.00        30.86          0.00     1,366.78       208.65     1,575.43        63.06     1,512.37
3169          1.00         0.00         0.00         0.00         0.00         0.00         0.00         0.00         0.00         0.00         0.00        29.07         35.53       914.15       162.59     1,076.74        30.07     1,046.67
7947          0.00         0.00         0.00         0.00         0.00         0.00         0.00         0.00         0.00         0.00         0.00         0.00          0.00         0.00         0.00         0.00         0.00         0.00
4514          1.00         0.00         0.00         0.00         0.00       365.24         0.00         0.00         0.00        23.03         0.00        34.54          0.00     1,355.64       197.70     1,553.34       423.81     1,129.53
7814          1.00         0.00        10.00         0.00         0.00         0.00         0.00         0.00         0.00         0.00         0.00        31.42         29.77     1,004.04       172.81     1,176.85        42.42     1,134.43
7754          1.00         0.00         0.00         0.00         0.00         0.00         0.00         0.00         0.00         0.00         0.00        23.67         38.27       871.38       158.49     1,029.87        24.67     1,005.20
7717          1.00         0.00         0.00         0.00         0.00         0.00         0.00         0.00         0.00        31.24         0.00        32.05          0.00     1,431.09       315.13     1,746.22        64.29     1,681.93
6014          1.00         0.00         0.00         0.00         0.00         0.00         0.00         0.00         0.00        41.02         0.00        32.26          0.00     1,434.03       276.09     1,710.12        74.28     1,635.84
7775          1.00         0.00         0.00         0.00         0.00         0.00         0.00         0.00         0.00         0.00         0.00        23.55         38.91       861.38       159.13     1,020.51        24.55       995.96
8025          0.00         0.00         0.00         0.00         0.00         0.00         0.00         0.00         0.00         0.00         0.00         0.00          0.00         0.00         0.00         0.00         0.00         0.00
3827          1.00         0.00         0.00         0.00         0.00         0.00         0.00         0.00         0.00         0.00         0.00        38.31         13.30     1,054.19       238.46     1,292.65        39.31     1,253.34
7976          1.00         0.00         0.00         0.00         0.00         0.00         0.00         0.00         0.00         0.00         0.00        20.62         38.91       861.38       159.13     1,020.51        21.62       998.89

















































EJECUTIVOS EN SERVICIOS DE ALIMENTOS, S.A. DE C.V.                                                                      Pagina: 0004
R.F.C.:                                                                                                                    2/NOV/19
REPORTE DE SUELDOS SEMANALES DEDUCCIONES


 
Codigo Desc Vales   Desc Zapatos Otras Deducc Desc Fonacot Pension Alim Desc Infonav Faltas       Inca Enferme Inca Riesgo  ISPT         Ajus ISPT    IMSS          Sub P/Empleo Tot Per Grav Tot Per Exce Total Percep Total Deducc Neto Pagado
..........................................................................................................................................................................................................................................
5412          1.00         0.00         0.00         0.00         0.00         0.00         0.00         0.00         0.00        11.77         0.00        27.20          0.00     1,238.90       345.93     1,584.83        39.97     1,544.86
7995          1.00         0.00         0.00         0.00         0.00         0.00       241.02         0.00         0.00         0.00         0.00        16.08         47.29       895.48       127.66     1,023.14       258.10       765.04
7395          1.00         0.00         0.00         0.00         0.00         0.00         0.00         0.00         0.00         0.00         0.00        24.99         18.18     1,083.58       153.22     1,236.80        25.99     1,210.81
0214          1.00         0.00         0.00         0.00         0.00         0.00         0.00         0.00         0.00       510.36         0.00       110.48          0.00     3,783.66       586.18     4,369.84       621.84     3,748.00
7849          1.00         0.00         0.00         0.00         0.00         0.00         0.00         0.00         0.00         0.00         0.00        23.66         31.90       970.82       242.24     1,213.06        24.66     1,188.40
5232          1.00         0.00         0.00         0.00         0.00         0.00         0.00         0.00         0.00        51.40         0.00        51.89          0.00     1,529.38       314.54     1,843.92       104.29     1,739.63
8019          1.00         0.00         0.00         0.00         0.00         0.00         0.00         0.00         0.00         0.00         0.00        23.55         21.47     1,032.16       141.69     1,173.85        24.55     1,149.30
4958          1.00         0.00         0.00         0.00         0.00         0.00         0.00         0.00         0.00         0.00         0.00        32.56         35.53       914.15       162.59     1,076.74        33.56     1,043.18
7880          1.00         0.00         0.00         0.00         0.00         0.00       120.51         0.00         0.00         0.00         0.00        29.26         29.01     1,112.91       245.35     1,358.26       150.77     1,207.49
3979          1.00         0.00         0.00         0.00         0.00         0.00         0.00         0.00         0.00       670.19         0.00       106.06          0.00     4,531.97       869.26     5,401.23       777.25     4,623.98
0442          1.00         0.00         0.00         0.00         0.00         0.00         0.00         0.00         0.00        48.18         0.00        40.71          0.00     1,499.85       325.27     1,825.12        89.89     1,735.23
7330          0.00         0.00         0.00         0.00         0.00         0.00         0.00         0.00         0.00         0.00         0.00         0.00          0.00         0.00         0.00         0.00         0.00         0.00
8053          0.00         0.00         0.00         0.00         0.00         0.00         0.00         0.00         0.00         0.00         0.00         7.99         29.62       204.31        29.62       233.93         7.99       225.94
7846          1.00         0.00         0.00         0.00         0.00         0.00         0.00         0.00         0.00         0.00         0.00        33.30         29.14     1,014.04       172.18     1,186.22        34.30     1,151.92
8004          0.00         0.00         0.00         0.00         0.00         0.00       241.02         0.00         0.00         0.00         0.00        18.31         50.62       861.68        50.62       912.30       259.33       652.97
7823          1.00         0.00         0.00         0.00         0.00         0.00       120.51         0.00         0.00         0.00         0.00        27.23         51.36       860.76       216.20     1,076.96       148.74       928.22
7298          1.00         0.00         0.00         0.00         0.00         0.00         0.00         0.00         0.00        61.78         0.00        35.91          0.00     1,624.86       338.65     1,963.51        98.69     1,864.82
7963          1.00         0.00         0.00         0.00         0.00         0.00         0.00         0.00         0.00         0.00         0.00        23.09         38.27       871.38       158.49     1,029.87        24.09     1,005.78
5396          1.00         0.00         0.00         0.00         0.00         0.00       120.51         0.00         0.00         0.00         0.00        28.40         51.95       909.38       235.38     1,144.76       149.91       994.85
7989          1.00         0.00         0.00         0.00         0.00         0.00         0.00         0.00         0.00         0.00         0.00        19.80         38.91       861.38       159.13     1,020.51        20.80       999.71
7588          1.00         0.00         0.00         0.00         0.00         0.00         0.00         0.00         0.00         0.00         0.00        25.35         33.06       952.78       198.74     1,151.52        26.35     1,125.17
7821          1.00         0.00         0.00         0.00         0.00         0.00         0.00         0.00         0.00         0.00         0.00        26.95         29.14     1,014.04       172.18     1,186.22        27.95     1,158.27
6203          1.00         0.00         0.00         0.00         0.00         0.00         0.00         0.00         0.00        10.25         0.00        30.34          0.00     1,261.73       135.04     1,396.77        41.59     1,355.18
6582          1.00         0.00         0.00         0.00         0.00         0.00         0.00         0.00         0.00         0.00         0.00        22.38         29.35     1,010.71       252.97     1,263.68        23.38     1,240.30
7392          0.00         0.00         0.00         0.00         0.00         0.00         0.00         0.00         0.00         7.06         0.00        29.97          0.00     1,272.96        77.25     1,350.21        37.03     1,313.18
7226          1.00         0.00         0.00         0.00         0.00         0.00         0.00         0.00         0.00         0.00         0.00        26.91         29.14     1,014.04       172.18     1,186.22        27.91     1,158.31
7885          1.00         0.00         0.00         0.00         0.00         0.00         0.00         0.00         0.00         0.00         0.00        28.37         37.44       884.26       170.53     1,054.79        29.37     1,025.42
3326          1.00         0.00         0.00         0.00         0.00       352.72         0.00         0.00         0.00        47.98         0.00        38.70          0.00     1,498.02       220.48     1,718.50       440.40     1,278.10
0449          1.00         0.00         0.00         0.00         0.00       447.60         0.00         0.00         0.00        13.38         0.00        39.77          0.00     1,266.92       155.91     1,422.83       501.75       921.08
6934          1.00         0.00         0.00         0.00         0.00         0.00         0.00         0.00         0.00       342.85         0.00        86.57          0.00     2,999.45       460.71     3,460.16       430.42     3,029.74
7137          1.00         0.00         0.00         0.00         0.00         0.00         0.00         0.00         0.00        53.46         0.00        38.06          0.00     1,548.38       261.90     1,810.28        92.52     1,717.76
6682          1.00         0.00         0.00         0.00         0.00         0.00       144.20         0.00         0.00         0.00         0.00        17.72         50.20       785.30       146.37       931.67       162.92       768.75
1269          1.00         0.00         0.00         0.00         0.00         0.00         0.00         0.00         0.00        11.77         0.00        25.01          0.00     1,238.90       345.93     1,584.83        37.78     1,547.05
7037          1.00         0.00         0.00         0.00         0.00         0.00         0.00         0.00         0.00         0.00         0.00        22.26         44.72       871.38       164.94     1,036.32        23.26     1,013.06
7890          1.00         0.00         0.00         0.00         0.00         0.00         0.00         0.00         0.00         0.09         0.00        30.80          0.00     1,158.04       210.34     1,368.38        31.89     1,336.49
8031          1.00         0.00         0.00         0.00         0.00         0.00         0.00         0.00         0.00         0.00         0.00        19.98         38.27       871.38       158.49     1,029.87        20.98     1,008.89
1419          1.00         0.00         0.00         0.00         0.00         0.00         0.00         0.00         0.00        55.99         0.00        39.51          0.00     1,571.66       232.26     1,803.92        96.50     1,707.42
8039          0.00         0.00         0.00         0.00         0.00         0.00         0.00         0.00         0.00         0.00         0.00        18.65         30.57       991.60        30.57     1,022.17        18.65     1,003.52
8026          0.00         0.00         0.00         0.00         0.00         0.00       241.02         0.00         0.00         0.00         0.00        15.77         50.62       861.68        50.62       912.30       256.79       655.51
3525          1.00         0.00         0.00         0.00         0.00         0.00         0.00         0.00         0.00         0.00         0.00        38.03          6.91     1,144.45       207.40     1,351.85        39.03     1,312.82
8036          1.00         0.00         0.00         0.00         0.00         0.00         0.00         0.00         0.00         0.00         0.00        22.04         30.84       987.26       241.18     1,228.44        23.04     1,205.40
6885          1.00         0.00         0.00         0.00         0.00         0.00       120.51         0.00         0.00         0.00         0.00        31.12         42.81       948.01       187.61     1,135.62       152.63       982.99
7893          1.00         0.00         0.00         0.00         0.00         0.00       120.51         0.00         0.00         0.00         0.00        20.94         39.11       963.76       229.70     1,193.46       142.45     1,051.01

















































EJECUTIVOS EN SERVICIOS DE ALIMENTOS, S.A. DE C.V.                                                                      Pagina: 0005
R.F.C.:                                                                                                                    2/NOV/19
REPORTE DE SUELDOS SEMANALES DEDUCCIONES


 
Codigo Desc Vales   Desc Zapatos Otras Deducc Desc Fonacot Pension Alim Desc Infonav Faltas       Inca Enferme Inca Riesgo  ISPT         Ajus ISPT    IMSS          Sub P/Empleo Tot Per Grav Tot Per Exce Total Percep Total Deducc Neto Pagado
..........................................................................................................................................................................................................................................
7907          1.00         0.00         0.00         0.00         0.00         0.00         0.00         0.00         0.00       131.22         0.00        41.97          0.00     1,726.43       257.02     1,983.45       174.19     1,809.26
4775          1.00         0.00         0.00         0.00         0.00         0.00         0.00         0.00         0.00         0.00         0.00        30.59         22.67     1,013.59       239.85     1,253.44        31.59     1,221.85
4832          1.00         0.00         0.00         0.00         0.00         0.00         0.00         0.00         0.00        64.31         0.00        26.16          0.00     1,648.03       242.93     1,890.96        91.47     1,799.49
3321          1.00         0.00         0.00         0.00         0.00         0.00         0.00         0.00         0.00       208.99         0.00        59.76          0.00     2,297.40       312.06     2,609.46       269.75     2,339.71
0624          1.00         0.00         0.00         0.00         0.00         0.00         0.00         0.00         0.00       157.46         0.00        49.86          0.00     1,973.89       342.49     2,316.38       208.32     2,108.06
6877          1.00         0.00         0.00       226.89         0.00         0.00         0.00         0.00         0.00       258.38         0.00        28.62          0.00     2,271.75       383.43     2,655.18       514.89     2,140.29
4385          1.00         0.00         0.00         0.00         0.00         0.00         0.00         0.00         0.00        48.74         0.00        35.82          0.00     1,504.95       199.19     1,704.14        85.56     1,618.58
8030          1.00         0.00         0.00         0.00         0.00         0.00         0.00         0.00         0.00         0.00         0.00        25.36         22.66     1,119.41       233.00     1,352.41        26.36     1,326.05
0366          1.00         0.00         0.00         0.00         0.00         0.00         0.00         0.00         0.00       397.04         0.00        89.85          0.00     3,253.15       921.52     4,174.67       487.89     3,686.78
6206          1.00         0.00         0.00         0.00         0.00         0.00         0.00         0.00         0.00        18.55         0.00        44.98          0.00     1,611.97       308.62     1,920.59        64.53     1,856.06
8034          1.00         0.00         0.00         0.00         0.00         0.00         0.00         0.00         0.00         0.00         0.00        25.49         20.83     1,042.16       192.55     1,234.71        26.49     1,208.22
7618          1.00         0.00         0.00         0.00         0.00         0.00         0.00         0.00         0.00         0.00         0.00        31.38         26.87     1,049.34       269.80     1,319.14        32.38     1,286.76
 
*** GLO     174.00        56.00     1,079.00       588.99         0.00     4,527.38     4,907.84         0.00       279.79     7,224.83         0.00     5,720.47      3,895.46   224,407.85                265,971.62    24,558.30   241,413.32
  













































































