EJECUTIVOS EN SERVICIOS DE ALIMENTOS, S.A. DE C.V.                                                                      Pagina: 0001
R.F.C.:                                                                                                                    2/NOV/19
REPORTE DE SUELDOS SEMANALES DEDUCCIONES


 
Codigo Desc Vales   Desc Zapatos Otras Deducc Desc Fonacot Pension Alim Desc Infonav Faltas       Inca Enferme Inca Riesgo  ISPT         Ajus ISPT    IMSS          Sub P/Empleo Tot Per Grav Tot Per Exce Total Percep Total Deducc Neto Pagado
..........................................................................................................................................................................................................................................
7840          1.00         0.00         0.00         0.00         0.00         0.00         0.00         0.00         0.00       106.68         0.00        49.55          0.00     1,726.43       257.02     1,983.45       157.23     1,826.22
7505          1.00         0.00         0.00         0.00         0.00         0.00         0.00         0.00         0.00         0.00         0.00        24.12         35.03     1,014.04       178.07     1,192.11        25.12     1,166.99
6600          1.00         0.00         0.00         0.00         0.00         0.00         0.00         0.00         0.00         0.00         0.00        20.07         36.85       893.57       189.25     1,082.82        21.07     1,061.75
7685          1.00         0.00         0.00         0.00         0.00         0.00         0.00         0.00         0.00        75.47         0.00        27.04          0.00     1,871.38       120.22     1,991.60       103.51     1,888.09
7331          1.00         0.00         0.00         0.00         0.00         0.00         0.00         0.00         0.00         0.00         0.00        23.71         38.27       871.38       158.49     1,029.87        24.71     1,005.16
5933          1.00         0.00         0.00         0.00         0.00         0.00         0.00         0.00         0.00       100.96         0.00        27.01          0.00     1,871.38       120.22     1,991.60       128.97     1,862.63
7170          1.00         0.00         0.00         0.00         0.00         0.00         0.00         0.00         0.00       102.11         0.00        30.70          0.00     1,871.38       120.22     1,991.60       133.81     1,857.79
5201          1.00         0.00         0.00         0.00         0.00       312.81         0.00         0.00         0.00         0.00         0.00        36.20         76.46     1,427.46       285.65     1,713.11       350.01     1,363.10
3890          1.00         0.00         0.00         0.00         0.00         0.00         0.00         0.00         0.00       178.37         0.00        54.71          0.00     2,104.51       319.12     2,423.63       234.08     2,189.55
7834          1.00         0.00         0.00         0.00         0.00         0.00         0.00         0.00         0.00         0.00         0.00        23.59         22.63     1,014.04       165.67     1,179.71        24.59     1,155.12
7851          1.00         0.00         0.00         0.00         0.00         0.00         0.00         0.00         0.00         0.00         0.00        18.65         39.27       871.38       159.49     1,030.87        19.65     1,011.22
3652          1.00         0.00         0.00         0.00         0.00       380.99         0.00         0.00         0.00       231.43         0.00        51.13          0.00     2,436.14       521.41     2,957.55       664.55     2,293.00
1123          1.00         0.00         0.00         0.00         0.00         0.00         0.00         0.00         0.00        16.09         0.00        48.57          0.00     1,291.87       187.49     1,479.36        65.66     1,413.70
4044          1.00         0.00         0.00         0.00         0.00         0.00         0.00         0.00         0.00        17.59         0.00        33.04          0.00     1,305.66       252.41     1,558.07        51.63     1,506.44
7593          1.00         0.00         0.00         0.00         0.00         0.00         0.00         0.00         0.00         0.00         0.00        26.65         38.27       871.38       158.49     1,029.87        27.65     1,002.22
7259          1.00         0.00         0.00         0.00         0.00         0.00         0.00         0.00         0.00         0.00         0.00        21.27         38.90       861.38       159.12     1,020.50        22.27       998.23
7312          1.00         0.00         0.00         0.00         0.00         0.00         0.00         0.00         0.00         0.00         0.00        23.16         24.08     1,118.56       326.49     1,445.05        24.16     1,420.89
7338          1.00         0.00         0.00         0.00         0.00         0.00         0.00         0.00         0.00         0.00         0.00        24.12         29.13     1,014.04       172.17     1,186.21        25.12     1,161.09
5677          1.00         0.00         0.00         0.00         0.00         0.00         0.00         0.00         0.00         0.00         0.00        33.57         21.62     1,137.24       184.37     1,321.61        34.57     1,287.04
7737          1.00         0.00         0.00         0.00         0.00         0.00         0.00         0.00         0.00         0.00         0.00        19.82         38.27       871.38       158.49     1,029.87        20.82     1,009.05
4008          1.00         0.00         0.00         0.00         0.00         0.00         0.00         0.00         0.00       186.80         0.00        47.32          0.00     2,157.27       301.96     2,459.23       235.12     2,224.11
6210          1.00         0.00         0.00         0.00         0.00         0.00         0.00         0.00         0.00        96.08         0.00        27.88          0.00     1,921.38       200.72     2,122.10       124.96     1,997.14
6213          1.00         0.00         0.00         0.00         0.00         0.00         0.00         0.00         0.00         0.00         0.00        25.36         34.15     1,004.04       177.19     1,181.23        26.36     1,154.87
7812          1.00         0.00         0.00         0.00         0.00         0.00         0.00         0.00         0.00         0.00         0.00        21.62         38.27       871.38       158.49     1,029.87        22.62     1,007.25
0849          1.00         0.00         0.00         0.00         0.00         0.00         0.00         0.00         0.00         0.00         0.00        28.63          5.97     1,089.04       149.01     1,238.05        29.63     1,208.42
7536          1.00         0.00         0.00         0.00         0.00         0.00         0.00         0.00         0.00         0.00         0.00        20.18         29.17     1,015.88       265.26     1,281.14        21.18     1,259.96
7430          1.00         0.00         0.00         0.00         0.00         0.00         0.00         0.00         0.00       170.95         0.00        69.76          0.00     2,058.16       275.21     2,333.37       241.71     2,091.66
5181          1.00         0.00         0.00         0.00         0.00         0.00         0.00         0.00         0.00         0.00         0.00        20.64         38.26       871.38       158.48     1,029.86        21.64     1,008.22
7655          0.00         0.00         0.00         0.00         0.00         0.00         0.00         0.00         0.00         0.00         0.00         0.00          0.00         0.00         0.00         0.00         0.00         0.00
7057          1.00         0.00         0.00         0.00         0.00         0.00         0.00         0.00         0.00         0.00         0.00        23.94         22.34       938.63       271.31     1,209.94        24.94     1,185.00
5558          1.00         0.00         0.00         0.00         0.00         0.00         0.00         0.00         0.00       278.18         0.00        30.74          0.00     2,004.04       143.04     2,147.08       309.92     1,837.16
4746          1.00         0.00         0.00         0.00         0.00       337.44         0.00         0.00         0.00        25.87         0.00        34.99          0.00     1,381.79       180.28     1,562.07       399.30     1,162.77
7663          1.00         0.00         0.00         0.00         0.00         0.00         0.00         0.00         0.00         0.00         0.00        27.30          8.73     1,125.72       128.95     1,254.67        28.30     1,226.37
7407          1.00         0.00         0.00         0.00         0.00         0.00         0.00         0.00         0.00         0.00         0.00        29.01         45.28       871.38       165.50     1,036.88        30.01     1,006.87
7828          1.00         0.00         0.00         0.00         0.00         0.00         0.00         0.00         0.00         0.00         0.00        22.14         26.47       954.06       161.51     1,115.57        23.14     1,092.43
7773          1.00         0.00         0.00         0.00         0.00         0.00       120.51         0.00         0.00         0.00         0.00        18.80         49.62       796.38       150.09       946.47       140.31       806.16
7839          1.00         0.00         0.00         0.00         0.00         0.00         0.00         0.00         0.00       179.97         0.00        53.71          0.00     2,114.51       319.12     2,433.63       234.68     2,198.95
1424          1.00         0.00         0.00         0.00         0.00       457.22         0.00         0.00         0.00       274.61         0.00        96.37          0.00     2,679.97       409.59     3,089.56       829.20     2,260.36
5280          1.00         0.00         0.00       362.10         0.00       435.11         0.00         0.00         0.00       152.33         0.00        48.39          0.00     1,920.48       289.67     2,210.15       998.93     1,211.22
7742          1.00         0.00         0.00         0.00         0.00         0.00         0.00         0.00         0.00         0.00         0.00        19.82         44.80       861.38       165.02     1,026.40        20.82     1,005.58
7853          1.00         0.00         0.00         0.00         0.00         0.00         0.00         0.00         0.00         0.00         0.00        18.65         30.84       987.26       241.18     1,228.44        19.65     1,208.79
6461          1.00         0.00       200.00         0.00         0.00         0.00         0.00         0.00         0.00         0.00         0.00        30.67          5.12     1,160.83       196.76     1,357.59       231.67     1,125.92
6765          1.00         0.00       300.00         0.00         0.00         0.00         0.00         0.00         0.00        29.86         0.00        35.47          0.00     1,291.87       354.90     1,646.77       366.33     1,280.44

















































EJECUTIVOS EN SERVICIOS DE ALIMENTOS, S.A. DE C.V.                                                                      Pagina: 0002
R.F.C.:                                                                                                                    2/NOV/19
REPORTE DE SUELDOS SEMANALES DEDUCCIONES


 
Codigo Desc Vales   Desc Zapatos Otras Deducc Desc Fonacot Pension Alim Desc Infonav Faltas       Inca Enferme Inca Riesgo  ISPT         Ajus ISPT    IMSS          Sub P/Empleo Tot Per Grav Tot Per Exce Total Percep Total Deducc Neto Pagado
..........................................................................................................................................................................................................................................
7694          1.00         0.00         0.00         0.00         0.00         0.00         0.00         0.00         0.00         0.00         0.00        22.10         38.32       871.38       210.04     1,081.42        23.10     1,058.32
6657          0.00         0.00         0.00         0.00         0.00         0.00         0.00         0.00         0.00         0.00         0.00         0.00          0.00         0.00         0.00         0.00         0.00         0.00
5000          1.00         0.00         0.00         0.00         0.00         0.00         0.00         0.00         0.00         0.00         0.00        29.00          8.53     1,129.61       170.06     1,299.67        30.00     1,269.67
5644          1.00         0.00         0.00         0.00         0.00       331.25         0.00         0.00         0.00        12.40         0.00        29.88          0.00     1,257.98       324.89     1,582.87       374.53     1,208.34
6638          1.00         0.00         0.00         0.00         0.00         0.00         0.00         0.00         0.00        75.47         0.00        21.08          0.00     1,871.38       120.22     1,991.60        97.55     1,894.05
7800          1.00         0.00         0.00         0.00         0.00         0.00         0.00         0.00         0.00         0.00         0.00        20.31         38.27       871.38       158.49     1,029.87        21.31     1,008.56
6690          1.00         0.00         0.00         0.00         0.00         0.00         0.00         0.00         0.00         0.00         0.00        21.32         38.90       861.38       159.12     1,020.50        22.32       998.18
7168          1.00         0.00         0.00         0.00         0.00         0.00         0.00         0.00         0.00         0.00         0.00        28.78         35.01       871.38       206.73     1,078.11        29.78     1,048.33
7786          1.00         0.00         0.00         0.00         0.00         0.00         0.00         0.00         0.00         0.00         0.00        20.19         38.90       861.38       159.12     1,020.50        21.19       999.31
4314          1.00         0.00         0.00         0.00         0.00         0.00         0.00         0.00         0.00       178.09         0.00        60.16          0.00     2,102.80       393.60     2,496.40       239.25     2,257.15
7843          1.00         0.00         0.00         0.00         0.00         0.00         0.00         0.00         0.00         0.00         0.00        18.65         38.26       871.38       158.48     1,029.86        19.65     1,010.21
7848          1.00         0.00         0.00         0.00         0.00         0.00         0.00         0.00         0.00         0.00         0.00        18.65         47.81       861.38       168.03     1,029.41        19.65     1,009.76
7632          1.00         0.00         0.00         0.00         0.00         0.00         0.00         0.00         0.00         0.00         0.00        26.13         32.49       961.51       242.83     1,204.34        27.13     1,177.21
6504          1.00         0.00         0.00         0.00         0.00         0.00         0.00         0.00         0.00         0.00         0.00        22.83         38.26       871.38       158.48     1,029.86        23.83     1,006.03
7842          1.00         0.00       100.00         0.00         0.00         0.00       120.51         0.00         0.00         0.00         0.00        16.69         41.23       925.13       231.82     1,156.95       238.20       918.75
7801          1.00         0.00         0.00         0.00         0.00         0.00         0.00         0.00         0.00         0.00         0.00        21.88         38.26       871.38       158.48     1,029.86        22.88     1,006.98
7604          1.00         0.00         0.00         0.00         0.00         0.00       120.51         0.00         0.00         0.00         0.00        19.15         48.58       796.38       149.05       945.43       140.66       804.77
7061          1.00         0.00         0.00         0.00         0.00         0.00         0.00         0.00         0.00       141.18         0.00        30.29          0.00     2,052.86       236.09     2,288.95       172.47     2,116.48
7805          0.00         0.00         0.00         0.00         0.00         0.00         0.00         0.00         0.00         0.00         0.00         0.00          0.00         0.00         0.00         0.00         0.00         0.00
7847          1.00         0.00         0.00         0.00         0.00         0.00         0.00         0.00         0.00         0.00         0.00        18.65         39.00       861.38       159.22     1,020.60        19.65     1,000.95
7633          1.00         0.00         0.00         0.00         0.00         0.00         0.00         0.00         0.00         0.00         0.00        22.99         38.90       861.38       159.12     1,020.50        23.99       996.51
7428          1.00         0.00         0.00         0.00         0.00         0.00         0.00         0.00         0.00         0.00         0.00        25.15         38.26       871.38       158.48     1,029.86        26.15     1,003.71
2897          1.00         0.00         0.00         0.00         0.00         0.00         0.00         0.00         0.00         0.00         0.00        19.86         38.90       861.38       159.12     1,020.50        20.86       999.64
7558          1.00         0.00         0.00         0.00         0.00         0.00         0.00         0.00         0.00         0.00         0.00        23.03         32.49       961.50       223.52     1,185.02        24.03     1,160.99
6360          1.00         0.00         0.00         0.00         0.00         0.00         0.00         0.00         0.00         0.00         0.00        21.39         24.22       935.76       208.81     1,144.57        22.39     1,122.18
7614          1.00         0.00         0.00         0.00         0.00         0.00         0.00         0.00         0.00       122.78         0.00        30.06          0.00     2,011.57       400.15     2,411.72       153.84     2,257.88
3318          1.00         0.00         0.00         0.00         0.00       500.52         0.00         0.00         0.00       188.65         0.00        60.38          0.00     2,183.88       313.42     2,497.30       750.55     1,746.75
7706          1.00         0.00         0.00         0.00         0.00         0.00       241.02         0.00         0.00         0.00         0.00        18.21         47.29       807.06       153.41       960.47       260.23       700.24
7804          1.00         0.00         0.00         0.00         0.00         0.00         0.00         0.00         0.00        55.19         0.00        39.55          0.00     1,564.18       232.66     1,796.84        95.74     1,701.10
5139          1.00         0.00         0.00         0.00         0.00       759.20         0.00         0.00         0.00       279.00         0.00        84.29          0.00     2,688.09       343.88     3,031.97     1,123.49     1,908.48
6083          1.00         0.00         0.00         0.00         0.00         0.00         0.00         0.00         0.00         0.00         0.00        29.84         16.13     1,014.30       236.51     1,250.81        30.84     1,219.97
6766          1.00         0.00         0.00         0.00         0.00         0.00         0.00         0.00         0.00         0.00         0.00        26.31          9.60     1,119.61       171.13     1,290.74        27.31     1,263.43
4137          1.00         0.00         0.00         0.00         0.00         0.00         0.00         0.00         0.00       371.81         0.00       137.60          0.00     3,135.04       482.40     3,617.44       510.41     3,107.03
7542          1.00         0.00         0.00         0.00         0.00         0.00         0.00         0.00         0.00        53.71         0.00        26.38          0.00     1,618.47       281.23     1,899.70        81.09     1,818.61
7756          1.00         0.00         0.00         0.00         0.00         0.00         0.00         0.00         0.00         0.00         0.00        22.59         32.32       964.38       255.54     1,219.92        23.59     1,196.33
3780          1.00         0.00         0.00         0.00         0.00         0.00       146.75         0.00         0.00        24.04         0.00        33.27          0.00     1,424.62       237.53     1,662.15       205.06     1,457.09
6205          1.00         0.00         0.00         0.00         0.00         0.00         0.00         0.00         0.00         0.00         0.00        24.81         18.41     1,079.93       230.70     1,310.63        25.81     1,284.82
5027          1.00         0.00         0.00         0.00         0.00         0.00         0.00         0.00         0.00       146.55         0.00        34.61          0.00     2,230.04       143.04     2,373.08       182.16     2,190.92
7791          1.00         0.00         0.00         0.00         0.00         0.00         0.00         0.00         0.00        76.61         0.00        21.37          0.00     1,871.38       171.72     2,043.10        98.98     1,944.12
7818          1.00         0.00         0.00         0.00         0.00         0.00         0.00         0.00         0.00         0.00         0.00        24.46         18.03     1,152.20       161.07     1,313.27        25.46     1,287.81
7815          1.00         0.00         0.00         0.00         0.00         0.00         0.00         0.00         0.00         0.00         0.00        19.81         38.90       861.38       159.12     1,020.50        20.81       999.69
6839          1.00         0.00         0.00         0.00         0.00         0.00         0.00         0.00         0.00         0.00         0.00        25.71         32.08       967.94       248.86     1,216.80        26.71     1,190.09
5646          1.00         0.00         0.00         0.00         0.00         0.00         0.00         0.00         0.00       100.96         0.00        26.98          0.00     1,871.38       120.22     1,991.60       128.94     1,862.66

















































EJECUTIVOS EN SERVICIOS DE ALIMENTOS, S.A. DE C.V.                                                                      Pagina: 0003
R.F.C.:                                                                                                                    2/NOV/19
REPORTE DE SUELDOS SEMANALES DEDUCCIONES


 
Codigo Desc Vales   Desc Zapatos Otras Deducc Desc Fonacot Pension Alim Desc Infonav Faltas       Inca Enferme Inca Riesgo  ISPT         Ajus ISPT    IMSS          Sub P/Empleo Tot Per Grav Tot Per Exce Total Percep Total Deducc Neto Pagado
..........................................................................................................................................................................................................................................
7708          1.00         0.00         0.00         0.00         0.00         0.00         0.00         0.00         0.00         0.00         0.00        21.39         38.26       871.38       158.48     1,029.86        22.39     1,007.47
7852          1.00         0.00         0.00         0.00         0.00         0.00         0.00         0.00         0.00         0.00         0.00        18.65         37.25       887.13       183.22     1,070.35        19.65     1,050.70
7833          0.00         0.00         0.00         0.00         0.00         0.00         0.00         0.00         0.00         0.00         0.00         0.00          0.00         0.00         0.00         0.00         0.00         0.00
5679          1.00         0.00         0.00         0.00         0.00         0.00         0.00         0.00         0.00        47.25         0.00        35.62          0.00     1,450.22       407.74     1,857.96        83.87     1,774.09
7530          1.00         0.00         0.00         0.00         0.00         0.00         0.00         0.00         0.00         0.00         0.00        25.35         32.91       955.07       236.81     1,191.88        26.35     1,165.53
6028          1.00         0.00         0.00         0.00         0.00       399.30         0.00         0.00         0.00        24.30         0.00        34.39          0.00     1,280.39       288.79     1,569.18       458.99     1,110.19
6565          1.00         0.00         0.00         0.00         0.00         0.00         0.00         0.00         0.00         0.00         0.00        27.42         36.62       897.13       182.59     1,079.72        28.42     1,051.30
7731          1.00         0.00         0.00         0.00         0.00         0.00         0.00         0.00         0.00         0.00         0.00        23.62         38.90       861.38       159.12     1,020.50        24.62       995.88
7753          1.00         0.00         0.00         0.00         0.00         0.00         0.00         0.00         0.00         0.00         0.00        30.07         20.18     1,004.04       163.22     1,167.26        31.07     1,136.19
3676          1.00         0.00         0.00         0.00         0.00         0.00         0.00         0.00         0.00        70.52         0.00        35.79          0.00     1,705.19       328.59     2,033.78       107.31     1,926.47
3221          1.00         0.00         0.00         0.00         0.00         0.00         0.00         0.00         0.00         9.17         0.00        33.33          0.00     1,228.24       237.09     1,465.33        43.50     1,421.83
7741          1.00         0.00         0.00         0.00         0.00         0.00         0.00         0.00         0.00         0.00         0.00        19.83         38.90       861.38       159.12     1,020.50        20.83       999.67
7779          1.00         0.00         0.00         0.00         0.00         0.00         0.00         0.00         0.00         0.00         0.00        27.37         26.67     1,090.76       181.99     1,272.75        28.37     1,244.38
7269          1.00         0.00         0.00         0.00         0.00         0.00         0.00         0.00         0.00         0.00         0.00        25.38         38.26       871.38       158.48     1,029.86        26.38     1,003.48
7844          1.00         0.00         0.00         0.00         0.00         0.00         0.00         0.00         0.00         0.00         0.00        18.65         38.26       871.38       158.48     1,029.86        19.65     1,010.21
7845          1.00         0.00         0.00         0.00         0.00         0.00       120.51         0.00         0.00         0.00         0.00        19.88         37.57       915.61       157.11     1,072.72       141.39       931.33
2522          1.00         0.00         0.00         0.00         0.00         0.00         0.00         0.00         0.00         0.00         0.00        27.19         33.32       948.63       230.79     1,179.42        28.19     1,151.23
0236          1.00         0.00         0.00         0.00         0.00       523.01         0.00         0.00         0.00       162.81         0.00        68.68          0.00     2,007.27       378.67     2,385.94       755.50     1,630.44
7080          1.00         0.00         0.00         0.00         0.00         0.00         0.00         0.00         0.00       162.20         0.00        39.91          0.00     2,011.20       330.80     2,342.00       203.11     2,138.89
5965          1.00         0.00         0.00         0.00         0.00         0.00         0.00         0.00         0.00         0.00         0.00        31.39          8.53     1,129.61       170.06     1,299.67        32.39     1,267.28
5447          1.00         0.00         0.00         0.00         0.00         0.00         0.00         0.00         0.00         0.00         0.00        26.90         31.35     1,029.79       200.14     1,229.93        27.90     1,202.03
6685          1.00         0.00         0.00         0.00         0.00         0.00         0.00         0.00         0.00         0.00         0.00        22.26         21.88     1,025.88       257.97     1,283.85        23.26     1,260.59
5549          1.00         0.00         0.00         0.00         0.00         0.00         0.00         0.00         0.00         0.00         0.00        24.52         38.26       871.38       209.98     1,081.36        25.52     1,055.84
0854          1.00         0.00         0.00         0.00         0.00       326.19         0.00         0.00         0.00        82.03         0.00        38.44          0.00     1,734.93       431.93     2,166.86       447.66     1,719.20
7295          1.00         0.00         0.00         0.00         0.00         0.00         0.00         0.00         0.00         0.00         0.00        26.94         38.27       871.38       158.49     1,029.87        27.94     1,001.93
6832          1.00         0.00         0.00         0.00         0.00         0.00         0.00         0.00         0.00       107.18         0.00        26.02          0.00     1,955.07       203.90     2,158.97       134.20     2,024.77
4807          1.00         0.00         0.00         0.00         0.00         0.00         0.00         0.00         0.00       510.35         0.00       161.30          0.00     3,783.66       564.20     4,347.86       672.65     3,675.21
6821          1.00         0.00         0.00         0.00         0.00         0.00         0.00         0.00         0.00         0.00         0.00        38.56          9.11     1,119.61       170.64     1,290.25        39.56     1,250.69
7850          1.00         0.00         0.00         0.00         0.00         0.00         0.00         0.00         0.00         0.00         0.00        18.65         39.27       871.38       159.49     1,030.87        19.65     1,011.22
3169          1.00         0.00         0.00         0.00         0.00         0.00         0.00         0.00         0.00         0.00         0.00        25.48         38.26       871.38       158.48     1,029.86        26.48     1,003.38
4514          1.00         0.00         0.00         0.00         0.00       550.29         0.00         0.00         0.00        16.09         0.00        53.47          0.00     1,291.87       187.49     1,479.36       620.85       858.51
7814          1.00         0.00         0.00         0.00         0.00         0.00       144.20         0.00         0.00         0.00         0.00        20.88         39.55       899.43       153.98     1,053.41       166.08       887.33
7104          1.00         0.00         0.00         0.00         0.00         0.00         0.00         0.00         0.00         0.00         0.00        27.29         36.11     1,004.04       179.15     1,183.19        28.29     1,154.90
7754          0.00         0.00         0.00         0.00         0.00         0.00         0.00         0.00         0.00         0.00         0.00         0.00          0.00         0.00         0.00         0.00         0.00         0.00
7717          1.00         0.00         0.00         0.00         0.00         0.00         0.00         0.00         0.00        19.29         0.00        33.88          0.00     1,321.34       205.37     1,526.71        54.17     1,472.54
6014          1.00         0.00         0.00         0.00         0.00         0.00         0.00         0.00         0.00         3.95         0.00        27.02          0.00     1,244.38       276.29     1,520.67        31.97     1,488.70
7775          1.00         0.00         0.00         0.00         0.00         0.00         0.00         0.00         0.00         0.00         0.00        20.97         38.90       861.38       159.12     1,020.50        21.97       998.53
7551          1.00         0.00         0.00         0.00         0.00         0.00         0.00         0.00         0.00         0.00         0.00        30.29          8.95     1,125.86       129.17     1,255.03        31.29     1,223.74
7715          1.00         0.00         0.00         0.00         0.00         0.00         0.00         0.00         0.00         0.00         0.00        24.65         38.26       871.38       209.98     1,081.36        25.65     1,055.71
3827          1.00         0.00         0.00         0.00         0.00         0.00         0.00         0.00         0.00         0.00         0.00        27.68         23.21     1,004.98       224.28     1,229.26        28.68     1,200.58
5412          1.00         0.00        10.00         0.00         0.00         0.00         0.00         0.00         0.00         0.00         0.00        20.32         38.91       861.38       159.13     1,020.51        31.32       989.19
4504          1.00         0.00         0.00         0.00         0.00         0.00         0.00         0.00         0.00       210.60         0.00        57.11          0.00     2,305.96       424.44     2,730.40       268.71     2,461.69
7395          1.00         0.00         0.00         0.00         0.00         0.00         0.00         0.00         0.00         0.04         0.00        26.40          0.00     1,144.31       366.79     1,511.10        27.44     1,483.66

















































EJECUTIVOS EN SERVICIOS DE ALIMENTOS, S.A. DE C.V.                                                                      Pagina: 0004
R.F.C.:                                                                                                                    2/NOV/19
REPORTE DE SUELDOS SEMANALES DEDUCCIONES


 
Codigo Desc Vales   Desc Zapatos Otras Deducc Desc Fonacot Pension Alim Desc Infonav Faltas       Inca Enferme Inca Riesgo  ISPT         Ajus ISPT    IMSS          Sub P/Empleo Tot Per Grav Tot Per Exce Total Percep Total Deducc Neto Pagado
..........................................................................................................................................................................................................................................
0214          1.00         0.00         0.00         0.00         0.00         0.00         0.00         0.00         0.00       566.19         0.00       161.69          0.00     4,045.03       694.88     4,739.91       728.88     4,011.03
7849          1.00         0.00         0.00         0.00         0.00         0.00         0.00         0.00         0.00         0.00         0.00        18.65         30.37       945.07       234.27     1,179.34        19.65     1,159.69
6321          1.00         0.00         0.00         0.00         0.00         0.00         0.00         0.00         0.00         0.00         0.00        27.12         34.25       934.17       164.51     1,098.68        28.12     1,070.56
5232          1.00         0.00         0.00         0.00         0.00         0.00         0.00         0.00         0.00         0.00         0.00        33.46          5.82     1,155.54       200.36     1,355.90        34.46     1,321.44
4958          1.00         0.00         0.00         0.00         0.00         0.00         0.00         0.00         0.00         0.00         0.00        26.83         38.27       871.38       158.49     1,029.87        27.83     1,002.04
3979          1.00         0.00         0.00         0.00         0.00         0.00         0.00         0.00         0.00       420.97         0.00       152.85          0.00     3,365.20       519.23     3,884.43       574.82     3,309.61
7854          1.00         0.00         0.00         0.00         0.00         0.00         0.00         0.00         0.00         0.00         0.00        18.65         38.26       871.38       158.48     1,029.86        19.65     1,010.21
0442          1.00         0.00         0.00         0.00         0.00         0.00         0.00         0.00         0.00        34.21         0.00        38.94          0.00     1,458.39       283.80     1,742.19        74.15     1,668.04
7699          1.00         0.00         0.00         0.00         0.00         0.00       241.02         0.00         0.00         0.00         0.00        16.84         48.57       781.31       128.94       910.25       258.86       651.39
7330          0.00         0.00         0.00         0.00         0.00         0.00         0.00         0.00         0.00         0.00         0.00         0.00          0.00         0.00         0.00         0.00         0.00         0.00
7719          1.00         0.00         0.00         0.00         0.00         0.00         0.00         0.00         0.00       102.11         0.00        24.25          0.00     1,871.38       120.22     1,991.60       127.36     1,864.24
7841          1.00         0.00         0.00         0.00         0.00         0.00         0.00         0.00         0.00         0.00         0.00        18.65         38.26       871.38       158.48     1,029.86        19.65     1,010.21
7846          1.00         0.00         0.00         0.00         0.00         0.00         0.00         0.00         0.00         0.00         0.00        22.22         29.13     1,014.04       172.17     1,186.21        23.22     1,162.99
7421          1.00         0.00         0.00         0.00         0.00         0.00         0.00         0.00         0.00         0.00         0.00        25.43         47.74       897.13       193.71     1,090.84        26.43     1,064.41
7776          1.00         0.00         0.00         0.00         0.00         0.00         0.00         0.00         0.00         0.00         0.00        19.83         38.90       861.38       159.12     1,020.50        20.83       999.67
7823          1.00         0.00         0.00         0.00         0.00         0.00         0.00         0.00         0.00         0.00         0.00        21.38         32.57       960.38       152.79     1,113.17        22.38     1,090.79
7298          1.00         0.00         0.00         0.00         0.00         0.00         0.00         0.00         0.00       119.23         0.00        48.33          0.00     1,616.33       355.73     1,972.06       168.56     1,803.50
7758          1.00         0.00         0.00         0.00         0.00         0.00         0.00         0.00         0.00         0.00         0.00        24.01         38.26       871.38       158.48     1,029.86        25.01     1,004.85
5396          1.00         0.00         0.00         0.00         0.00         0.00         0.00         0.00         0.00       105.74         0.00        27.39          0.00     1,955.07       203.90     2,158.97       134.13     2,024.84
5704          1.00         0.00         0.00         0.00         0.00         0.00         0.00         0.00         0.00        22.75         0.00        37.09          0.00     1,353.12       197.29     1,550.41        60.84     1,489.57
7503          1.00         0.00         0.00         0.00         0.00         0.00         0.00         0.00         0.00         0.00         0.00        25.08         30.69       989.81       242.98     1,232.79        26.08     1,206.71
7588          1.00         0.00         0.00         0.00         0.00         0.00         0.00         0.00         0.00       100.96         0.00        27.94          0.00     1,871.38       120.22     1,991.60       129.90     1,861.70
7821          1.00         0.00         0.00         0.00         0.00         0.00         0.00         0.00         0.00         0.00         0.00        23.47         22.63     1,014.04       165.67     1,179.71        24.47     1,155.24
5588          1.00         0.00         0.00         0.00         0.00         0.00         0.00         0.00         0.00         0.00         0.00        21.45         38.26       871.38       158.48     1,029.86        22.45     1,007.41
6203          1.00         0.00         0.00         0.00         0.00         0.00         0.00         0.00         0.00         0.00         0.00        25.64          9.72     1,118.56       260.63     1,379.19        26.64     1,352.55
6582          1.00         0.00         0.00         0.00         0.00         0.00         0.00         0.00         0.00         0.00         0.00        20.93         38.90       861.38       159.12     1,020.50        21.93       998.57
7392          1.00         0.00         0.00         0.00         0.00         0.00         0.00         0.00         0.00         0.00         0.00        24.25         51.26       871.38       171.48     1,042.86        25.25     1,017.61
7226          1.00         0.00         0.00         0.00         0.00         0.00         0.00         0.00         0.00       116.26         0.00        31.27          0.00     2,014.04       143.04     2,157.08       148.53     2,008.55
7664          1.00         0.00         0.00         0.00         0.00         0.00         0.00         0.00         0.00         0.00         0.00        26.75         38.26       871.38       158.48     1,029.86        27.75     1,002.11
3326          1.00         0.00         0.00         0.00         0.00       352.72         0.00         0.00         0.00        40.31         0.00        43.82          0.00     1,427.46       209.19     1,636.65       437.85     1,198.80
0449          1.00         0.00       300.00         0.00         0.00       386.21         0.00         0.00         0.00       214.30         0.00        34.80          0.00     2,490.14       262.89     2,753.03       936.31     1,816.72
6934          1.00         0.00         0.00         0.00         0.00         0.00         0.00         0.00         0.00       342.85         0.00        84.50          0.00     2,999.45       460.71     3,460.16       428.35     3,031.81
7137          1.00         0.00         0.00         0.00         0.00         0.00         0.00         0.00         0.00        49.60         0.00        35.89          0.00     1,512.90       195.11     1,708.01        86.49     1,621.52
6682          1.00         0.00         0.00         0.00         0.00         0.00       144.20         0.00         0.00         0.00         0.00        17.70         50.20       785.30       146.37       931.67       162.90       768.77
1269          1.00         0.00         0.00         0.00         0.00         0.00         0.00         0.00         0.00         0.00         0.00        19.98         38.91       861.38       159.13     1,020.51        20.98       999.53
6006          1.00         0.00         0.00         0.00         0.00         0.00         0.00         0.00         0.00         0.00         0.00        19.80         38.90       861.38       159.12     1,020.50        20.80       999.70
1419          1.00         0.00         0.00         0.00         0.00       268.68         0.00         0.00         0.00        47.93         0.00        51.65          0.00     1,497.60       220.41     1,718.01       369.26     1,348.75
3525          1.00         0.00         0.00         0.00         0.00         0.00         0.00         0.00         0.00         0.00         0.00        32.09         26.68     1,090.76       182.00     1,272.76        33.09     1,239.67
7855          1.00         0.00         0.00         0.00         0.00         0.00         0.00         0.00         0.00         0.00         0.00        18.65         38.26       871.38       209.98     1,081.36        19.65     1,061.71
6885          1.00         0.00         0.00         0.00         0.00         0.00         0.00         0.00         0.00         0.00         0.00        25.70         64.78       871.38       185.00     1,056.38        26.70     1,029.68
4775          1.00         0.00         0.00         0.00         0.00         0.00         0.00         0.00         0.00         0.00         0.00        25.85         22.51     1,015.88       258.60     1,274.48        26.85     1,247.63
7528          1.00         0.00         0.00         0.00         0.00         0.00         0.00         0.00         0.00         0.00         0.00        25.90         32.76     1,067.06       322.30     1,389.36        26.90     1,362.46
4832          1.00         0.00         0.00         0.00         0.00         0.00         0.00         0.00         0.00         0.00         0.00        27.97         32.57       960.38       152.79     1,113.17        28.97     1,084.20

















































EJECUTIVOS EN SERVICIOS DE ALIMENTOS, S.A. DE C.V.                                                                      Pagina: 0005
R.F.C.:                                                                                                                    2/NOV/19
REPORTE DE SUELDOS SEMANALES DEDUCCIONES


 
Codigo Desc Vales   Desc Zapatos Otras Deducc Desc Fonacot Pension Alim Desc Infonav Faltas       Inca Enferme Inca Riesgo  ISPT         Ajus ISPT    IMSS          Sub P/Empleo Tot Per Grav Tot Per Exce Total Percep Total Deducc Neto Pagado
..........................................................................................................................................................................................................................................
7836          1.00         0.00         0.00         0.00         0.00         0.00         0.00         0.00         0.00         0.00         0.00        20.04         50.54       871.38       170.76     1,042.14        21.04     1,021.10
7824          1.00         0.00         0.00         0.00         0.00         0.00         0.00         0.00         0.00         0.00         0.00        21.34         33.99       938.13       154.21     1,092.34        22.34     1,070.00
3321          1.00         0.00         0.00         0.00         0.00         0.00         0.00         0.00         0.00       201.11         0.00        73.39          0.00     2,335.88       350.54     2,686.42       275.50     2,410.92
2112          1.00         0.00         0.00         0.00         0.00         0.00         0.00         0.00         0.00         0.00         0.00        23.40         38.26       871.38       158.48     1,029.86        24.40     1,005.46
0624          1.00         0.00         0.00         0.00         0.00         0.00         0.00         0.00         0.00       141.57         0.00        60.78          0.00     1,921.18       289.78     2,210.96       203.35     2,007.61
6877          1.00         0.00       200.00       194.15         0.00         0.00         0.00         0.00         0.00         0.00         0.00        27.81         13.96     1,080.76       169.28     1,250.04       422.96       827.08
4385          1.00         0.00         0.00         0.00         0.00         0.00         0.00         0.00         0.00         2.65         0.00        31.46          0.00     1,168.33       396.11     1,564.44        35.11     1,529.33
7378          1.00         0.00         0.00         0.00         0.00         0.00         0.00         0.00         0.00         0.00         0.00        21.27         44.84       871.38       216.56     1,087.94        22.27     1,065.67
0366          1.00         0.00         0.00         0.00         0.00         0.00         0.00         0.00         0.00       404.75         0.00       105.70          0.00     3,289.23       751.14     4,040.37       511.45     3,528.92
7755          1.00         0.00         0.00         0.00         0.00         0.00         0.00         0.00         0.00         0.00         0.00        23.43         38.26       871.38       158.48     1,029.86        24.43     1,005.43
6206          1.00         0.00         0.00         0.00         0.00         0.00         0.00         0.00         0.00        18.42         0.00        31.28          0.00     1,313.23       299.25     1,612.48        50.70     1,561.78
4366          1.00         0.00         0.00         0.00         0.00         0.00         0.00         0.00         0.00         0.00         0.00        23.61         22.64     1,014.04       165.68     1,179.72        24.61     1,155.11
7618          1.00         0.00         0.00         0.00         0.00         0.00         0.00         0.00         0.00         0.00         0.00        22.58         42.97       903.57       195.37     1,098.94        23.58     1,075.36
 
*** GLO     179.00         0.00     1,110.00       556.25         0.00     6,320.94     1,399.23         0.00         0.00     8,527.48         0.00     5,896.18      3,872.22   232,212.62                272,141.86    23,989.08   248,152.78
  












































































