EJECUTIVOS EN SERVICIOS DE ALIMENTOS, S.A. DE C.V.                                                                      Pagina: 0001
R.F.C.:                                                                                                                    2/NOV/19
REPORTE DE SUELDOS SEMANALES DEDUCCIONES


 
Codigo Desc Vales   Desc Zapatos Otras Deducc Desc Fonacot Pension Alim Desc Infonav Faltas       Inca Enferme Inca Riesgo  ISPT         Ajus ISPT    IMSS          Sub P/Empleo Tot Per Grav Tot Per Exce Total Percep Total Deducc Neto Pagado
..........................................................................................................................................................................................................................................
7879          1.00         0.00         0.00         0.00         0.00         0.00         0.00         0.00         0.00         0.00         0.00        20.08         12.85     1,025.88       171.69     1,197.57        21.08     1,176.49
6600          1.00         0.00         0.00         0.00         0.00       246.12         0.00         0.00         0.00         0.00         0.00        26.88         33.08       955.65       296.72     1,252.37       274.00       978.37
7685          1.00         0.00         0.00         0.00         0.00         0.00         0.00         0.00         0.00         0.00         0.00        32.30         29.46       946.34       217.06     1,163.40        33.30     1,130.10
7331          1.00         0.00         0.00         0.00         0.00         0.00         0.00         0.00         0.00         0.00         0.00        27.09          5.76     1,093.86       282.65     1,376.51        28.09     1,348.42
5933          1.00         0.00         0.00         0.00         0.00         0.00         0.00         0.00         0.00         0.00         0.00        33.56         30.58       991.40       234.89     1,226.29        34.56     1,191.73
7170          1.00         0.00         0.00         0.00         0.00         0.00         0.00         0.00         0.00         0.00         0.00        33.61         48.53       914.15       175.59     1,089.74        34.61     1,055.13
5201          1.00         0.00         0.00         0.00         0.00       335.50         0.00         0.00         0.00        68.45         0.00        37.61          0.00     1,686.16       267.51     1,953.67       442.56     1,511.11
3890          1.00         0.00         0.00         0.00         0.00         0.00         0.00         0.00         0.00       178.37         0.00        54.41          0.00     2,104.51       461.58     2,566.09       233.78     2,332.31
7834          1.00         0.00         0.00         0.00         0.00         0.00         0.00         0.00         0.00         0.00         0.00        30.12         29.13     1,014.04       172.17     1,186.21        31.12     1,155.09
3652          1.00         0.00         0.00         0.00         0.00       456.67         0.00         0.00         0.00       151.40         0.00        57.41          0.00     1,935.94       367.50     2,303.44       666.48     1,636.96
1123          1.00         0.00         0.00         0.00         0.00         0.00         0.00         0.00         0.00        23.03         0.00        37.64          0.00     1,355.64       197.70     1,553.34        61.67     1,491.67
7959          1.00         0.00         0.00         0.00         0.00         0.00       288.40         0.00         0.00         0.00         0.00        12.06         43.28       608.95        91.36       700.31       301.46       398.85
7865          0.00         0.00         0.00         0.00         0.00         0.00         0.00         0.00         0.00         0.00         0.00         0.00          0.00         0.00         0.00         0.00         0.00         0.00
7259          1.00         0.00         0.00         0.00         0.00         0.00         0.00         0.00         0.00        42.20         0.00        26.90          0.00     1,507.15       230.06     1,737.21        70.10     1,667.11
7312          1.00         0.00         0.00         0.00         0.00         0.00         0.00         0.00         0.00         0.00         0.00        23.77         24.76     1,041.31       297.34     1,338.65        24.77     1,313.88
7338          1.00         0.00         0.00         0.00         0.00         0.00         0.00         0.00         0.00         0.00         0.00        29.47         29.13     1,014.04       172.17     1,186.21        30.47     1,155.74
5677          1.00         0.00         0.00         0.00         0.00         0.00         0.00         0.00         0.00        27.06         0.00        34.77          0.00     1,392.68       244.73     1,637.41        62.83     1,574.58
7737          0.00         0.00         0.00         0.00         0.00         0.00         0.00         0.00         0.00         0.00         0.00         0.00          0.00         0.00         0.00         0.00         0.00         0.00
6210          1.00         0.00       200.00         0.00         0.00         0.00         0.00         0.00         0.00         0.00         0.00        28.01         34.32     1,023.46       209.05     1,232.51       229.01     1,003.50
7896          1.00         0.00         0.00         0.00         0.00         0.00         0.00         0.00         0.00         0.00         0.00        20.08         45.87       871.38       166.09     1,037.47        21.08     1,016.39
7943          1.00         0.00         0.00         0.00         0.00         0.00         0.00         0.00         0.00         0.00         0.00        18.65         34.88       871.38       155.10     1,026.48        19.65     1,006.83
7812          1.00         0.00         0.00         0.00         0.00         0.00         0.00         0.00         0.00         0.00         0.00        18.65         38.26       871.38       158.48     1,029.86        19.65     1,010.21
0849          1.00         0.00         0.00         0.00         0.00         0.00         0.00         0.00         0.00         0.00         0.00        35.49         11.08     1,089.04       249.91     1,338.95        36.49     1,302.46
7536          1.00         0.00         0.00         0.00         0.00         0.00       144.20         0.00         0.00         0.00         0.00        22.25         45.62       819.52       147.27       966.79       167.45       799.34
7430          1.00         0.00         0.00         0.00         0.00         0.00         0.00         0.00         0.00       279.55         0.00        56.73          0.00     2,716.17       742.20     3,458.37       337.28     3,121.09
5181          1.00         0.00         0.00         0.00         0.00         0.00         0.00         0.00         0.00         0.00         0.00        27.20         35.53       914.15       162.59     1,076.74        28.20     1,048.54
5429          1.00         0.00         0.00         0.00         0.00         0.00         0.00         0.00         0.00       322.96         0.00        50.43          0.00     2,906.31       448.57     3,354.88       374.39     2,980.49
7655          1.00         0.00         0.00         0.00         0.00         0.00         0.00         0.00         0.00         0.00         0.00        21.02         36.17       904.15       248.31     1,152.46        22.02     1,130.44
7057          1.00         0.00         0.00         0.00         0.00         0.00         0.00         0.00         0.00         0.00         0.00        32.01         21.61     1,030.00       200.17     1,230.17        33.01     1,197.16
5558          1.00         0.00         0.00         0.00         0.00         0.00         0.00         0.00         0.00         0.00         0.00        29.68         24.47     1,094.17       353.42     1,447.59        30.68     1,416.91
4746          1.00         0.00         0.00         0.00         0.00       295.02       175.60         0.00         0.00         0.00         0.00        29.51          9.41     1,233.03       153.63     1,386.66       501.13       885.53
7663          1.00         0.00         0.00         0.00         0.00         0.00         0.00         0.00         0.00        13.42         0.00        26.73          0.00     1,267.34       203.90     1,471.24        41.15     1,430.09
7828          0.00         0.00         0.00         0.00         0.00         0.00         0.00         0.00         0.00         0.00         0.00         0.00          0.00         0.00         0.00         0.00         0.00         0.00
7773          1.00         0.00         0.00         0.00         0.00         0.00       120.51         0.00         0.00         0.00         0.00        20.76         34.20       983.50       204.75     1,188.25       142.27     1,045.98
1424          1.00         0.00         0.00         0.00         0.00       466.38         0.00         0.00         0.00       282.04         0.00        75.10          0.00     2,705.02       627.48     3,332.50       824.52     2,507.98
5280          1.00         0.00         0.00       362.10         0.00       435.11         0.00         0.00         0.00       152.33         0.00        48.09          0.00     1,920.48       483.65     2,404.13       998.63     1,405.50
7742          1.00         0.00         0.00         0.00         0.00         0.00       432.60         0.00         0.00         0.00         0.00        14.39         66.05       770.26       116.87       887.13       447.99       439.14
7883          1.00         0.00         0.00         0.00         0.00         0.00         0.00         0.00         0.00         0.00         0.00        23.19          7.89     1,041.31       271.68     1,312.99        24.19     1,288.80
6461          1.00         0.00       100.00         0.00         0.00         0.00         0.00         0.00         0.00         0.56         0.00        28.35          0.00     1,213.14       243.95     1,457.09       129.91     1,327.18
6765          1.00         0.00       300.00         0.00         0.00         0.00         0.00         0.00         0.00       286.53         0.00        33.92          0.00     2,813.48       526.94     3,340.42       621.45     2,718.97
7909          1.00         0.00         0.00         0.00         0.00         0.00         0.00         0.00         0.00         0.00         0.00        18.65         38.26       871.38       158.48     1,029.86        19.65     1,010.21
5000          1.00         0.00         0.00         0.00         0.00         0.00         0.00         0.00         0.00         0.00         0.00        29.55          2.15     1,188.13       173.05     1,361.18        30.55     1,330.63
7915          1.00         0.00         0.00         0.00         0.00         0.00         0.00         0.00         0.00         0.00         0.00        18.65         35.87     1,018.52       194.71     1,213.23        19.65     1,193.58

















































EJECUTIVOS EN SERVICIOS DE ALIMENTOS, S.A. DE C.V.                                                                      Pagina: 0002
R.F.C.:                                                                                                                    2/NOV/19
REPORTE DE SUELDOS SEMANALES DEDUCCIONES


 
Codigo Desc Vales   Desc Zapatos Otras Deducc Desc Fonacot Pension Alim Desc Infonav Faltas       Inca Enferme Inca Riesgo  ISPT         Ajus ISPT    IMSS          Sub P/Empleo Tot Per Grav Tot Per Exce Total Percep Total Deducc Neto Pagado
..........................................................................................................................................................................................................................................
7925          1.00         0.00         0.00         0.00         0.00         0.00         0.00         0.00         0.00        11.19         0.00        27.97          0.00     1,246.79       180.28     1,427.07        40.16     1,386.91
5644          1.00         0.00       150.00         0.00         0.00       337.88         0.00         0.00         0.00        23.78         0.00        28.41          0.00     1,362.60       367.21     1,729.81       541.07     1,188.74
6638          1.00         0.00         0.00         0.00         0.00         0.00         0.00         0.00         0.00         0.00         0.00        32.37         35.52       914.15       162.58     1,076.73        33.37     1,043.36
7800          1.00         0.00         0.00         0.00         0.00         0.00         0.00         0.00         0.00         0.00         0.00        21.69         38.26       871.38       158.48     1,029.86        22.69     1,007.17
7960          1.00         0.00         0.00         0.00         0.00         0.00       120.51         0.00         0.00         0.00         0.00        16.69         48.29       796.38       200.26       996.64       138.20       858.44
6690          1.00         0.00         0.00         0.00         0.00         0.00         0.00         0.00         0.00         0.00         0.00        27.54         30.39       994.28       332.65     1,326.93        28.54     1,298.39
7168          1.00         0.00         0.00         0.00         0.00         0.00       241.02         0.00         0.00         0.00         0.00        18.16         60.47       809.90       196.92     1,006.82       260.18       746.64
7901          0.00         0.00         0.00         0.00         0.00         0.00       361.53         0.00         0.00         0.00         0.00        12.76         44.61       826.51        44.61       871.12       374.29       496.83
7786          1.00         0.00         0.00         0.00         0.00         0.00       576.80         0.00         0.00         0.00         0.00        14.54         51.00       737.07        75.04       812.11       592.34       219.77
4314          1.00         0.00         0.00         0.00         0.00         0.00         0.00         0.00         0.00       168.30         0.00        49.43          0.00     2,041.59       332.39     2,373.98       218.73     2,155.25
7935          1.00         0.00         0.00         0.00         0.00         0.00         0.00         0.00         0.00         0.00         0.00        18.65         48.61       912.88       220.33     1,133.21        19.65     1,113.56
7848          1.00         0.00       100.00         0.00         0.00         0.00       144.20         0.00         0.00         0.00         0.00        19.18         62.71       785.30       158.88       944.18       264.38       679.80
7632          1.00         0.00         0.00         0.00         0.00         0.00         0.00         0.00         0.00         0.00         0.00        30.26         29.35     1,017.15       287.77     1,304.92        31.26     1,273.66
7873          1.00         0.00         0.00         0.00         0.00         0.00         0.00         0.00         0.00         0.00         0.00        21.10          0.79     1,371.38       121.01     1,492.39        22.10     1,470.29
6504          0.00         0.00         0.00         0.00         0.00         0.00         0.00         0.00         0.00         0.00         0.00         0.00          0.00         0.00         0.00         0.00         0.00         0.00
7905          1.00         0.00         0.00         0.00         0.00         0.00       120.51         0.00         0.00         0.00         0.00        16.69         48.29       796.38       148.76       945.14       138.20       806.94
7936          0.00         0.00         0.00         0.00         0.00         0.00         0.00         0.00         0.00         0.00         0.00         0.00          0.00         0.00         0.00         0.00         0.00         0.00
7801          1.00         0.00         0.00         0.00         0.00         0.00         0.00         0.00         0.00         0.00         0.00        26.58         38.15       871.38       158.37     1,029.75        27.58     1,002.17
7918          1.00         0.00         0.00         0.00         0.00         0.00         0.00         0.00         0.00         8.63         0.00        18.65          0.00     1,185.89       339.09     1,524.98        28.28     1,496.70
7061          1.00         0.00         0.00         0.00         0.00         0.00         0.00         0.00         0.00         0.00         0.00        35.32          6.91     1,144.45       170.82     1,315.27        36.32     1,278.95
7847          1.00         0.00         0.00         0.00         0.00         0.00         0.00         0.00         0.00         0.00         0.00        20.38         46.43       861.38       166.65     1,028.03        21.38     1,006.65
7633          1.00         0.00         0.00         0.00         0.00         0.00         0.00         0.00         0.00         0.00         0.00        29.69         43.12       904.15       255.26     1,159.41        30.69     1,128.72
7906          1.00         0.00         0.00       489.21         0.00         0.00         0.00         0.00         0.00       131.22         0.00        39.88          0.00     1,726.43       257.02     1,983.45       661.31     1,322.14
7914          1.00         0.00         0.00         0.00         0.00         0.00       120.51         0.00         0.00         0.00         0.00        16.69         29.80     1,041.00       181.77     1,222.77       138.20     1,084.57
2897          1.00         0.00         0.00         0.00         0.00         0.00         0.00         0.00         0.00         0.00         0.00        26.47         33.89       939.90       271.78     1,211.68        27.47     1,184.21
7614          1.00         0.00         0.00         0.00         0.00         0.00         0.00         0.00         0.00        46.43         0.00        48.18          0.00     1,483.80       330.80     1,814.60        95.61     1,718.99
3318          1.00         0.00         0.00         0.00         0.00       510.55         0.00         0.00         0.00       306.57         0.00        65.82          0.00     2,829.62       459.16     3,288.78       883.94     2,404.84
7804          1.00         0.00         0.00         0.00         0.00         0.00         0.00         0.00         0.00        55.18         0.00        37.71          0.00     1,564.18       232.66     1,796.84        93.89     1,702.95
7921          1.00         0.00         0.00         0.00         0.00         0.00         0.00         0.00         0.00         0.00         0.00        18.65         27.67     1,042.36       199.39     1,241.75        19.65     1,222.10
6083          1.00         0.00         0.00         0.00         0.00         0.00         0.00         0.00         0.00         0.00         0.00        34.46         14.30     1,144.31       303.84     1,448.15        35.46     1,412.69
6766          1.00         0.00         0.00         0.00         0.00         0.00         0.00         0.00         0.00         0.00         0.00        26.88          7.99     1,134.45       281.66     1,416.11        27.88     1,388.23
4137          1.00         0.00         0.00         0.00         0.00         0.00         0.00         0.00         0.00       371.81         0.00        92.87          0.00     3,135.04       482.40     3,617.44       465.68     3,151.76
7913          1.00         0.00         0.00         0.00         0.00         0.00         0.00         0.00         0.00         0.00         0.00        18.65         38.27       871.38       158.49     1,029.87        19.65     1,010.22
7542          1.00         0.00         0.00         0.00         0.00         0.00         0.00         0.00         0.00         0.00         0.00        30.79         35.52       914.15       162.58     1,076.73        31.79     1,044.94
3780          1.00         0.00         0.00         0.00         0.00         0.00         0.00         0.00         0.00        31.44         0.00        39.48          0.00     1,498.02       515.77     2,013.79        71.92     1,941.87
6205          1.00         0.00         0.00         0.00         0.00         0.00         0.00         0.00         0.00         0.00         0.00        27.97          1.30     1,144.31       290.84     1,435.15        28.97     1,406.18
5027          1.00         0.00         0.00         0.00         0.00         0.00         0.00         0.00         0.00         9.37         0.00        39.42          0.00     1,230.04       143.04     1,373.08        49.79     1,323.29
7949          1.00         0.00         0.00         0.00         0.00         0.00         0.00         0.00         0.00         0.00         0.00        18.65         16.93     1,103.13       175.77     1,278.90        19.65     1,259.25
7818          1.00         0.00         0.00         0.00         0.00         0.00         0.00         0.00         0.00        60.31         0.00        27.56          0.00     1,607.04       246.04     1,853.08        88.87     1,764.21
7958          1.00         0.00         0.00         0.00         0.00         0.00         0.00         0.00         0.00         0.00         0.00        18.65         26.30     1,042.36       198.02     1,240.38        19.65     1,220.73
7815          1.00         0.00         0.00         0.00         0.00         0.00         0.00         0.00         0.00         0.00         0.00        25.27         44.80       861.38       165.02     1,026.40        26.27     1,000.13
6839          1.00         0.00         0.00         0.00         0.00         0.00         0.00         0.00         0.00         0.00         0.00        21.32         35.53       914.15       332.76     1,246.91        22.32     1,224.59
5646          1.00         0.00         0.00         0.00         0.00         0.00         0.00         0.00         0.00         0.00         0.00        33.15         35.53       914.15       162.59     1,076.74        34.15     1,042.59

















































EJECUTIVOS EN SERVICIOS DE ALIMENTOS, S.A. DE C.V.                                                                      Pagina: 0003
R.F.C.:                                                                                                                    2/NOV/19
REPORTE DE SUELDOS SEMANALES DEDUCCIONES


 
Codigo Desc Vales   Desc Zapatos Otras Deducc Desc Fonacot Pension Alim Desc Infonav Faltas       Inca Enferme Inca Riesgo  ISPT         Ajus ISPT    IMSS          Sub P/Empleo Tot Per Grav Tot Per Exce Total Percep Total Deducc Neto Pagado
..........................................................................................................................................................................................................................................
7708          1.00         0.00         0.00         0.00         0.00         0.00         0.00         0.00         0.00         0.00         0.00        27.63         48.53       914.15       175.59     1,089.74        28.63     1,061.11
7962          0.00         0.00         0.00         0.00         0.00         0.00       120.51         0.00         0.00         0.00         0.00        11.36         33.00       587.55        33.00       620.55       131.87       488.68
7869          1.00         0.00         0.00         0.00         0.00         0.00         0.00         0.00         0.00         0.00         0.00        23.38         23.36     1,002.69       248.52     1,251.21        24.38     1,226.83
7882          1.00         0.00         0.00         0.00         0.00         0.00       144.20         0.00         0.00         0.00         0.00        18.02         51.03       785.30       147.20       932.50       163.22       769.28
5679          1.00         0.00         0.00         0.00         0.00         0.00         0.00         0.00         0.00       147.22         0.00        36.06          0.00     2,108.22       338.80     2,447.02       184.28     2,262.74
7892          1.00         0.00         0.00         0.00         0.00         0.00       120.51         0.00         0.00         0.00         0.00        21.13         37.32       915.61       156.86     1,072.47       142.64       929.83
7530          1.00         0.00         0.00         0.00         0.00         0.00         0.00         0.00         0.00         0.00         0.00        21.99         28.52     1,023.59       265.01     1,288.60        22.99     1,265.61
6028          1.00         0.00         0.00         0.00         0.00       407.29         0.00         0.00         0.00        39.75         0.00        31.78          0.00     1,422.39       296.26     1,718.65       479.82     1,238.83
6565          0.00         0.00         0.00         0.00         0.00         0.00         0.00         0.00         0.00         0.00         0.00         0.00          0.00         0.00         0.00         0.00         0.00         0.00
7753          0.00         0.00         0.00         0.00         0.00         0.00         0.00         0.00         0.00        96.19         0.00        29.12          0.00     1,750.08       103.00     1,853.08       125.31     1,727.77
3676          1.00         0.00         0.00         0.00         0.00         0.00         0.00         0.00         0.00         0.00         0.00        39.30         45.19     1,486.75       516.38     2,003.13        40.30     1,962.83
3221          1.00         0.00         0.00         0.00         0.00         0.00         0.00         0.00         0.00        47.90         0.00        31.22          0.00     1,497.27       371.60     1,868.87        80.12     1,788.75
7741          1.00         0.00         0.00         0.00         0.00         0.00         0.00         0.00         0.00         0.00         0.00        26.31         26.19       904.15       153.25     1,057.40        27.31     1,030.09
7779          1.00         0.00         0.00         0.00         0.00         0.00         0.00         0.00         0.00       105.34         0.00        27.42          0.00     1,488.62       384.85     1,873.47       133.76     1,739.71
7942          1.00         0.00         0.00         0.00         0.00         0.00       144.20         0.00         0.00         0.00         0.00        16.69         50.24       785.30       146.41       931.71       161.89       769.82
7845          1.00         0.00         0.00         0.00         0.00         0.00         0.00         0.00         0.00       111.41         0.00        30.94          0.00     1,907.04       246.04     2,153.08       143.35     2,009.73
7920          1.00         0.00         0.00         0.00         0.00         0.00       144.20         0.00         0.00         0.00         0.00        16.69         47.04       785.30       143.21       928.51       161.89       766.62
2522          1.00         0.00         0.00         0.00         0.00         0.00       120.51         0.00         0.00         0.00         0.00        24.83         43.14       832.13       291.13     1,123.26       146.34       976.92
7938          1.00         0.00         0.00         0.00         0.00         0.00       241.02         0.00         0.00         0.00         0.00        14.72         47.45       781.31       127.82       909.13       256.74       652.39
0236          1.00         0.00         0.00         0.00         0.00       533.49         0.00         0.00         0.00       185.76         0.00        52.25          0.00     2,150.70       522.79     2,673.49       772.50     1,900.99
7080          1.00         0.00         0.00         0.00         0.00         0.00         0.00         0.00         0.00       170.41         0.00        38.50          0.00     2,054.81       528.43     2,583.24       209.91     2,373.33
5965          1.00         0.00         0.00         0.00         0.00         0.00         0.00         0.00         0.00         0.00         0.00        29.92         77.68     1,188.13       248.58     1,436.71        30.92     1,405.79
5447          1.00         0.00         0.00         0.00         0.00         0.00         0.00         0.00         0.00        58.58         0.00        31.26          0.00     1,607.04       246.04     1,853.08        90.84     1,762.24
7932          1.00         0.00         0.00         0.00         0.00         0.00         0.00         0.00         0.00         0.00         0.00        18.65         38.27       871.38       158.49     1,029.87        19.65     1,010.22
7937          1.00         0.00         0.00         0.00         0.00         0.00       241.02         0.00         0.00         0.00         0.00        14.72         61.60       781.31       141.97       923.28       256.74       666.54
6685          1.00         0.00         0.00         0.00         0.00         0.00         0.00         0.00         0.00         0.00         0.00        29.07         28.93     1,017.15       258.99     1,276.14        30.07     1,246.07
7927          1.00         0.00         0.00         0.00         0.00         0.00         0.00         0.00         0.00        39.46         0.00        18.65          0.00     1,464.38       223.22     1,687.60        59.11     1,628.49
5549          1.00         0.00         0.00         0.00         0.00         0.00         0.00         0.00         0.00         0.00         0.00        31.96          7.76     1,136.63       294.54     1,431.17        32.96     1,398.21
7874          0.00         0.00         0.00         0.00         0.00         0.00         0.00         0.00         0.00         0.00         0.00         0.00          0.00         0.00         0.00         0.00         0.00         0.00
0854          1.00         0.00         0.00         0.00         0.00       332.71         0.00         0.00         0.00       140.84         0.00        41.65          0.00     1,814.97       437.40     2,252.37       516.20     1,736.17
7295          1.00         0.00         0.00         0.00         0.00         0.00         0.00         0.00         0.00         0.00         0.00        30.97         43.93       914.15       170.99     1,085.14        31.97     1,053.17
6832          0.00         0.00         0.00         0.00         0.00         0.00         0.00         0.00         0.00         0.00         0.00         0.00          0.00         0.00         0.00         0.00         0.00         0.00
4807          1.00         0.00         0.00         0.00         0.00         0.00         0.00         0.00         0.00       510.35         0.00       112.04          0.00     3,783.66       586.18     4,369.84       623.39     3,746.45
7952          1.00         0.00         0.00         0.00         0.00         0.00       120.51       120.51         0.00         0.00         0.00        14.02         38.87       947.12       170.74     1,117.86       256.04       861.82
6821          1.00         0.00         0.00         0.00         0.00         0.00         0.00         0.00         0.00         0.00         0.00        28.55         17.17     1,178.13       302.51     1,480.64        29.55     1,451.09
3169          1.00         0.00         0.00         0.00         0.00         0.00         0.00         0.00         0.00         0.00         0.00        25.86         35.53       914.15       332.76     1,246.91        26.86     1,220.05
7930          0.00         0.00         0.00         0.00         0.00         0.00       432.60         0.00         0.00         0.00         0.00        12.76         58.40       869.54        58.40       927.94       445.36       482.58
7947          1.00         0.00         0.00         0.00         0.00         0.00         0.00         0.00         0.00         0.00         0.00        18.65         27.32     1,042.36       199.04     1,241.40        19.65     1,221.75
4514          1.00         0.00         0.00         0.00         0.00       364.81         0.00         0.00         0.00        23.03         0.00        34.49          0.00     1,355.64       241.83     1,597.47       423.33     1,174.14
6379          1.00         0.00         0.00         0.00         0.00         0.00         0.00         0.00         0.00         0.00         0.00        18.65         46.28       871.38       166.50     1,037.88        19.65     1,018.23
7814          1.00         0.00         0.00         0.00         0.00         0.00         0.00         0.00         0.00         0.00         0.00        26.09         29.77     1,004.04       172.81     1,176.85        27.09     1,149.76
7754          1.00         0.00         0.00         0.00         0.00         0.00         0.00         0.00         0.00         0.00         0.00        21.82         38.26       871.38       158.48     1,029.86        22.82     1,007.04
7717          1.00         0.00         0.00         0.00         0.00         0.00         0.00         0.00         0.00        27.06         0.00        33.96          0.00     1,305.66       189.70     1,495.36        62.02     1,433.34

















































EJECUTIVOS EN SERVICIOS DE ALIMENTOS, S.A. DE C.V.                                                                      Pagina: 0004
R.F.C.:                                                                                                                    2/NOV/19
REPORTE DE SUELDOS SEMANALES DEDUCCIONES


 
Codigo Desc Vales   Desc Zapatos Otras Deducc Desc Fonacot Pension Alim Desc Infonav Faltas       Inca Enferme Inca Riesgo  ISPT         Ajus ISPT    IMSS          Sub P/Empleo Tot Per Grav Tot Per Exce Total Percep Total Deducc Neto Pagado
..........................................................................................................................................................................................................................................
6014          1.00         0.00         0.00         0.00         0.00         0.00         0.00         0.00         0.00         4.10         0.00        32.26          0.00     1,355.64       197.70     1,553.34        37.36     1,515.98
7775          1.00         0.00         0.00         0.00         0.00         0.00       144.20         0.00         0.00         0.00         0.00        22.75         52.93       798.18       161.97       960.15       167.95       792.20
7715          1.00         0.00         0.00         0.00         0.00         0.00       120.51         0.00         0.00         0.00         0.00        25.64         39.43       909.38       274.36     1,183.74       147.15     1,036.59
3827          1.00         0.00         0.00         0.00         0.00         0.00         0.00         0.00         0.00         0.00         0.00        29.36         20.88     1,041.31       263.31     1,304.62        30.36     1,274.26
5412          1.00         0.00         0.00         0.00         0.00         0.00         0.00         0.00         0.00         0.00         0.00        30.21         36.17       904.15       163.23     1,067.38        31.21     1,036.17
4504          1.00         0.00         0.00         0.00         0.00         0.00         0.00         0.00         0.00       193.63         0.00        73.23          0.00     2,199.89       318.38     2,518.27       267.86     2,250.41
7395          1.00         0.00         0.00         0.00         0.00         0.00         0.00         0.00         0.00         0.00         0.00        31.86         32.34       964.06       167.38     1,131.44        32.86     1,098.58
0214          1.00         0.00         0.00         0.00         0.00         0.00         0.00         0.00         0.00       547.57         0.00       110.55          0.00     3,957.91       760.43     4,718.34       659.12     4,059.22
7849          1.00         0.00         0.00         0.00         0.00         0.00       288.40         0.00         0.00         0.00         0.00        15.93         65.71       769.22       137.84       907.06       305.33       601.73
6321          0.00         0.00         0.00         0.00         0.00         0.00         0.00         0.00         0.00         0.00         0.00         0.00          0.00         0.00         0.00         0.00         0.00         0.00
5232          1.00         0.00         0.00         0.00         0.00         0.00         0.00         0.00         0.00        59.19         0.00        46.41          0.00     1,601.02       297.54     1,898.56       106.60     1,791.96
4958          1.00         0.00         0.00         0.00         0.00         0.00         0.00         0.00         0.00         0.00         0.00        30.51         35.53       914.15       162.59     1,076.74        31.51     1,045.23
7880          1.00         0.00         0.00         0.00         0.00         0.00         0.00         0.00         0.00         0.00         0.00        23.58         12.83     1,061.67       152.36     1,214.03        24.58     1,189.45
3979          1.00         0.00         0.00         0.00         0.00         0.00         0.00         0.00         0.00       420.97         0.00       103.06          0.00     3,365.20       519.23     3,884.43       525.03     3,359.40
7902          1.00         0.00         0.00         0.00         0.00         0.00         0.00         0.00         0.00         0.00         0.00        18.65          6.12     1,087.42       171.40     1,258.82        19.65     1,239.17
0442          1.00         0.00         0.00         0.00         0.00         0.00         0.00         0.00         0.00        40.66         0.00        34.10          0.00     1,430.74       435.51     1,866.25        75.76     1,790.49
7857          1.00         0.00         0.00         0.00         0.00         0.00       193.48         0.00         0.00       103.67         0.00        42.18          0.00     1,666.81       310.94     1,977.75       340.33     1,637.42
7330          0.00         0.00         0.00         0.00         0.00         0.00         0.00         0.00         0.00         0.00         0.00         0.00          0.00         0.00         0.00         0.00         0.00         0.00
7719          1.00         0.00         0.00         0.00         0.00         0.00         0.00         0.00         0.00         0.00         0.00        30.56         35.53       914.15       162.59     1,076.74        31.56     1,045.18
7961          0.00         0.00         0.00         0.00         0.00         0.00         0.00         0.00         0.00         0.00         0.00         0.00          0.00         0.00         0.00         0.00         0.00         0.00
7846          1.00         0.00         0.00         0.00         0.00         0.00         0.00         0.00         0.00         0.00         0.00        24.24         22.64     1,014.04       165.68     1,179.72        25.24     1,154.48
7421          1.00         0.00         0.00         0.00         0.00         0.00       361.53         0.00         0.00         0.00         0.00        19.99         58.19       864.92       199.15     1,064.07       382.52       681.55
7928          1.00         0.00         0.00         0.00         0.00         0.00         0.00         0.00         0.00         0.00         0.00        18.65         45.51       861.38       165.73     1,027.11        19.65     1,007.46
7950          0.00         0.00         0.00         0.00         0.00         0.00         0.00         0.00         0.00         0.00         0.00         0.00          0.00         0.00         0.00         0.00         0.00         0.00
7823          1.00         0.00         0.00         0.00         0.00         0.00         0.00         0.00         0.00         0.00         0.00        21.33         38.26       871.38       158.48     1,029.86        22.33     1,007.53
7298          1.00         0.00         0.00         0.00         0.00         0.00         0.00         0.00         0.00        45.99         0.00        36.47          0.00     1,479.76       365.92     1,845.68        83.46     1,762.22
5396          1.00         0.00         0.00         0.00         0.00         0.00         0.00         0.00         0.00         0.00         0.00        33.69         33.06       952.78       283.82     1,236.60        34.69     1,201.91
5704          1.00         0.00         0.00         0.00         0.00         0.00         0.00         0.00         0.00        24.04         0.00        32.96          0.00     1,364.95       199.19     1,564.14        58.00     1,506.14
7503          1.00         0.00         0.00         0.00         0.00         0.00         0.00         0.00         0.00         0.00         0.00        18.65         26.78     1,057.14       224.25     1,281.39        19.65     1,261.74
7588          1.00         0.00         0.00         0.00         0.00         0.00         0.00         0.00         0.00         0.00         0.00        30.74         35.42       914.15       162.48     1,076.63        31.74     1,044.89
7948          1.00         0.00         0.00         0.00         0.00         0.00       241.02         0.00         0.00         0.00         0.00        14.72         47.13       781.31       127.50       908.81       256.74       652.07
7821          1.00         0.00         0.00         0.00         0.00         0.00         0.00         0.00         0.00         0.00         0.00        30.22         36.15     1,014.04       179.19     1,193.23        31.22     1,162.01
5588          1.00         0.00         0.00         0.00         0.00         0.00         0.00         0.00         0.00         0.00         0.00        27.74         35.53       914.15       162.59     1,076.74        28.74     1,048.00
6203          1.00         0.00         0.00         0.00         0.00         0.00         0.00         0.00       361.53         0.00         0.00        13.91         82.81       987.28       227.77     1,215.05       376.44       838.61
6582          1.00         0.00         0.00         0.00         0.00         0.00       144.20         0.00         0.00         0.00         0.00        23.98         54.66       819.52       156.31       975.83       169.18       806.65
7392          1.00         0.00         0.00         0.00         0.00         0.00         0.00         0.00         0.00         0.00         0.00        29.10         45.88       914.15       172.94     1,087.09        30.10     1,056.99
7226          1.00         0.00         0.00         0.00         0.00         0.00         0.00         0.00         0.00         0.00         0.00        32.96         29.13     1,014.04       204.10     1,218.14        33.96     1,184.18
7885          1.00         0.00         0.00         0.00         0.00         0.00         0.00         0.00         0.00        13.23         0.00        21.46          0.00     1,371.38       120.22     1,491.60        35.69     1,455.91
3326          1.00         0.00         0.00         0.00         0.00       352.72         0.00         0.00         0.00        47.98         0.00        37.79          0.00     1,498.02       220.48     1,718.50       439.49     1,279.01
7939          1.00         0.00         0.00         0.00         0.00         0.00       288.40         0.00         0.00         0.00         0.00        14.72         65.69       769.22       137.82       907.04       304.12       602.92
0449          1.00         0.00         0.00         0.00         0.00       447.60         0.00         0.00         0.00        18.51         0.00        46.29          0.00     1,314.04       143.04     1,457.08       513.40       943.68
6934          1.00         0.00         0.00         0.00         0.00         0.00         0.00         0.00         0.00       342.84         0.00        84.19          0.00     2,999.45       460.71     3,460.16       428.03     3,032.13
7137          1.00         0.00         0.00         0.00         0.00         0.00         0.00         0.00         0.00        52.38         0.00        36.53          0.00     1,538.38       199.19     1,737.57        89.91     1,647.66

















































EJECUTIVOS EN SERVICIOS DE ALIMENTOS, S.A. DE C.V.                                                                      Pagina: 0005
R.F.C.:                                                                                                                    2/NOV/19
REPORTE DE SUELDOS SEMANALES DEDUCCIONES


 
Codigo Desc Vales   Desc Zapatos Otras Deducc Desc Fonacot Pension Alim Desc Infonav Faltas       Inca Enferme Inca Riesgo  ISPT         Ajus ISPT    IMSS          Sub P/Empleo Tot Per Grav Tot Per Exce Total Percep Total Deducc Neto Pagado
..........................................................................................................................................................................................................................................
7951          1.00         0.00         0.00         0.00         0.00         0.00         0.00         0.00         0.00        47.08         0.00        32.52          0.00     1,489.76       219.16     1,708.92        80.60     1,628.32
7923          1.00         0.00         0.00         0.00         0.00         0.00       733.76         0.00         0.00         0.00         0.00        14.64        155.06       996.38       235.38     1,231.76       749.40       482.36
6682          1.00         0.00         0.00         0.00         0.00         0.00       144.20         0.00         0.00         0.00         0.00        18.36         50.49       785.30       146.66       931.96       163.56       768.40
7957          0.00         0.00         0.00         0.00         0.00         0.00         0.00         0.00         0.00         0.00         0.00         0.00          0.00         0.00         0.00         0.00         0.00         0.00
1269          1.00         0.00         0.00         0.00         0.00         0.00         0.00         0.00         0.00         0.00         0.00        29.21         36.17       904.15       248.31     1,152.46        30.21     1,122.25
7890          1.00         0.00         0.00         0.00         0.00         0.00         0.00         0.00         0.00         0.00         0.00        21.46         38.26       871.38       209.98     1,081.36        22.46     1,058.90
1419          1.00         0.00         0.00         0.00         0.00       268.68         0.00         0.00         0.00        56.00         0.00        39.46          0.00     1,571.66       387.79     1,959.45       365.14     1,594.31
7887          1.00         0.00         0.00         0.00         0.00         0.00         0.00         0.00         0.00         2.24         0.00        20.06          0.00     1,371.38       120.22     1,491.60        23.30     1,468.30
3525          1.00         0.00         0.00         0.00         0.00         0.00         0.00         0.00         0.00         0.05         0.00        32.51          0.00     1,144.45       163.91     1,308.36        33.56     1,274.80
6885          1.00         0.00         0.00         0.00         0.00         0.00         0.00         0.00         0.00         0.21         0.00        32.74          0.00     1,145.90       165.68     1,311.58        33.95     1,277.63
7893          1.00         0.00         0.00         0.00         0.00         0.00         0.00         0.00         0.00         0.00         0.00        19.98         31.77     1,025.88       190.61     1,216.49        20.98     1,195.51
7907          1.00         0.00         0.00         0.00         0.00         0.00       382.26         0.00         0.00         0.00         0.00        31.48        110.91     1,493.00       282.75     1,775.75       414.74     1,361.01
4775          1.00         0.00         0.00         0.00         0.00         0.00         0.00         0.00         0.00         0.00         0.00        30.17         36.16       904.15       333.39     1,237.54        31.17     1,206.37
4832          1.00         0.00         0.00         0.00         0.00         0.00         0.00         0.00         0.00         0.00         0.00        28.01         31.42       914.15       158.48     1,072.63        29.01     1,043.62
7824          1.00         0.00         0.00         0.00         0.00         0.00         0.00         0.00         0.00         0.00         0.00        26.99         38.26       871.38       158.48     1,029.86        27.99     1,001.87
3321          1.00         0.00         0.00         0.00         0.00         0.00         0.00         0.00         0.00       336.41         0.00        63.70          0.00     3,009.02       523.69     3,532.71       401.11     3,131.60
2112          1.00         0.00         0.00         0.00         0.00         0.00         0.00         0.00         0.00         0.00         0.00        30.84         52.76       914.15       264.90     1,179.05        31.84     1,147.21
0624          1.00         0.00         0.00         0.00         0.00         0.00         0.00         0.00         0.00       259.96         0.00        53.30          0.00     2,614.46       483.06     3,097.52       314.26     2,783.26
6877          1.00         0.00         0.00       194.15         0.00         0.00         0.00         0.00         0.00         0.00         0.00        30.78          8.00     1,134.45       281.67     1,416.12       225.93     1,190.19
4385          1.00         0.00         0.00         0.00         0.00         0.00         0.00         0.00         0.00        48.73         0.00        35.42          0.00     1,504.95       332.57     1,837.52        85.15     1,752.37
0366          1.00         0.00         0.00         0.00         0.00         0.00         0.00         0.00         0.00       343.09         0.00        86.30          0.00     3,000.58       462.49     3,463.07       430.39     3,032.68
7917          1.00         0.00         0.00         0.00         0.00         0.00         0.00         0.00         0.00         0.00         0.00        18.65         38.27       871.38       158.49     1,029.87        19.65     1,010.22
6206          1.00         0.00         0.00         0.00         0.00         0.00         0.00         0.00         0.00        69.21         0.00        31.37          0.00     1,693.11       308.62     2,001.73       101.58     1,900.15
4366          1.00         0.00         0.00         0.00         0.00         0.00       120.51         0.00         0.00         0.00         0.00        26.61         38.31       915.61       157.85     1,073.46       148.12       925.34
7618          1.00         0.00         0.00         0.00         0.00         0.00         0.00         0.00         0.00         0.00         0.00        24.89         30.17       997.84       269.27     1,267.11        25.89     1,241.22
 
*** GLO     180.00         0.00       850.00     1,045.46         0.00     5,790.53     7,838.14       120.51       361.53     7,833.17         0.00     5,703.05      4,510.03   232,838.60                278,260.38    29,722.39   248,537.99
  
































































