EJECUTIVOS EN SERVICIOS DE ALIMENTOS, S.A. DE C.V.                                                                      Pagina: 0001
R.F.C.:                                                                                                                    2/NOV/19
REPORTE DE SUELDOS SEMANALES DEDUCCIONES


 
Codigo Desc Vales   Desc Zapatos Otras Deducc Desc Fonacot Pension Alim Desc Infonav Faltas       Inca Enferme Inca Riesgo  ISPT         Ajus ISPT    IMSS          Sub P/Empleo Tot Per Grav Tot Per Exce Total Percep Total Deducc Neto Pagado
..........................................................................................................................................................................................................................................
7840          1.00         0.00         0.00         0.00         0.00         0.00       228.70         0.00         0.00        53.67         0.00        44.42          0.00     1,553.84       205.62     1,759.46       327.79     1,431.67
7505          1.00         0.00        43.33         0.00         0.00         0.00         0.00         0.00         0.00       278.62         0.00        24.12          0.00     3,014.04       143.04     3,157.08       347.07     2,810.01
6600          1.00         0.00         0.00         0.00         0.00         0.00         0.00         0.00         0.00       235.92         0.00        20.07          0.00     2,861.38       120.22     2,981.60       256.99     2,724.61
7685          1.00         0.00         0.00         0.00         0.00         0.00         0.00         0.00         0.00       272.52         0.00        27.04          0.00     2,967.95       268.27     3,236.22       300.56     2,935.66
7331          1.00         0.00         0.00         0.00         0.00         0.00         0.00         0.00         0.00       244.12         0.00        23.71          0.00     3,013.00       274.72     3,287.72       268.83     3,018.89
5933          1.00         0.00         0.00         0.00         0.00         0.00         0.00         0.00         0.00       263.10         0.00        27.01          0.00     2,871.38       120.22     2,991.60       291.11     2,700.49
7170          1.00         0.00         0.00         0.00         0.00         0.00         0.00         0.00         0.00       288.32         0.00        30.70          0.00     3,103.13       158.84     3,261.97       320.02     2,941.95
5201          1.00         0.00         0.00         0.00         0.00       312.81         0.00         0.00         0.00        40.30         0.00        36.20          0.00     1,427.46       209.19     1,636.65       390.31     1,246.34
3890          1.00         0.00         0.00         0.00         0.00         0.00         0.00         0.00         0.00       178.37         0.00        54.71          0.00     2,104.51       319.12     2,423.63       234.08     2,189.55
7834          1.00         0.00         0.00         0.00         0.00         0.00         0.00         0.00         0.00       289.37         0.00        23.59          0.00     3,014.04       143.04     3,157.08       313.96     2,843.12
7851          1.00         0.00         0.00         0.00         0.00         0.00         0.00         0.00         0.00         0.00         0.00        18.65         38.27       871.38       158.49     1,029.87        19.65     1,010.22
7867          0.00         0.00         0.00         0.00         0.00         0.00       144.20         0.00         0.00         0.00         0.00        18.75         74.15       350.01        74.15       424.16       162.95       261.21
3652          1.00         0.00         0.00         0.00         0.00       380.99         0.00         0.00         0.00       305.30         0.00        51.13          0.00     2,897.87       521.41     3,419.28       738.42     2,680.86
1123          1.00         0.00         0.00         0.00         0.00         0.00         0.00         0.00         0.00       284.03         0.00        48.57          0.00     2,939.50       616.38     3,555.88       333.60     3,222.28
4044          1.00         0.00         0.00         0.00         0.00         0.00         0.00         0.00         0.00        27.83         0.00        33.04          0.00     1,399.73       346.48     1,746.21        61.87     1,684.34
7593          1.00         0.00         0.00         0.00         0.00         0.00         0.00         0.00         0.00       243.54         0.00        26.65          0.00     3,013.00       223.22     3,236.22       271.19     2,965.03
7865          1.00         0.00         0.00         0.00         0.00         0.00         0.00         0.00         0.00         0.00         0.00        18.65         31.14       961.51       241.48     1,202.99        19.65     1,183.34
7866          1.00         0.00         0.00         0.00         0.00         0.00         0.00         0.00         0.00         0.00         0.00        18.65         79.39       316.92       145.32       462.24        19.65       442.59
7259          1.00         0.00         0.00         0.00         0.00         0.00         0.00         0.00         0.00       219.49         0.00        21.27          0.00     2,861.38       120.22     2,981.60       241.76     2,739.84
7312          1.00         0.00         0.00         0.00         0.00         0.00         0.00         0.00         0.00         0.00         0.00        23.16         32.40       964.06       167.44     1,131.50        24.16     1,107.34
7338          1.00         0.00         0.00         0.00         0.00         0.00         0.00         0.00         0.00       263.45         0.00        24.12          0.00     3,014.04       143.04     3,157.08       288.57     2,868.51
5677          1.00         0.00         0.00         0.00         0.00         0.00         0.00         0.00         0.00         4.53         0.00        33.57          0.00     1,249.66       285.17     1,534.83        39.10     1,495.73
7737          1.00         0.00         0.00         0.00         0.00         0.00       120.51         0.00         0.00         0.00         0.00        17.73         55.60       796.38       156.07       952.45       139.24       813.21
4008          1.00         0.00         0.00         0.00         0.00         0.00         0.00         0.00         0.00       211.36         0.00        47.32          0.00     2,310.69       397.85     2,708.54       259.68     2,448.86
6210          1.00         0.00         0.00         0.00         0.00         0.00         0.00         0.00         0.00         0.00         0.00        27.88         52.03       985.76       288.12     1,273.88        28.88     1,245.00
6213          1.00         0.00         0.00         0.00         0.00         0.00         0.00         0.00         0.00       249.68         0.00        25.36          0.00     3,004.04       143.04     3,147.08       276.04     2,871.04
7812          1.00         0.00         0.00         0.00         0.00         0.00         0.00         0.00         0.00         0.00         0.00        21.62         34.14       935.76       218.73     1,154.49        22.62     1,131.87
0849          1.00         0.00        10.00         0.00         0.00         0.00         0.00         0.00         0.00       286.78         0.00        28.63          0.00     3,089.04       143.04     3,232.08       326.41     2,905.67
7536          1.00         0.00         0.00         0.00         0.00         0.00         0.00         0.00         0.00         0.00         0.00        20.18         33.09       951.51       243.43     1,194.94        21.18     1,173.76
7430          1.00         0.00         0.00         0.00         0.00         0.00         0.00         0.00         0.00       192.55         0.00        69.76          0.00     2,193.16       410.21     2,603.37       263.31     2,340.06
5181          1.00         0.00         0.00         0.00         0.00         0.00         0.00         0.00         0.00       222.37         0.00        20.64          0.00     2,871.38       120.22     2,991.60       244.01     2,747.59
7655          1.00         0.00         0.00         0.00         0.00         0.00         0.00         0.00         0.00         0.00         0.00        22.54         47.52       964.38       270.74     1,235.12        23.54     1,211.58
7858          1.00         0.00         0.00         0.00         0.00         0.00       120.51         0.00         0.00         0.00         0.00        16.69         46.88       822.13       173.10       995.23       138.20       857.03
7057          1.00         0.00         0.00         0.00         0.00         0.00         0.00         0.00         0.00       262.01         0.00        23.94          0.00     2,861.38       120.22     2,981.60       286.95     2,694.65
5558          1.00         0.00         0.00         0.00         0.00         0.00         0.00         0.00         0.00         0.00         0.00        30.74         70.17     1,004.04       213.21     1,217.25        31.74     1,185.51
4746          1.00         0.00         0.00         0.00         0.00       337.44         0.00         0.00         0.00        51.46         0.00        34.99          0.00     1,616.97       321.38     1,938.35       424.89     1,513.46
7663          1.00         0.00        10.00         0.00         0.00         0.00         0.00         0.00         0.00         0.00         0.00        27.30          3.34     1,177.22       175.06     1,352.28        38.30     1,313.98
7407          1.00         0.00         0.00         0.00         0.00         0.00         0.00         0.00         0.00       270.64         0.00        29.01          0.00     3,103.13       158.84     3,261.97       300.65     2,961.32
7828          1.00         0.00         0.00         0.00         0.00         0.00         0.00         0.00         0.00       266.82         0.00        22.14          0.00     3,041.31       212.29     3,253.60       289.96     2,963.64
7773          1.00         0.00         0.00         0.00         0.00         0.00         0.00         0.00         0.00         0.00         0.00        21.02         31.77       987.25       229.24     1,216.49        22.02     1,194.47
7839          1.00         0.00         0.00         0.00         0.00         0.00         0.00         0.00         0.00       255.50         0.00        53.71          0.00     2,586.61       386.56     2,973.17       310.21     2,662.96
1424          1.00         0.00         0.00         0.00         0.00       457.22         0.00         0.00         0.00       274.61         0.00        96.37          0.00     2,679.97       958.15     3,638.12       829.20     2,808.92
5280          1.00         0.00         0.00       362.10         0.00       435.11         0.00         0.00         0.00       152.33         0.00        48.39          0.00     1,920.48       289.67     2,210.15       998.93     1,211.22

















































EJECUTIVOS EN SERVICIOS DE ALIMENTOS, S.A. DE C.V.                                                                      Pagina: 0002
R.F.C.:                                                                                                                    2/NOV/19
REPORTE DE SUELDOS SEMANALES DEDUCCIONES


 
Codigo Desc Vales   Desc Zapatos Otras Deducc Desc Fonacot Pension Alim Desc Infonav Faltas       Inca Enferme Inca Riesgo  ISPT         Ajus ISPT    IMSS          Sub P/Empleo Tot Per Grav Tot Per Exce Total Percep Total Deducc Neto Pagado
..........................................................................................................................................................................................................................................
7742          1.00         0.00         0.00         0.00         0.00         0.00         0.00         0.00         0.00         0.00         0.00        19.82         29.85       861.38       150.07     1,011.45        20.82       990.63
7853          1.00         0.00         0.00         0.00         0.00         0.00         0.00         0.00         0.00         0.00         0.00        18.65         32.49       961.50       255.71     1,217.21        19.65     1,197.56
6461          1.00         0.00       200.00         0.00         0.00         0.00         0.00         0.00         0.00         3.00         0.00        30.67          0.00     1,235.56       266.37     1,501.93       234.67     1,267.26
6765          1.00         0.00       300.00         0.00         0.00         0.00         0.00         0.00         0.00        41.68         0.00        35.47          0.00     1,527.04       281.56     1,808.60       378.15     1,430.45
7694          0.00         0.00         0.00         0.00         0.00         0.00       482.04         0.00         0.00         0.00         0.00        12.80         70.79       791.33        70.79       862.12       494.84       367.28
5000          1.00         0.00         0.00         0.00         0.00         0.00         0.00         0.00         0.00         0.00         0.00        29.00          3.52     1,175.52       210.95     1,386.47        30.00     1,356.47
5644          1.00         0.00       150.00         0.00         0.00       331.25         0.00         0.00         0.00        35.17         0.00        29.88          0.00     1,467.23       296.26     1,763.49       547.30     1,216.19
6638          1.00         0.00         0.00         0.00         0.00         0.00         0.00         0.00         0.00       261.44         0.00        21.08          0.00     2,871.38       120.22     2,991.60       283.52     2,708.08
7800          1.00         0.00         0.00         0.00         0.00         0.00         0.00         0.00         0.00         0.00         0.00        20.31         30.02     1,000.13       330.49     1,330.62        21.31     1,309.31
6690          1.00         0.00         0.00         0.00         0.00         0.00         0.00         0.00         0.00       244.41         0.00        21.32          0.00     2,957.95       216.77     3,174.72       266.73     2,907.99
7168          1.00         0.00         0.00         0.00         0.00         0.00         0.00         0.00         0.00         0.00         0.00        28.78         38.35       871.38       210.07     1,081.45        29.78     1,051.67
7786          1.00         0.00         0.00         0.00         0.00         0.00         0.00         0.00         0.00       219.49         0.00        20.19          0.00     2,861.38       120.22     2,981.60       240.68     2,740.92
4314          1.00         0.00         0.00         0.00         0.00         0.00         0.00         0.00         0.00       222.17         0.00        60.16          0.00     2,378.24       393.60     2,771.84       283.33     2,488.51
7848          1.00         0.00         0.00         0.00         0.00         0.00         0.00         0.00         0.00         0.00         0.00        18.65         42.53       912.88       265.75     1,178.63        19.65     1,158.98
7632          1.00         0.00         0.00         0.00         0.00         0.00         0.00         0.00         0.00       260.64         0.00        26.13          0.00     3,122.44       236.09     3,358.53       287.77     3,070.76
6504          1.00         0.00         0.00         0.00         0.00         0.00         0.00         0.00         0.00       156.24         0.00        22.83          0.00     2,570.38       158.84     2,729.22       180.07     2,549.15
7801          1.00         0.00         0.00         0.00         0.00         0.00         0.00         0.00         0.00       226.97         0.00        21.88          0.00     2,871.38       120.22     2,991.60       249.85     2,741.75
7604          1.00         0.00         0.00         0.00         0.00         0.00         0.00         0.00         0.00         0.00         0.00        21.40         26.83       910.01       185.67     1,095.68        22.40     1,073.28
7061          1.00         0.00         0.00         0.00         0.00         0.00         0.00         0.00         0.00        14.84         0.00        30.29          0.00     1,280.36       158.84     1,439.20        46.13     1,393.07
7805          0.00         0.00         0.00         0.00         0.00         0.00         0.00         0.00         0.00         0.00         0.00         0.00          0.00         0.00         0.00         0.00         0.00         0.00
7847          1.00         0.00         0.00         0.00         0.00         0.00         0.00         0.00         0.00         0.00         0.00        18.65         38.90       861.38       159.12     1,020.50        19.65     1,000.85
7633          1.00         0.00         0.00         0.00         0.00         0.00         0.00         0.00         0.00       222.36         0.00        22.99          0.00     2,861.38       120.22     2,981.60       246.35     2,735.25
7428          1.00         0.00         0.00         0.00         0.00         0.00         0.00         0.00         0.00       237.35         0.00        25.15          0.00     2,961.50       171.72     3,133.22       263.50     2,869.72
2897          1.00         0.00         0.00         0.00         0.00         0.00         0.00         0.00         0.00       219.49         0.00        19.86          0.00     2,861.38       120.22     2,981.60       240.35     2,741.25
7871          1.00         0.00         0.00         0.00         0.00         0.00         0.00         0.00         0.00         0.00         0.00        10.66         34.47       350.55        82.55       433.10        11.66       421.44
7558          1.00         0.00         0.00         0.00         0.00         0.00         0.00         0.00         0.00       263.44         0.00        23.03          0.00     3,103.13       236.09     3,339.22       287.47     3,051.75
6360          1.00         0.00         0.00         0.00         0.00         0.00         0.00         0.00         0.00         0.00         0.00        21.39         35.45       916.44       415.41     1,331.85        22.39     1,309.46
7614          1.00         0.00         0.00         0.00         0.00         0.00         0.00         0.00         0.00       173.89         0.00        30.06          0.00     2,118.68       415.46     2,534.14       204.95     2,329.19
3318          1.00         0.00         0.00         0.00         0.00       500.52         0.00         0.00         0.00       179.46         0.00        60.38          0.00     2,183.88       313.42     2,497.30       741.36     1,755.94
7804          1.00         0.00         0.00         0.00         0.00         0.00         0.00         0.00         0.00       125.51         0.00        39.55          0.00     1,830.44       392.42     2,222.86       166.06     2,056.80
5139          1.00         0.00         0.00         0.00         0.00       759.20         0.00         0.00         0.00       314.84         0.00        84.29          0.00     2,888.09       393.88     3,281.97     1,159.33     2,122.64
6083          1.00         0.00         0.00         0.00         0.00         0.00         0.00         0.00         0.00       348.94         0.00        29.84          0.00     3,538.22       362.44     3,900.66       379.78     3,520.88
6766          1.00         0.00         0.00         0.00         0.00         0.00         0.00         0.00         0.00         0.00         0.00        26.31          6.28     1,150.22       198.41     1,348.63        27.31     1,321.32
4137          1.00         0.00         0.00         0.00         0.00         0.00         0.00         0.00         0.00       371.81         0.00       137.60          0.00     3,135.04       482.40     3,617.44       510.41     3,107.03
7542          1.00         0.00         0.00         0.00         0.00         0.00         0.00         0.00         0.00       281.09         0.00        26.38          0.00     3,103.13       158.84     3,261.97       308.47     2,953.50
7756          1.00         0.00         0.00         0.00         0.00         0.00         0.00         0.00         0.00         0.00         0.00        22.59         28.39     1,025.88       264.48     1,290.36        23.59     1,266.77
3780          1.00         0.00         0.00         0.00         0.00         0.00         0.00         0.00         0.00        98.72         0.00        37.18          0.00     1,964.30       413.00     2,377.30       136.90     2,240.40
6205          1.00         0.00         0.00         0.00         0.00         0.00         0.00         0.00         0.00       185.84         0.00        24.81          0.00     2,500.13       199.41     2,699.54       211.65     2,487.89
5027          1.00         0.00         0.00         0.00         0.00         0.00         0.00         0.00         0.00       528.33         0.00        34.61          0.00     3,230.04       143.04     3,373.08       563.94     2,809.14
7791          1.00         0.00         0.00         0.00         0.00         0.00         0.00         0.00         0.00       274.31         0.00        21.37          0.00     2,974.38       223.22     3,197.60       296.68     2,900.92
7818          1.00         0.00         0.00         0.00         0.00         0.00         0.00         0.00         0.00         0.00         0.00        24.46         49.98     1,004.04       193.02     1,197.06        25.46     1,171.60
7815          1.00         0.00         0.00         0.00         0.00         0.00         0.00         0.00         0.00       219.49         0.00        19.81          0.00     2,861.38       120.22     2,981.60       240.30     2,741.30
6839          1.00         0.00         0.00         0.00         0.00         0.00         0.00         0.00         0.00         0.00         0.00        25.71         32.50       961.51       242.84     1,204.35        26.71     1,177.64

















































EJECUTIVOS EN SERVICIOS DE ALIMENTOS, S.A. DE C.V.                                                                      Pagina: 0003
R.F.C.:                                                                                                                    2/NOV/19
REPORTE DE SUELDOS SEMANALES DEDUCCIONES


 
Codigo Desc Vales   Desc Zapatos Otras Deducc Desc Fonacot Pension Alim Desc Infonav Faltas       Inca Enferme Inca Riesgo  ISPT         Ajus ISPT    IMSS          Sub P/Empleo Tot Per Grav Tot Per Exce Total Percep Total Deducc Neto Pagado
..........................................................................................................................................................................................................................................
5646          1.00         0.00         0.00         0.00         0.00         0.00         0.00         0.00         0.00       263.10         0.00        26.98          0.00     2,871.38       120.22     2,991.60       291.08     2,700.52
7708          1.00         0.00         0.00         0.00         0.00         0.00         0.00         0.00         0.00       231.18         0.00        21.39          0.00     2,910.01       158.84     3,068.85       253.57     2,815.28
7869          1.00         0.00         0.00         0.00         0.00         0.00         0.00         0.00         0.00         0.00         0.00        20.95         31.50       976.94       179.41     1,156.35        21.95     1,134.40
7852          1.00         0.00         0.00         0.00         0.00         0.00         0.00         0.00         0.00         0.00         0.00        18.65         38.91       861.38       159.13     1,020.51        19.65     1,000.86
5679          1.00         0.00         0.00         0.00         0.00         0.00         0.00         0.00         0.00        13.35         0.00        35.62          0.00     1,266.59       283.21     1,549.80        49.97     1,499.83
7530          1.00         0.00         0.00         0.00         0.00         0.00         0.00         0.00         0.00         0.00         0.00        25.35         25.91     1,064.51       262.00     1,326.51        26.35     1,300.16
6028          1.00         0.00         0.00         0.00         0.00       399.30         0.00         0.00         0.00        59.27         0.00        34.39          0.00     1,601.75       404.57     2,006.32       493.96     1,512.36
6565          1.00         0.00         0.00         0.00         0.00         0.00         0.00         0.00         0.00       241.48         0.00        27.42          0.00     2,935.76       184.59     3,120.35       269.90     2,850.45
7753          1.00         0.00         0.00         0.00         0.00         0.00         0.00         0.00         0.00         0.00         0.00        30.07         16.30     1,004.04       159.34     1,163.38        31.07     1,132.31
3676          1.00         0.00         0.00         0.00         0.00         0.00         0.00         0.00         0.00        89.03         0.00        35.79          0.00     1,799.26       422.66     2,221.92       125.82     2,096.10
3221          1.00         0.00         0.00         0.00         0.00         0.00         0.00         0.00         0.00        22.99         0.00        33.33          0.00     1,355.28       364.13     1,719.41        57.32     1,662.09
7741          1.00         0.00         0.00         0.00         0.00         0.00         0.00         0.00         0.00       219.49         0.00        19.83          0.00     2,861.38       120.22     2,981.60       240.32     2,741.28
7779          1.00         0.00         0.00         0.00         0.00         0.00         0.00         0.00         0.00         7.23         0.00        27.37          0.00     1,274.39       247.13     1,521.52        35.60     1,485.92
7269          1.00         0.00         0.00         0.00         0.00         0.00         0.00         0.00         0.00       222.37         0.00        25.38          0.00     2,871.38       120.22     2,991.60       248.75     2,742.85
7844          1.00         0.00         0.00         0.00         0.00         0.00         0.00         0.00         0.00         0.00         0.00        18.65         29.21     1,013.01       303.92     1,316.93        19.65     1,297.28
7845          1.00         0.00         0.00         0.00         0.00         0.00         0.00         0.00         0.00        32.44         0.00        22.22          0.00     1,475.04       310.41     1,785.45        55.66     1,729.79
2522          1.00         0.00         0.00         0.00         0.00         0.00         0.00         0.00         0.00       260.64         0.00        27.19          0.00     3,122.44       236.09     3,358.53       288.83     3,069.70
7856          1.00         0.00         0.00         0.00         0.00         0.00         0.00         0.00         0.00         0.00         0.00        18.65         47.50       814.10       179.37       993.47        19.65       973.82
0236          1.00         0.00         0.00         0.00         0.00       523.01         0.00         0.00         0.00       181.21         0.00        68.68          0.00     2,122.34       417.03     2,539.37       773.90     1,765.47
7080          1.00         0.00         0.00         0.00         0.00         0.00         0.00         0.00         0.00        95.67         0.00        39.91          0.00     1,399.73       346.48     1,746.21       136.58     1,609.63
5965          1.00         0.00         0.00         0.00         0.00         0.00         0.00         0.00         0.00         8.12         0.00        31.39          0.00     1,282.63       222.74     1,505.37        40.51     1,464.86
5447          1.00         0.00         0.00         0.00         0.00         0.00         0.00         0.00         0.00       223.74         0.00        26.90          0.00     2,765.63       168.79     2,934.42       251.64     2,682.78
6685          1.00         0.00         0.00         0.00         0.00         0.00         0.00         0.00         0.00       334.19         0.00        22.26          0.00     3,257.63       236.09     3,493.72       357.45     3,136.27
5549          1.00         0.00         0.00         0.00         0.00         0.00         0.00         0.00         0.00       222.94         0.00        24.52          0.00     2,871.38       171.72     3,043.10       248.46     2,794.64
7860          1.00         0.00         0.00         0.00         0.00         0.00       241.02         0.00         0.00         0.00         0.00        16.54         38.27       959.15       218.68     1,177.83       258.56       919.27
0854          1.00         0.00         0.00         0.00         0.00       326.19         0.00         0.00         0.00       378.36         0.00        38.44          0.00     2,155.74       382.73     2,538.47       743.99     1,794.48
7295          1.00         0.00         0.00         0.00         0.00         0.00         0.00         0.00         0.00       253.34         0.00        26.94          0.00     3,103.13       158.84     3,261.97       281.28     2,980.69
6832          1.00         0.00         0.00         0.00         0.00         0.00         0.00         0.00         0.00       301.63         0.00        26.02          0.00     3,225.45       351.96     3,577.41       328.65     3,248.76
4807          1.00         0.00         0.00         0.00         0.00         0.00         0.00         0.00         0.00       510.35         0.00       161.30          0.00     3,783.66       564.20     4,347.86       672.65     3,675.21
6821          1.00         0.00         0.00         0.00         0.00         0.00         0.00         0.00         0.00         0.00         0.00        38.56          9.61     1,119.61       171.14     1,290.75        39.56     1,251.19
7870          1.00         0.00         0.00         0.00         0.00         0.00         0.00         0.00         0.00         0.00         0.00        15.99         57.45       436.76       117.73       554.49        16.99       537.50
7850          1.00         0.00        10.00         0.00         0.00         0.00         0.00         0.00         0.00         0.00         0.00        18.65         16.02     1,219.01       174.86     1,393.87        29.65     1,364.22
7862          1.00         0.00         0.00         0.00         0.00         0.00         0.00         0.00         0.00         0.00         0.00        20.95         27.39     1,041.31       201.05     1,242.36        21.95     1,220.41
3169          1.00         0.00         0.00         0.00         0.00         0.00         0.00         0.00         0.00       145.39         0.00        25.48          0.00     2,483.82       274.71     2,758.53       171.87     2,586.66
4514          1.00         0.00         0.00         0.00         0.00       550.29         0.00         0.00         0.00        28.03         0.00        53.47          0.00     1,401.62       250.20     1,651.82       632.79     1,019.03
7814          1.00         0.00         0.00         0.00         0.00         0.00         0.00         0.00         0.00         0.00         0.00        23.34         30.23     1,004.04       173.27     1,177.31        24.34     1,152.97
7104          1.00         0.00         0.00         0.00         0.00         0.00         0.00         0.00         0.00       277.24         0.00        27.29          0.00     3,004.04       143.04     3,147.08       305.53     2,841.55
7754          1.00         0.00         0.00         0.00         0.00         0.00         0.00         0.00         0.00         0.00         0.00        18.65         30.44     1,025.88       189.28     1,215.16        19.65     1,195.51
7717          1.00         0.00         0.00         0.00         0.00         0.00         0.00         0.00         0.00        65.35         0.00        33.88          0.00     1,744.67       252.41     1,997.08       100.23     1,896.85
6014          1.00         0.00         0.00         0.00         0.00         0.00         0.00         0.00         0.00         4.80         0.00        27.02          0.00     1,252.03       283.95     1,535.98        32.82     1,503.16
7775          1.00         0.00         0.00         0.00         0.00         0.00         0.00         0.00         0.00       244.53         0.00        20.97          0.00     3,054.51       236.09     3,290.60       266.50     3,024.10
7551          1.00         0.00         0.00         0.00         0.00         0.00         0.00         0.00         0.00        14.84         0.00        30.29          0.00     1,280.36       158.84     1,439.20        46.13     1,393.07
7715          1.00         0.00         0.00         0.00         0.00         0.00         0.00         0.00         0.00       225.17         0.00        24.65          0.00     2,897.13       197.47     3,094.60       250.82     2,843.78

















































EJECUTIVOS EN SERVICIOS DE ALIMENTOS, S.A. DE C.V.                                                                      Pagina: 0004
R.F.C.:                                                                                                                    2/NOV/19
REPORTE DE SUELDOS SEMANALES DEDUCCIONES


 
Codigo Desc Vales   Desc Zapatos Otras Deducc Desc Fonacot Pension Alim Desc Infonav Faltas       Inca Enferme Inca Riesgo  ISPT         Ajus ISPT    IMSS          Sub P/Empleo Tot Per Grav Tot Per Exce Total Percep Total Deducc Neto Pagado
..........................................................................................................................................................................................................................................
3827          1.00         0.00         0.00         0.00         0.00         0.00         0.00         0.00         0.00       297.43         0.00        27.68          0.00     3,095.11       323.38     3,418.49       326.11     3,092.38
5412          1.00         0.00         0.00         0.00         0.00         0.00         0.00         0.00         0.00       238.02         0.00        20.32          0.00     3,015.88       274.72     3,290.60       259.34     3,031.26
4504          1.00         0.00         0.00         0.00         0.00         0.00         0.00         0.00         0.00     1,150.21         0.00        57.11          0.00     7,156.48       318.38     7,474.86     1,208.32     6,266.54
7395          1.00         0.00         0.00         0.00         0.00         0.00         0.00         0.00         0.00       289.37         0.00        26.40          0.00     3,112.80       405.41     3,518.21       316.77     3,201.44
0214          1.00         0.00         0.00         0.00         0.00         0.00         0.00         0.00         0.00       510.36         0.00       161.69          0.00     3,783.66       695.04     4,478.70       673.05     3,805.65
7849          1.00         0.00         0.00         0.00         0.00         0.00         0.00         0.00         0.00         0.00         0.00        18.65         33.96       938.63       231.43     1,170.06        19.65     1,150.41
6321          1.00         0.00         0.00         0.00         0.00         0.00         0.00         0.00         0.00       241.89         0.00        27.12          0.00     2,934.17       130.26     3,064.43       270.01     2,794.42
5232          1.00         0.00         0.00         0.00         0.00         0.00         0.00         0.00         0.00       604.62         0.00        33.46          0.00     3,583.44       143.04     3,726.48       639.08     3,087.40
4958          1.00         0.00         0.00         0.00         0.00         0.00         0.00         0.00         0.00       228.13         0.00        26.83          0.00     2,871.38       120.22     2,991.60       255.96     2,735.64
3979          1.00         0.00         0.00         0.00         0.00         0.00         0.00         0.00         0.00       420.98         0.00       152.85          0.00     3,365.20       519.23     3,884.43       574.83     3,309.60
7854          1.00         0.00         0.00         0.00         0.00         0.00         0.00         0.00         0.00         0.00         0.00        18.65         38.26       871.38       158.48     1,029.86        19.65     1,010.21
0442          1.00         0.00         0.00         0.00         0.00         0.00         0.00         0.00         0.00        66.23         0.00        38.94          0.00     1,665.72       325.27     1,990.99       106.17     1,884.82
7699          1.00         0.00         0.00         0.00         0.00         0.00         0.00         0.00         0.00         0.00         0.00        21.33         38.51       974.38       223.10     1,197.48        22.33     1,175.15
7857          1.00         0.00         0.00         0.00         0.00         0.00         0.00         0.00         0.00       151.39         0.00        42.38          0.00     1,911.86       436.41     2,348.27       194.77     2,153.50
7330          0.00         0.00         0.00         0.00         0.00         0.00         0.00         0.00         0.00         0.00         0.00         0.00          0.00         0.00         0.00         0.00         0.00         0.00
7719          1.00         0.00         0.00         0.00         0.00         0.00         0.00         0.00         0.00       263.10         0.00        24.25          0.00     2,871.38       120.22     2,991.60       288.35     2,703.25
7846          1.00         0.00         0.00         0.00         0.00         0.00         0.00         0.00         0.00         0.00         0.00        22.22         29.13     1,014.04       172.17     1,186.21        23.22     1,162.99
7421          1.00         0.00         0.00         0.00         0.00         0.00         0.00         0.00         0.00       266.07         0.00        25.43          0.00     2,922.88       171.72     3,094.60       292.50     2,802.10
7776          1.00         0.00         0.00         0.00         0.00         0.00         0.00         0.00         0.00       219.49         0.00        19.83          0.00     2,861.38       120.22     2,981.60       240.32     2,741.28
7823          1.00         0.00         0.00         0.00         0.00         0.00         0.00         0.00         0.00         0.00         0.00        21.38         35.78       910.01       194.62     1,104.63        22.38     1,082.25
7298          1.00         0.00         0.00         0.00         0.00         0.00         0.00         0.00         0.00        63.56         0.00        48.33          0.00     1,565.12       304.51     1,869.63       112.89     1,756.74
7758          1.00         0.00         0.00         0.00         0.00         0.00         0.00         0.00         0.00       226.57         0.00        24.01          0.00     2,910.01       158.84     3,068.85       251.58     2,817.27
5396          1.00         0.00       400.00         0.00         0.00         0.00         0.00         0.00         0.00       263.49         0.00        27.39          0.00     2,874.93       326.22     3,201.15       691.88     2,509.27
5704          1.00         0.00         0.00         0.00         0.00         0.00         0.00         0.00         0.00        21.67         0.00        37.09          0.00     1,343.12       197.29     1,540.41        59.76     1,480.65
7503          1.00         0.00         0.00         0.00         0.00         0.00       120.51         0.00         0.00         0.00         0.00        22.44         41.03       873.84       153.89     1,027.73       143.95       883.78
7588          1.00         0.00         0.00         0.00         0.00         0.00         0.00         0.00         0.00       279.91         0.00        27.94          0.00     3,025.88       158.84     3,184.72       308.85     2,875.87
7821          1.00         0.00         0.00         0.00         0.00         0.00         0.00         0.00         0.00       289.37         0.00        23.47          0.00     3,014.04       143.04     3,157.08       313.84     2,843.24
5588          1.00         0.00         0.00         0.00         0.00         0.00         0.00         0.00         0.00       235.38         0.00        21.45          0.00     2,948.63       197.47     3,146.10       257.83     2,888.27
6203          1.00         0.00         0.00         0.00         0.00         0.00         0.00       602.55         0.00         0.00         0.00         7.33        112.87       751.56       135.44       887.00       610.88       276.12
6582          1.00         0.00         0.00         0.00         0.00         0.00         0.00         0.00         0.00       240.32         0.00        20.93          0.00     3,015.88       236.09     3,251.97       262.25     2,989.72
7392          1.00         0.00         0.00         0.00         0.00         0.00         0.00         0.00         0.00       275.18         0.00        24.25          0.00     3,219.01       158.84     3,377.85       300.43     3,077.42
7226          1.00         0.00         0.00         0.00         0.00         0.00         0.00         0.00         0.00       250.77         0.00        31.27          0.00     3,014.04       143.04     3,157.08       283.04     2,874.04
7664          1.00         0.00         0.00         0.00         0.00         0.00         0.00         0.00         0.00       226.97         0.00        26.75          0.00     2,871.38       120.22     2,991.60       254.72     2,736.88
3326          1.00         0.00         0.00         0.00         0.00       352.72         0.00         0.00         0.00        71.01         0.00        43.82          0.00     1,709.68       256.22     1,965.90       468.55     1,497.35
0449          1.00         0.00       300.00         0.00         0.00       386.21         0.00         0.00         0.00       336.62         0.00        34.80          0.00     3,335.64       211.39     3,547.03     1,058.63     2,488.40
7863          1.00         0.00         0.00         0.00         0.00       609.61         0.00         0.00         0.00        19.56         0.00        27.97          0.00     1,278.15       274.34     1,552.49       658.14       894.35
6934          1.00         0.00         0.00         0.00         0.00         0.00         0.00         0.00         0.00       342.84         0.00        84.50          0.00     2,999.45       460.71     3,460.16       428.34     3,031.82
7137          1.00         0.00         0.00         0.00         0.00         0.00         0.00         0.00         0.00        49.60         0.00        35.89          0.00     1,512.90       195.11     1,708.01        86.49     1,621.52
6682          1.00         0.00         0.00         0.00         0.00         0.00       144.20         0.00         0.00         0.00         0.00        17.70         45.25       875.43       231.54     1,106.97       162.90       944.07
1269          1.00         0.00         0.00         0.00         0.00         0.00         0.00         0.00         0.00       224.01         0.00        19.98          0.00     2,887.13       145.97     3,033.10       244.99     2,788.11
6006          1.00         0.00         0.00         0.00         0.00         0.00         0.00         0.00         0.00       219.49         0.00        19.80          0.00     2,861.38       120.22     2,981.60       240.29     2,741.31
1419          1.00         0.00         0.00         0.00         0.00       268.68         0.00         0.00         0.00        55.79         0.00        51.65          0.00     1,569.75       292.55     1,862.30       377.12     1,485.18
7868          1.00         0.00         0.00         0.00         0.00         0.00         0.00         0.00         0.00         0.00         0.00        20.95         29.86     1,002.69       203.52     1,206.21        21.95     1,184.26

















































EJECUTIVOS EN SERVICIOS DE ALIMENTOS, S.A. DE C.V.                                                                      Pagina: 0005
R.F.C.:                                                                                                                    2/NOV/19
REPORTE DE SUELDOS SEMANALES DEDUCCIONES


 
Codigo Desc Vales   Desc Zapatos Otras Deducc Desc Fonacot Pension Alim Desc Infonav Faltas       Inca Enferme Inca Riesgo  ISPT         Ajus ISPT    IMSS          Sub P/Empleo Tot Per Grav Tot Per Exce Total Percep Total Deducc Neto Pagado
..........................................................................................................................................................................................................................................
3525          1.00         0.00         0.00         0.00         0.00         0.00         0.00         0.00         0.00        17.22         0.00        32.09          0.00     1,366.20       201.22     1,567.42        50.31     1,517.11
7859          1.00         0.00         0.00         0.00         0.00       201.35         0.00         0.00         0.00         0.00         0.00        20.95         27.39     1,041.31       252.55     1,293.86       223.30     1,070.56
7855          1.00         0.00         0.00         0.00         0.00         0.00         0.00         0.00         0.00         0.00         0.00        18.65         36.61       897.13       234.08     1,131.21        19.65     1,111.56
6885          1.00         0.00         0.00         0.00         0.00         0.00         0.00         0.00         0.00       312.90         0.00        25.70          0.00     3,231.88       171.72     3,403.60       339.60     3,064.00
4775          1.00         0.00         0.00         0.00         0.00         0.00         0.00         0.00         0.00       253.26         0.00        25.85          0.00     2,938.63       197.47     3,136.10       280.11     2,855.99
7528          1.00         0.00         0.00         0.00         0.00         0.00         0.00         0.00         0.00       226.63         0.00        25.90          0.00     2,816.67       341.04     3,157.71       253.53     2,904.18
4832          1.00         0.00         0.00         0.00         0.00         0.00         0.00         0.00         0.00       233.44         0.00        27.97          0.00     2,910.01       158.84     3,068.85       262.41     2,806.44
7836          1.00         0.00         0.00         0.00         0.00         0.00       120.51         0.00         0.00         0.00         0.00        17.93         78.78       796.38       179.25       975.63       139.44       836.19
7824          1.00         0.00         0.00         0.00         0.00         0.00         0.00         0.00         0.00       231.86         0.00        21.34          0.00     2,910.01       158.84     3,068.85       254.20     2,814.65
3321          1.00         0.00         0.00         0.00         0.00         0.00         0.00         0.00         0.00       219.33         0.00        73.39          0.00     2,355.11       369.78     2,724.89       293.72     2,431.17
2112          1.00         0.00         0.00         0.00         0.00         0.00         0.00         0.00         0.00       231.75         0.00        23.40          0.00     2,910.01       158.84     3,068.85       256.15     2,812.70
0624          1.00         0.00         0.00         0.00         0.00         0.00         0.00         0.00         0.00       165.90         0.00        60.78          0.00     2,026.61       459.88     2,486.49       227.68     2,258.81
6877          1.00         0.00       200.00       194.15         0.00         0.00         0.00         0.00         0.00         0.00         0.00        27.81          6.88     1,080.76       162.20     1,242.96       422.96       820.00
4385          1.00         0.00         0.00         0.00         0.00         0.00         0.00         0.00         0.00        18.97         0.00        31.46          0.00     1,318.33       169.33     1,487.66        51.43     1,436.23
7378          1.00         0.00         0.00         0.00         0.00         0.00         0.00         0.00         0.00         0.00         0.00        21.27         43.04       897.13       240.51     1,137.64        22.27     1,115.37
0366          1.00         0.00         0.00         0.00         0.00         0.00         0.00         0.00         0.00       343.09         0.00       105.70          0.00     3,000.58       462.49     3,463.07       449.79     3,013.28
6206          1.00         0.00         0.00         0.00         0.00         0.00         0.00         0.00         0.00        48.38         0.00        31.28          0.00     1,588.68       299.25     1,887.93        80.66     1,807.27
4366          1.00         0.00         0.00         0.00         0.00         0.00         0.00         0.00         0.00       265.18         0.00        23.61          0.00     3,014.04       143.04     3,157.08       289.79     2,867.29
7618          1.00         0.00         0.00         0.00         0.00         0.00         0.00         0.00         0.00         0.00         0.00        22.58          7.60     1,064.51       243.69     1,308.20        23.58     1,284.62
 
*** GLO     187.00         0.00     1,623.33       556.25         0.00     7,131.90     1,722.20       602.55         0.00    28,304.29         0.00     6,084.94      2,133.93   391,138.27                436,434.24    46,212.46   390,221.78
  






































































