EJECUTIVOS EN SERVICIOS DE ALIMENTOS, S.A. DE C.V.                                                                      Pagina: 0001
R.F.C.:                                                                                                                    2/NOV/19
REPORTE DE SUELDOS SEMANALES DEDUCCIONES


 
Codigo Desc Vales   Desc Zapatos Otras Deducc Desc Fonacot Pension Alim Desc Infonav Faltas       Inca Enferme Inca Riesgo  ISPT         Ajus ISPT    IMSS          Sub P/Empleo Tot Per Grav Tot Per Exce Total Percep Total Deducc Neto Pagado
..........................................................................................................................................................................................................................................
7879          1.00         0.00         0.00         0.00         0.00         0.00         0.00         0.00         0.00        71.80         0.00        26.87          0.00     1,180.38       236.09     1,416.47        99.67     1,316.80
6600          1.00         0.00         0.00         0.00         0.00       246.12         0.00         0.00         0.00         0.00         0.00        21.43         35.87       917.03       175.80     1,092.83       268.55       824.28
7685          1.00         0.00         0.00         0.00         0.00         0.00         0.00         0.00         0.00         0.00         0.00        24.83         33.53       952.78       199.21     1,151.99        25.83     1,126.16
7331          1.00         0.00         0.00         0.00         0.00         0.00         0.00         0.00         0.00         0.00         0.00        27.66          5.45     1,093.86       228.67     1,322.53        28.66     1,293.87
5933          1.00         0.00         0.00         0.00         0.00         0.00         0.00         0.00         0.00         0.00         0.00        25.05         43.24     1,094.40       234.67     1,329.07        26.05     1,303.02
7170          1.00         0.00         0.00         0.00         0.00         0.00         0.00         0.00         0.00         9.68         0.00        25.92          0.00     1,145.90       165.68     1,311.58        36.60     1,274.98
5201          1.00         0.00         0.00         0.00         0.00       335.50         0.00         0.00         0.00        47.98         0.00        36.80          0.00     1,498.02       220.48     1,718.50       421.28     1,297.22
3890          1.00         0.00         0.00         0.00         0.00         0.00         0.00         0.00         0.00       178.37         0.00        54.41          0.00     2,104.51       319.12     2,423.63       233.78     2,189.85
7834          1.00         0.00         0.00         0.00         0.00         0.00       120.51         0.00         0.00         0.00         0.00        21.10         72.50       915.61       192.04     1,107.65       142.61       965.04
1123          1.00         0.00         0.00         0.00         0.00         0.00         0.00         0.00         0.00        23.03         0.00        33.05          0.00     1,355.64       197.70     1,553.34        57.08     1,496.26
8000          0.00         0.00         0.00         0.00         0.00         0.00       144.20         0.00         0.00         0.00         0.00        14.02         36.15       800.15       100.52       900.67       158.22       742.45
7959          1.00         0.00         0.00         0.00         0.00         0.00         0.00         0.00         0.00         0.00         0.00        19.71         38.90       861.38       159.12     1,020.50        20.71       999.79
7977          1.00         0.00         0.00         0.00         0.00         0.00         0.00         0.00         0.00         0.00         0.00        18.65         21.47     1,032.16       141.69     1,173.85        19.65     1,154.20
7986          1.00         0.00         0.00         0.00         0.00         0.00       120.51         0.00         0.00         0.00         0.00        16.69         49.01       939.27       149.48     1,088.75       138.20       950.55
7998          0.00         0.00         0.00         0.00         0.00         0.00       361.53         0.00         0.00         0.00         0.00        10.10         32.76       672.88        32.76       705.64       371.63       334.01
7259          1.00         0.00         0.00         0.00         0.00         0.00         0.00         0.00         0.00         0.00         0.00        26.72         63.94       904.15       191.00     1,095.15        27.72     1,067.43
7312          1.00         0.00         0.00         0.00         0.00         0.00         0.00         0.00         0.00         0.00         0.00        23.53          6.97     1,079.94       180.63     1,260.57        24.53     1,236.04
7975          0.00         0.00         0.00         0.00         0.00         0.00         0.00         0.00         0.00         0.00         0.00         0.00          0.00         0.00         0.00         0.00         0.00         0.00
7338          1.00         0.00         0.00         0.00         0.00         0.00         0.00         0.00         0.00         0.00         0.00        27.26         51.99     1,014.04       386.61     1,400.65        28.26     1,372.39
5677          1.00         0.00         0.00         0.00         0.00         0.00         0.00         0.00         0.00        32.50         0.00        35.87          0.00     1,355.64       197.70     1,553.34        69.37     1,483.97
7943          1.00         0.00         0.00         0.00         0.00         0.00         0.00         0.00         0.00         0.00         0.00        20.30         21.20     1,013.01       205.79     1,218.80        21.30     1,197.50
7997          0.00         0.00         0.00         0.00         0.00         0.00         0.00         0.00         0.00         0.00         0.00        15.99         25.27       864.52       102.52       967.04        15.99       951.05
7812          1.00         0.00         0.00         0.00         0.00         0.00         0.00         0.00         0.00         0.00         0.00        27.95         18.41       974.38       138.63     1,113.01        28.95     1,084.06
0849          1.00         0.00         0.00         0.00         0.00         0.00         0.00         0.00         0.00        13.47         0.00        31.54          0.00     1,180.85       188.94     1,369.79        46.01     1,323.78
7536          1.00         0.00         0.00         0.00         0.00         0.00       120.51         0.00         0.00         0.00         0.00        22.06         37.67       909.38       221.10     1,130.48       143.57       986.91
5181          1.00         0.00         0.00         0.00         0.00         0.00         0.00         0.00         0.00         0.00         0.00        22.43         59.81       914.15       186.87     1,101.02        23.43     1,077.59
5429          1.00         0.00         0.00         0.00         0.00         0.00         0.00         0.00         0.00       313.35         0.00        77.74          0.00     2,861.35       403.61     3,264.96       392.09     2,872.87
7655          1.00         0.00         0.00         0.00         0.00         0.00         0.00         0.00         0.00         0.00         0.00        26.86          6.44     1,148.78       352.37     1,501.15        27.86     1,473.29
5558          1.00         0.00         0.00         0.00         0.00         0.00       144.20         0.00         0.00         0.00         0.00        22.17         69.92       963.81       248.72     1,212.53       167.37     1,045.16
4746          1.00         0.00         0.00         0.00         0.00       344.19         0.00         0.00         0.00         0.00         0.00        32.75         18.28     1,323.79       319.28     1,643.07       377.94     1,265.13
7663          1.00         0.00         0.00         0.00         0.00         0.00         0.00         0.00         0.00         6.41         0.00        28.66          0.00     1,202.97       197.47     1,400.44        36.07     1,364.37
7773          1.00         0.00         0.00         0.00         0.00         0.00         0.00         0.00         0.00         0.00         0.00        25.71         18.56       972.04       145.62     1,117.66        26.71     1,090.95
1424          1.00         0.00         0.00         0.00         0.00       466.38         0.00         0.00         0.00       287.44         0.00        73.68          0.00     2,740.06       479.68     3,219.74       828.50     2,391.24
5280          1.00         0.00         0.00       362.10         0.00       435.11         0.00         0.00         0.00       152.33         0.00        48.16          0.00     1,920.48       289.67     2,210.15       998.70     1,211.45
7883          1.00         0.00         0.00         0.00         0.00         0.00         0.00         0.00         0.00         0.00         0.00        23.91         19.57       964.06       154.61     1,118.67        24.91     1,093.76
7994          1.00         0.00         0.00         0.00         0.00         0.00         0.00         0.00         0.00         0.00         0.00        18.65         39.27       871.38       159.49     1,030.87        19.65     1,011.22
6461          1.00         0.00       300.00         0.00         0.00         0.00         0.00         0.00         0.00         0.00         0.00        26.97         34.61     1,145.89       211.30     1,357.19       327.97     1,029.22
6765          1.00         0.00         0.00         0.00         0.00         0.00         0.00         0.00         0.00       166.37         0.00        49.12          0.00     2,029.54       338.80     2,368.34       216.49     2,151.85
7909          1.00         0.00         0.00         0.00         0.00         0.00         0.00       361.53         0.00         0.00         0.00        13.46        118.28       766.23       178.56       944.79       375.99       568.80
5000          1.00         0.00         0.00         0.00         0.00         0.00         0.00         0.00         0.00         1.17         0.00        29.62          0.00     1,218.74       201.50     1,420.24        31.79     1,388.45
7915          1.00         0.00         0.00         0.00         0.00         0.00         0.00         0.00         0.00         0.00         0.00        25.06         17.85       979.89       138.07     1,117.96        26.06     1,091.90
7925          1.00         0.00         0.00         0.00         0.00         0.00       146.75         0.00         0.00        51.95         0.00        26.52          0.00     1,512.19       244.73     1,756.92       226.22     1,530.70
5644          1.00         0.00         0.00         0.00         0.00       337.88         0.00         0.00         0.00        25.42         0.00        30.54          0.00     1,377.55       296.26     1,673.81       394.84     1,278.97

















































EJECUTIVOS EN SERVICIOS DE ALIMENTOS, S.A. DE C.V.                                                                      Pagina: 0002
R.F.C.:                                                                                                                    2/NOV/19
REPORTE DE SUELDOS SEMANALES DEDUCCIONES


 
Codigo Desc Vales   Desc Zapatos Otras Deducc Desc Fonacot Pension Alim Desc Infonav Faltas       Inca Enferme Inca Riesgo  ISPT         Ajus ISPT    IMSS          Sub P/Empleo Tot Per Grav Tot Per Exce Total Percep Total Deducc Neto Pagado
..........................................................................................................................................................................................................................................
6638          0.00         0.00         0.00         0.00         0.00         0.00         0.00         0.00         0.00         0.00         0.00         0.00          0.00         0.00         0.00         0.00         0.00         0.00
7800          1.00         0.00         0.00         0.00         0.00         0.00         0.00         0.00       602.55         0.00         0.00         5.89        109.09       736.07       129.18       865.25       609.44       255.81
7960          1.00         0.00         0.00         0.00         0.00         0.00       241.02         0.00         0.00         0.00         0.00        16.88         47.73       781.31       179.60       960.91       258.90       702.01
6690          1.00         0.00         0.00         0.00         0.00         0.00         0.00         0.00         0.00         0.00         0.00        23.12          9.94     1,116.58       310.81     1,427.39        24.12     1,403.27
7168          1.00         0.00         0.00         0.00         0.00         0.00         0.00         0.00         0.00         0.00         0.00        26.76         25.64     1,068.65       281.45     1,350.10        27.76     1,322.34
7991          1.00         0.00         0.00         0.00         0.00         0.00         0.00         0.00         0.00        37.39         0.00        27.97          0.00     1,487.64       290.03     1,777.67        66.36     1,711.31
4314          1.00         0.00         0.00         0.00         0.00         0.00         0.00         0.00         0.00       181.77         0.00        48.63          0.00     2,125.75       393.60     2,519.35       231.40     2,287.95
7848          1.00         0.00         0.00         0.00         0.00         0.00         0.00         0.00         0.00         0.00         0.00        20.35         33.95       938.63       231.42     1,170.05        21.35     1,148.70
7632          1.00         0.00         0.00         0.00         0.00         0.00       120.51         0.00         0.00         0.00         0.00        25.06         84.88       832.13       332.87     1,165.00       146.57     1,018.43
7873          1.00         0.00         0.00         0.00         0.00         0.00         0.00         0.00         0.00         0.00         0.00        27.77         25.45       910.01       184.29     1,094.30        28.77     1,065.53
6504          0.00         0.00         0.00         0.00         0.00         0.00         0.00         0.00         0.00         0.00         0.00         0.00          0.00         0.00         0.00         0.00         0.00         0.00
7801          1.00         0.00        10.00         0.00         0.00         0.00       120.51         0.00         0.00         0.00         0.00        19.87         55.53       950.88       194.62     1,145.50       151.38       994.12
7061          1.00         0.00         0.00         0.00         0.00         0.00         0.00         0.00         0.00         0.00         0.00        28.40          6.90     1,144.45       170.81     1,315.26        29.40     1,285.86
7847          1.00         0.00         0.00         0.00         0.00         0.00         0.00         0.00         0.00         0.00         0.00        24.88         24.44       919.32       254.09     1,173.41        25.88     1,147.53
7633          1.00         0.00         0.00         0.00         0.00         0.00         0.00         0.00         0.00         0.00         0.00        27.07         56.94       968.53       248.37     1,216.90        28.07     1,188.83
7999          0.00         0.00         0.00         0.00         0.00         0.00       432.60         0.00         0.00         0.00         0.00        10.10         36.82       616.91        36.82       653.73       442.70       211.03
7984          1.00         0.00         0.00         0.00         0.00         0.00         0.00         0.00         0.00        10.10         0.00        27.97          0.00     1,236.79       180.28     1,417.07        39.07     1,378.00
7914          1.00         0.00         0.00         0.00         0.00         0.00         0.00         0.00         0.00         0.00         0.00        22.06         25.08     1,077.38       145.30     1,222.68        23.06     1,199.62
2897          1.00         0.00         0.00         0.00         0.00         0.00         0.00         0.00         0.00         0.00         0.00        21.89         26.50       914.15       323.73     1,237.88        22.89     1,214.99
7614          1.00         0.00         0.00         0.00         0.00         0.00         0.00         0.00         0.00        16.51         0.00        34.01          0.00     1,295.66       189.70     1,485.36        51.52     1,433.84
3318          1.00         0.00         0.00         0.00         0.00       510.55         0.00         0.00         0.00       229.37         0.00        70.51          0.00     2,411.11       313.42     2,724.53       811.43     1,913.10
7804          1.00         0.00         0.00         0.00         0.00         0.00         0.00         0.00         0.00       127.45         0.00        38.29          0.00     1,848.20       356.91     2,205.11       166.74     2,038.37
6083          1.00         0.00         0.00         0.00         0.00         0.00         0.00         0.00         0.00         0.00         0.00        29.01          1.71     1,041.31       265.50     1,306.81        30.01     1,276.80
6766          1.00         0.00         0.00         0.00         0.00         0.00         0.00         0.00         0.00         0.00         0.00        26.99          8.00     1,134.45       171.91     1,306.36        27.99     1,278.37
7982          1.00         0.00         0.00         0.00         0.00         0.00         0.00         0.00         0.00         6.54         0.00        27.97          0.00     1,268.15       211.63     1,479.78        35.51     1,444.27
4137          1.00         0.00         0.00         0.00         0.00         0.00         0.00         0.00         0.00       371.81         0.00        88.97          0.00     3,135.04       482.40     3,617.44       461.78     3,155.66
7913          1.00         0.00         0.00         0.00         0.00         0.00         0.00         0.00         0.00         0.00         0.00        20.79         27.13       884.26       160.22     1,044.48        21.79     1,022.69
7542          1.00         0.00         0.00         0.00         0.00         0.00         0.00         0.00         0.00         9.67         0.00        27.83          0.00     1,145.90       165.68     1,311.58        38.50     1,273.08
3780          1.00         0.00         0.00         0.00         0.00         0.00         0.00         0.00         0.00       162.21         0.00        43.02          0.00     2,011.34       361.58     2,372.92       206.23     2,166.69
7992          1.00         0.00         0.00         0.00         0.00         0.00         0.00         0.00         0.00         0.00         0.00        18.65         37.14       961.51       298.98     1,260.49        19.65     1,240.84
6205          1.00         0.00         0.00         0.00         0.00         0.00         0.00         0.00         0.00         0.00         0.00        24.05         11.17     1,041.31       184.83     1,226.14        25.05     1,201.09
5027          1.00         0.00         0.00         0.00         0.00         0.00         0.00         0.00         0.00         0.00         0.00        35.49        152.60     1,230.04       295.64     1,525.68        36.49     1,489.19
7949          1.00         0.00         0.00         0.00         0.00         0.00       120.51       120.51         0.00         0.00         0.00        17.17         76.69       781.31       157.06       938.37       259.19       679.18
7993          1.00         0.00         0.00         0.00         0.00         0.00         0.00         0.00         0.00        21.60         0.00        18.65          0.00     1,412.13       236.09     1,648.22        41.25     1,606.97
7818          1.00         0.00         0.00         0.00         0.00         0.00         0.00         0.00         0.00         0.00         0.00        29.06          1.22     1,132.80       273.00     1,405.80        30.06     1,375.74
7221          1.00         0.00         0.00         0.00         0.00         0.00         0.00         0.00         0.00         0.00         0.00        18.65         33.70       880.69       173.23     1,053.92        19.65     1,034.27
7815          1.00         0.00         0.00         0.00         0.00         0.00         0.00         0.00         0.00         0.00         0.00        26.42         14.28       925.76       198.87     1,124.63        27.42     1,097.21
6839          1.00         0.00         0.00         0.00         0.00         0.00         0.00         0.00         0.00         0.00         0.00        24.24         18.00       978.53       209.43     1,187.96        25.24     1,162.72
5646          1.00         0.00         0.00         0.00         0.00         0.00         0.00         0.00         0.00         0.00         0.00        28.14         60.05       939.90       212.86     1,152.76        29.14     1,123.62
7708          1.00         0.00         0.00         0.00         0.00         0.00         0.00         0.00         0.00         0.00         0.00        23.04         19.40       965.65       197.96     1,163.61        24.04     1,139.57
7985          1.00         0.00         0.00         0.00         0.00         0.00         0.00         0.00         0.00        18.13         0.00        18.65          0.00     1,273.91       197.47     1,471.38        37.78     1,433.60
7869          1.00         0.00         0.00         0.00         0.00         0.00         0.00         0.00         0.00         0.00         0.00        23.81         25.86       964.06       160.90     1,124.96        24.81     1,100.15
7882          0.00         0.00         0.00         0.00         0.00         0.00         0.00         0.00         0.00         0.00         0.00         0.00          0.00         0.00         0.00         0.00         0.00         0.00

















































EJECUTIVOS EN SERVICIOS DE ALIMENTOS, S.A. DE C.V.                                                                      Pagina: 0003
R.F.C.:                                                                                                                    2/NOV/19
REPORTE DE SUELDOS SEMANALES DEDUCCIONES


 
Codigo Desc Vales   Desc Zapatos Otras Deducc Desc Fonacot Pension Alim Desc Infonav Faltas       Inca Enferme Inca Riesgo  ISPT         Ajus ISPT    IMSS          Sub P/Empleo Tot Per Grav Tot Per Exce Total Percep Total Deducc Neto Pagado
..........................................................................................................................................................................................................................................
7973          1.00         0.00         0.00         0.00         0.00       212.95         0.00         0.00         0.00         0.00         0.00        18.65         29.57       861.38       149.79     1,011.17       232.60       778.57
5679          1.00         0.00         0.00         0.00         0.00         0.00       146.75         0.00         0.00        67.72         0.00        33.74          0.00     1,289.60       290.64     1,580.24       249.21     1,331.03
7892          1.00         0.00         0.00         0.00         0.00         0.00         0.00         0.00         0.00         0.00         0.00        28.36         46.30     1,014.04       189.34     1,203.38        29.36     1,174.02
7530          1.00         0.00         0.00         0.00         0.00         0.00         0.00         0.00         0.00         0.00         0.00        27.71         46.04     1,068.65       288.97     1,357.62        28.71     1,328.91
6028          1.00         0.00         0.00         0.00         0.00       407.29         0.00         0.00         0.00        11.54         0.00        31.58          0.00     1,467.23       296.26     1,763.49       451.41     1,312.08
6565          0.00         0.00         0.00         0.00         0.00         0.00         0.00         0.00         0.00         0.00         0.00         0.00          0.00         0.00         0.00         0.00         0.00         0.00
3676          1.00         0.00         0.00         0.00         0.00         0.00         0.00         0.00         0.00       132.47         0.00        38.00          0.00     1,894.39       440.71     2,335.10       171.47     2,163.63
3221          1.00         0.00         0.00         0.00         0.00         0.00         0.00         0.00         0.00        30.01         0.00        33.20          0.00     1,332.86       341.71     1,674.57        64.21     1,610.36
7741          1.00         0.00         0.00         0.00         0.00         0.00         0.00         0.00         0.00         0.00         0.00        21.44         23.57       968.53       215.00     1,183.53        22.44     1,161.09
7779          1.00         0.00         0.00         0.00         0.00         0.00         0.00         0.00         0.00        76.93         0.00        37.38          0.00     1,764.07       277.74     2,041.81       115.31     1,926.50
7942          1.00         0.00         0.00         0.00         0.00         0.00         0.00         0.00         0.00         0.00         0.00        19.91         28.57     1,032.16       148.79     1,180.95        20.91     1,160.04
7845          1.00         0.00         0.00         0.00         0.00         0.00         0.00         0.00         0.00         0.00         0.00        40.88         22.21     1,157.04       319.75     1,476.79        41.88     1,434.91
7920          1.00         0.00         0.00         0.00         0.00         0.00         0.00         0.00         0.00         0.00         0.00        20.60         26.09     1,067.38       236.43     1,303.81        21.60     1,282.21
7996          1.00         0.00         0.00         0.00         0.00         0.00         0.00         0.00         0.00         0.00         0.00        18.65         38.90       861.38       159.12     1,020.50        19.65     1,000.85
2522          1.00         0.00         0.00         0.00         0.00         0.00         0.00         0.00       361.53         0.00         0.00        16.04         86.74       909.98       253.45     1,163.43       378.57       784.86
7990          1.00         0.00         0.00         0.00         0.00         0.00         0.00         0.00         0.00         0.00         0.00        18.65         15.25     1,042.36       186.97     1,229.33        19.65     1,209.68
7938          0.00         0.00         0.00         0.00         0.00         0.00         0.00         0.00         0.00         0.00         0.00         0.00          0.00         0.00         0.00         0.00         0.00         0.00
0236          1.00         0.00         0.00         0.00         0.00       533.49         0.00         0.00         0.00       175.08         0.00        58.53          0.00     2,083.99       378.67     2,462.66       768.10     1,694.56
7080          1.00         0.00         0.00         0.00         0.00         0.00       146.75         0.00         0.00        40.34         0.00        41.74          0.00     1,234.66       166.46     1,401.12       229.83     1,171.29
5965          1.00         0.00         0.00         0.00         0.00         0.00         0.00         0.00         0.00       122.59         0.00        32.45          0.00     1,647.20       308.62     1,955.82       156.04     1,799.78
5447          1.00         0.00         0.00         0.00         0.00         0.00         0.00         0.00         0.00         8.25         0.00        32.14          0.00     1,132.80       271.78     1,404.58        41.39     1,363.19
7932          1.00         0.00         0.00         0.00         0.00         0.00         0.00         0.00         0.00         0.00         0.00        20.84         24.05       922.88       195.77     1,118.65        21.84     1,096.81
6685          1.00         0.00         0.00         0.00         0.00         0.00         0.00         0.00         0.00        68.20         0.00        26.48          0.00     1,171.65       230.06     1,401.71        95.68     1,306.03
5549          1.00         0.00         0.00         0.00         0.00         0.00         0.00         0.00         0.00        10.07         0.00        29.95          0.00     1,149.51       242.93     1,392.44        41.02     1,351.42
0854          1.00         0.00         0.00         0.00         0.00       332.71         0.00         0.00         0.00       171.26         0.00        40.03          0.00     2,094.53       394.58     2,489.11       545.00     1,944.11
7295          1.00         0.00         0.00         0.00         0.00         0.00         0.00         0.00         0.00         0.00         0.00        28.47         60.05       939.90       212.86     1,152.76        29.47     1,123.29
6832          1.00         0.00       150.00         0.00         0.00         0.00       120.51         0.00         0.00         0.00         0.00        23.80         62.15       405.98       104.62       510.60       295.31       215.29
4807          1.00         0.00         0.00         0.00         0.00         0.00         0.00         0.00         0.00       510.35         0.00       110.77          0.00     3,783.66     1,371.25     5,154.91       622.12     4,532.79
6821          0.00         0.00         0.00         0.00         0.00         0.00         0.00         0.00         0.00         0.00         0.00         0.00          0.00         0.00         0.00         0.00         0.00         0.00
3169          1.00         0.00         0.00         0.00         0.00         0.00         0.00         0.00         0.00         0.00         0.00        27.21         25.00       914.15       322.23     1,236.38        28.21     1,208.17
7947          1.00         0.00         0.00         0.00         0.00         0.00       120.51         0.00         0.00         0.00         0.00        22.74         70.20       939.27       170.67     1,109.94       144.25       965.69
4514          1.00         0.00         0.00         0.00         0.00       371.18         0.00         0.00         0.00        48.62         0.00        35.10          0.00     1,590.82       244.73     1,835.55       455.90     1,379.65
6379          1.00         0.00         0.00         0.00         0.00         0.00         0.00         0.00         0.00         0.00         0.00        21.67         29.65       871.38       201.37     1,072.75        22.67     1,050.08
7814          1.00         0.00         0.00         0.00         0.00         0.00         0.00         0.00         0.00         0.00         0.00        29.32         53.07     1,004.04       196.11     1,200.15        30.32     1,169.83
7754          1.00         0.00         0.00         0.00         0.00         0.00         0.00         0.00         0.00         0.00         0.00        21.05         27.95       871.38       148.17     1,019.55        22.05       997.50
7717          1.00         0.00         0.00         0.00         0.00         0.00         0.00         0.00         0.00         0.00         0.00        34.95         20.25     1,305.66       209.95     1,515.61        35.95     1,479.66
6014          1.00         0.00         0.00         0.00         0.00         0.00         0.00         0.00         0.00        31.56         0.00        32.33          0.00     1,434.03       276.09     1,710.12        64.89     1,645.23
7775          1.00         0.00         0.00         0.00         0.00         0.00         0.00         0.00         0.00         0.00         0.00        20.49         26.08     1,067.38       236.42     1,303.80        21.49     1,282.31
3827          1.00         0.00         0.00         0.00         0.00         0.00         0.00         0.00         0.00        57.36         0.00        29.84          0.00     1,137.87       341.03     1,478.90        88.20     1,390.70
7976          1.00         0.00         0.00         0.00         0.00         0.00         0.00         0.00         0.00         0.00         0.00        18.65         45.14       861.38       165.36     1,026.74        19.65     1,007.09
5412          1.00         0.00         0.00         0.00         0.00         0.00         0.00         0.00         0.00         0.00         0.00        24.62         26.09       904.15       153.15     1,057.30        25.62     1,031.68
4504          1.00         0.00         0.00         0.00         0.00         0.00         0.00         0.00         0.00       259.83         0.00        56.80          0.00     2,581.11       530.51     3,111.62       317.63     2,793.99
7995          1.00         0.00         0.00         0.00         0.00         0.00         0.00         0.00         0.00         0.00         0.00        18.65         38.27       871.38       158.49     1,029.87        19.65     1,010.22

















































EJECUTIVOS EN SERVICIOS DE ALIMENTOS, S.A. DE C.V.                                                                      Pagina: 0004
R.F.C.:                                                                                                                    2/NOV/19
REPORTE DE SUELDOS SEMANALES DEDUCCIONES


 
Codigo Desc Vales   Desc Zapatos Otras Deducc Desc Fonacot Pension Alim Desc Infonav Faltas       Inca Enferme Inca Riesgo  ISPT         Ajus ISPT    IMSS          Sub P/Empleo Tot Per Grav Tot Per Exce Total Percep Total Deducc Neto Pagado
..........................................................................................................................................................................................................................................
7395          1.00         0.00         0.00         0.00         0.00         0.00         0.00         0.00         0.00         0.00         0.00        23.49         26.53       964.06       161.57     1,125.63        24.49     1,101.14
0214          1.00         0.00         0.00         0.00         0.00         0.00         0.00         0.00         0.00       510.35         0.00       110.48          0.00     3,783.66       586.18     4,369.84       621.83     3,748.01
7849          1.00         0.00         0.00         0.00         0.00         0.00       144.20         0.00         0.00         0.00         0.00        24.17         45.93       811.05       167.85       978.90       169.37       809.53
6321          0.00         0.00         0.00         0.00         0.00         0.00         0.00         0.00         0.00         0.00         0.00         0.00          0.00         0.00         0.00         0.00         0.00         0.00
5232          1.00         0.00         0.00         0.00         0.00         0.00         0.00         0.00         0.00       131.58         0.00        36.63          0.00     1,729.77       310.41     2,040.18       169.21     1,870.97
4958          1.00         0.00         0.00         0.00         0.00         0.00         0.00         0.00         0.00         0.00         0.00        24.82         15.54       914.15       142.60     1,056.75        25.82     1,030.93
7880          1.00         0.00         0.00         0.00         0.00         0.00         0.00         0.00         0.00         9.61         0.00        28.06          0.00     1,145.36       223.22     1,368.58        38.67     1,329.91
3979          1.00         0.00         0.00         0.00         0.00         0.00         0.00         0.00         0.00       420.97         0.00       108.44          0.00     3,365.20       519.23     3,884.43       530.41     3,354.02
7902          0.00         0.00         0.00         0.00         0.00         0.00         0.00         0.00         0.00        10.43         0.00        27.70          0.00     1,239.83        77.25     1,317.08        38.13     1,278.95
0442          1.00         0.00         0.00         0.00         0.00         0.00         0.00         0.00         0.00       129.12         0.00        39.39          0.00     1,707.18       325.27     2,032.45       169.51     1,862.94
7330          0.00         0.00         0.00         0.00         0.00         0.00         0.00         0.00         0.00         0.00         0.00         0.00          0.00         0.00         0.00         0.00         0.00         0.00
7987          0.00         0.00         0.00         0.00         0.00         0.00         0.00         0.00         0.00         0.00         0.00        18.65         28.09     1,030.23        66.71     1,096.94        18.65     1,078.29
7719          1.00         0.00         0.00         0.00         0.00         0.00         0.00         0.00         0.00         0.00         0.00        24.16        112.46       458.20       176.17       634.37        25.16       609.21
7846          1.00         0.00         0.00         0.00         0.00         0.00         0.00         0.00         0.00        16.34         0.00        24.57          0.00     1,207.17       181.66     1,388.83        41.91     1,346.92
7823          1.00         0.00         0.00         0.00         0.00         0.00         0.00         0.00         0.00         0.00         0.00        20.69         29.66       871.38       149.88     1,021.26        21.69       999.57
7298          1.00         0.00         0.00         0.00         0.00         0.00         0.00         0.00         0.00        64.57         0.00        35.28          0.00     1,650.48       458.14     2,108.62       100.85     2,007.77
7963          1.00         0.00         0.00         0.00         0.00         0.00       120.51         0.00         0.00         0.00         0.00        17.96         42.18       835.01       181.27     1,016.28       139.47       876.81
5396          1.00         0.00         0.00         0.00         0.00         0.00         0.00         0.00         0.00         2.67         0.00        28.83          0.00     1,081.53       374.28     1,455.81        32.50     1,423.31
5704          1.00         0.00         0.00         0.00         0.00         0.00         0.00         0.00         0.00        36.60         0.00        33.14          0.00     1,480.38       199.19     1,679.57        70.74     1,608.83
7989          1.00         0.00         0.00         0.00         0.00         0.00         0.00         0.00         0.00         0.00         0.00        18.65         44.46       861.38       164.68     1,026.06        19.65     1,006.41
7588          1.00         0.00         0.00         0.00         0.00         0.00         0.00         0.00         0.00         0.00         0.00        25.39         25.01       972.09       210.00     1,182.09        26.39     1,155.70
7821          1.00         0.00         0.00         0.00         0.00         0.00         0.00         0.00         0.00         0.00         0.00        24.60         48.68     1,014.04       191.72     1,205.76        25.60     1,180.16
5588          1.00         0.00         0.00         0.00         0.00         0.00       120.51         0.00         0.00         0.00         0.00        20.17         45.51       832.13       151.69       983.82       141.68       842.14
6203          1.00         0.00         0.00         0.00         0.00         0.00       120.51         0.00         0.00         0.00         0.00        32.00         15.43     1,122.60       128.29     1,250.89       153.51     1,097.38
6582          1.00         0.00         0.00         0.00         0.00         0.00         0.00         0.00         0.00         0.00         0.00        21.69         28.18     1,032.90       283.99     1,316.89        22.69     1,294.20
7392          1.00         0.00         0.00         0.00         0.00         0.00         0.00         0.00         0.00         2.66         0.00        27.03          0.00     1,081.52       197.87     1,279.39        30.69     1,248.70
7226          1.00         0.00         0.00         0.00         0.00         0.00         0.00         0.00         0.00         0.00         0.00        30.22         45.96     1,039.79       214.75     1,254.54        31.22     1,223.32
7885          1.00         0.00         0.00         0.00         0.00         0.00         0.00         0.00         0.00         0.00         0.00        22.13         24.05       922.88       195.77     1,118.65        23.13     1,095.52
3326          1.00         0.00         0.00         0.00         0.00       352.72         0.00         0.00         0.00        53.10         0.00        36.42          0.00     1,545.06       267.51     1,812.57       443.24     1,369.33
7939          0.00         0.00         0.00         0.00         0.00         0.00         0.00         0.00         0.00         0.00         0.00         0.00          0.00         0.00         0.00         0.00         0.00         0.00
0449          1.00         0.00         0.00         0.00         0.00       447.60         0.00         0.00         0.00         0.00         0.00        37.35        156.30     1,264.04       299.34     1,563.38       485.95     1,077.43
6934          1.00         0.00         0.00         0.00         0.00         0.00         0.00         0.00         0.00       342.84         0.00        87.64          0.00     2,999.45       460.71     3,460.16       431.48     3,028.68
7137          1.00         0.00         0.00         0.00         0.00         0.00         0.00         0.00         0.00        53.47         0.00        36.53          0.00     1,548.38       261.90     1,810.28        91.00     1,719.28
7951          0.00         0.00         0.00         0.00         0.00         0.00         0.00         0.00         0.00         0.00         0.00         0.00          0.00         0.00         0.00         0.00         0.00         0.00
7979          1.00         0.00         0.00         0.00         0.00         0.00       432.60         0.00         0.00         0.00         0.00        12.76         51.96       766.03       112.91       878.94       446.36       432.58
6682          1.00         0.00         0.00         0.00         0.00         0.00       144.20         0.00         0.00         0.00         0.00        17.72         50.20       785.30       146.37       931.67       162.92       768.75
1269          1.00         0.00         0.00         0.00         0.00         0.00         0.00         0.00         0.00         0.00         0.00        24.33         29.99       904.15       157.05     1,061.20        25.33     1,035.87
7890          1.00         0.00         0.00         0.00         0.00         0.00         0.00         0.00         0.00         0.00         0.00        21.32         31.86       974.38       267.95     1,242.33        22.32     1,220.01
8001          0.00         0.00         0.00         0.00         0.00         0.00       429.69         0.00         0.00         0.00         0.00        10.47         22.97       644.88        22.97       667.85       440.16       227.69
1419          1.00         0.00         0.00         0.00         0.00         0.00         0.00         0.00         0.00       137.92         0.00        38.46          0.00     1,788.09       340.47     2,128.56       177.38     1,951.18
7887          1.00         0.00         0.00         0.00         0.00         0.00         0.00         0.00         0.00         0.00         0.00        21.61         58.87       922.88       230.59     1,153.47        22.61     1,130.86
3525          1.00         0.00         0.00         0.00         0.00         0.00         0.00         0.00         0.00       119.40         0.00        29.52          0.00     2,154.41       301.63     2,456.04       149.92     2,306.12
6885          1.00         0.00         0.00         0.00         0.00         0.00         0.00         0.00         0.00         0.00         0.00        33.49        193.21     1,223.15       526.27     1,749.42        34.49     1,714.93

















































EJECUTIVOS EN SERVICIOS DE ALIMENTOS, S.A. DE C.V.                                                                      Pagina: 0005
R.F.C.:                                                                                                                    2/NOV/19
REPORTE DE SUELDOS SEMANALES DEDUCCIONES


 
Codigo Desc Vales   Desc Zapatos Otras Deducc Desc Fonacot Pension Alim Desc Infonav Faltas       Inca Enferme Inca Riesgo  ISPT         Ajus ISPT    IMSS          Sub P/Empleo Tot Per Grav Tot Per Exce Total Percep Total Deducc Neto Pagado
..........................................................................................................................................................................................................................................
7893          1.00         0.00         0.00         0.00         0.00         0.00         0.00         0.00         0.00         0.00         0.00        24.82         27.95       871.38       148.17     1,019.55        25.82       993.73
7907          1.00         0.00         0.00         0.00         0.00         0.00         0.00         0.00         0.00        90.00         0.00        41.74          0.00     1,808.11       338.70     2,146.81       132.74     2,014.07
4775          1.00         0.00         0.00         0.00         0.00         0.00         0.00         0.00         0.00         0.00         0.00        27.55          7.88     1,071.53       353.81     1,425.34        28.55     1,396.79
4832          1.00         0.00         0.00         0.00         0.00         0.00         0.00         0.00         0.00         0.00         0.00        21.86         31.97       914.15       159.03     1,073.18        22.86     1,050.32
7824          1.00        56.00         0.00         0.00         0.00         0.00         0.00         0.00         0.00         0.00         0.00        20.69         27.95       871.38       148.17     1,019.55        77.69       941.86
3321          1.00         0.00         0.00         0.00         0.00         0.00         0.00         0.00         0.00       236.57         0.00        62.57          0.00     2,451.31       465.97     2,917.28       300.14     2,617.14
7965          1.00         0.00         0.00         0.00         0.00         0.00         0.00         0.00         0.00        21.42         0.00        34.53          0.00     1,340.86       274.35     1,615.21        56.95     1,558.26
2112          0.00         0.00         0.00         0.00         0.00         0.00         0.00         0.00         0.00         0.00         0.00         0.00          0.00         0.00         0.00         0.00         0.00         0.00
0624          1.00         0.00         0.00         0.00         0.00         0.00         0.00         0.00         0.00       182.77         0.00        52.14          0.00     2,132.04       500.62     2,632.66       235.91     2,396.75
6877          1.00         0.00         0.00       194.15         0.00         0.00         0.00         0.00         0.00         0.00         0.00        27.44         15.05     1,134.45       178.96     1,313.41       222.59     1,090.82
4385          1.00         0.00         0.00         0.00         0.00         0.00         0.00         0.00         0.00        48.74         0.00        35.82          0.00     1,504.95       199.19     1,704.14        85.56     1,618.58
0366          1.00         0.00         0.00         0.00         0.00         0.00         0.00         0.00         0.00       404.74         0.00        87.52          0.00     3,289.23       751.14     4,040.37       493.26     3,547.11
6206          1.00         0.00         0.00         0.00         0.00         0.00         0.00         0.00         0.00       158.32         0.00        36.03          0.00     1,979.23       308.62     2,287.85       195.35     2,092.50
7618          1.00         0.00         0.00         0.00         0.00         0.00         0.00         0.00         0.00         0.00         0.00        27.26         31.33     1,203.84       274.26     1,478.10        28.26     1,449.84
 
*** GLO     167.00        56.00       460.00       556.25         0.00     5,333.67     4,240.10       482.04       964.08     7,580.19         0.00     5,326.94      4,239.11   220,159.42                263,197.37    25,166.27   238,031.10
  











































































