EJECUTIVOS EN SERVICIOS DE ALIMENTOS, S.A. DE C.V.                                                                      Pagina: 0001
R.F.C.:                                                                                                                    2/NOV/19
REPORTE DE SUELDOS SEMANALES DEDUCCIONES


 
Codigo Desc Vales   Desc Zapatos Otras Deducc Desc Fonacot Pension Alim Desc Infonav Faltas       Inca Enferme Inca Riesgo  ISPT         Ajus ISPT    IMSS          Sub P/Empleo Tot Per Grav Tot Per Exce Total Percep Total Deducc Neto Pagado
..........................................................................................................................................................................................................................................
7879          1.00         0.00         0.00         0.00         0.00         0.00         0.00         0.00         0.00        29.18         0.00        20.08          0.00     1,412.13       236.09     1,648.22        50.26     1,597.96
6600          1.00         0.00         0.00         0.00         0.00       140.64       144.20         0.00         0.00         0.00         0.00        24.05         39.71       909.65       231.48     1,141.13       309.89       831.24
7685          1.00         0.00         0.00         0.00         0.00         0.00       120.51         0.00         0.00         0.00         0.00        28.90         46.90       832.13       153.08       985.21       150.41       834.80
7331          1.00         0.00         0.00         0.00         0.00         0.00         0.00         0.00         0.00         0.00         0.00        27.09         24.22     1,106.74       260.31     1,367.05        28.09     1,338.96
5933          1.00         0.00         0.00         0.00         0.00         0.00         0.00         0.00         0.00         0.00         0.00        33.56         35.53       914.15       162.59     1,076.74        34.56     1,042.18
7170          1.00         0.00         0.00         0.00         0.00         0.00         0.00         0.00         0.00         0.00         0.00        33.61          6.87     1,158.77       185.43     1,344.20        34.61     1,309.59
5201          1.00         0.00         0.00         0.00         0.00       335.50         0.00         0.00         0.00        47.98         0.00        37.61          0.00     1,498.02       220.48     1,718.50       422.09     1,296.41
3890          1.00         0.00         0.00         0.00         0.00         0.00         0.00         0.00         0.00       178.37         0.00        54.41          0.00     2,104.51       319.12     2,423.63       233.78     2,189.85
7834          1.00         0.00         0.00         0.00         0.00         0.00         0.00         0.00         0.00         0.00         0.00        30.12         29.14     1,014.04       172.18     1,186.22        31.12     1,155.10
3652          1.00         0.00         0.00         0.00         0.00       456.67         0.00         0.00         0.00       188.33         0.00        57.41          0.00     2,166.80       482.93     2,649.73       703.41     1,946.32
1123          1.00         0.00         0.00         0.00         0.00         0.00         0.00         0.00         0.00        23.03         0.00        37.64          0.00     1,355.64       197.70     1,553.34        61.67     1,491.67
7865          1.00         0.00         0.00         0.00         0.00         0.00       120.51         0.00         0.00         0.00         0.00        18.74         40.12       873.63       217.84     1,091.47       140.25       951.22
7259          1.00         0.00         0.00         0.00         0.00         0.00         0.00         0.00         0.00         0.00         0.00        26.90         36.17       904.15       163.23     1,067.38        27.90     1,039.48
7312          1.00         0.00         0.00         0.00         0.00         0.00       120.51         0.00         0.00         0.00         0.00        21.27         38.48       925.34       202.84     1,128.18       142.78       985.40
7338          1.00         0.00         0.00         0.00         0.00         0.00         0.00         0.00         0.00         0.00         0.00        29.47         29.14     1,014.04       172.18     1,186.22        30.47     1,155.75
5677          1.00         0.00         0.00         0.00         0.00         0.00         0.00         0.00         0.00        40.70         0.00        34.77          0.00     1,518.11       432.87     1,950.98        76.47     1,874.51
7737          0.00         0.00         0.00         0.00         0.00         0.00         0.00         0.00         0.00         0.00         0.00         0.00          0.00         0.00         0.00         0.00         0.00         0.00
6210          1.00         0.00       200.00         0.00         0.00         0.00         0.00         0.00         0.00         6.85         0.00        28.01          0.00     1,205.65       178.56     1,384.21       235.86     1,148.35
7896          1.00         0.00         0.00         0.00         0.00         0.00         0.00         0.00         0.00         0.00         0.00        20.08          3.32     1,180.38       200.79     1,381.17        21.08     1,360.09
7943          1.00         0.00         0.00         0.00         0.00         0.00         0.00         0.00         0.00         0.00         0.00        18.65         39.27       871.38       159.49     1,030.87        19.65     1,011.22
7812          1.00         0.00         0.00         0.00         0.00         0.00         0.00         0.00         0.00         0.00         0.00        18.65         38.27       871.38       158.49     1,029.87        19.65     1,010.22
0849          1.00         0.00         0.00         0.00         0.00         0.00         0.00         0.00         0.00         0.00         0.00        35.49         11.07     1,089.04       154.11     1,243.15        36.49     1,206.66
7536          1.00         0.00         0.00         0.00         0.00         0.00         0.00         0.00         0.00         0.00         0.00        24.87         37.72       981.40       242.03     1,223.43        25.87     1,197.56
7430          1.00         0.00         0.00         0.00         0.00         0.00         0.00         0.00         0.00       170.60         0.00        56.73          0.00     2,058.16       275.21     2,333.37       228.33     2,105.04
5181          1.00         0.00         0.00         0.00         0.00         0.00         0.00         0.00         0.00         0.00         0.00        27.20         35.53       914.15       162.59     1,076.74        28.20     1,048.54
5429          1.00         0.00         0.00         0.00         0.00         0.00         0.00         0.00         0.00       313.35         0.00        50.43          0.00     2,861.35       403.61     3,264.96       364.78     2,900.18
7655          1.00         0.00         0.00         0.00         0.00         0.00         0.00         0.00         0.00         0.00         0.00        21.02         32.05       968.53       223.48     1,192.01        22.02     1,169.99
7057          1.00         0.00         0.00         0.00         0.00         0.00         0.00         0.00         0.00         0.00         0.00        32.01         15.02     1,133.00       257.95     1,390.95        33.01     1,357.94
5558          1.00         0.00         0.00         0.00         0.00         0.00         0.00         0.00         0.00         0.00         0.00        29.68         20.61     1,094.17       253.77     1,347.94        30.68     1,317.26
4746          1.00         0.00         0.00         0.00         0.00       344.19         0.00         0.00         0.00        25.87         0.00        32.99          0.00     1,381.79       180.28     1,562.07       404.05     1,158.02
7934          1.00         0.00         0.00         0.00         0.00         0.00       288.40         0.00         0.00         0.00         0.00        14.72         49.97       769.22       122.10       891.32       304.12       587.20
7663          1.00         0.00         0.00         0.00         0.00         0.00         0.00         0.00         0.00        19.68         0.00        26.73          0.00     1,260.91       255.40     1,516.31        47.41     1,468.90
7828          0.00         0.00         0.00         0.00         0.00         0.00         0.00         0.00         0.00         0.00         0.00         0.00          0.00         0.00         0.00         0.00         0.00         0.00
7773          1.00         0.00         0.00         0.00         0.00         0.00         0.00         0.00         0.00         0.00         0.00        23.20         26.05     1,062.17       294.73     1,356.90        24.20     1,332.70
1424          1.00         0.00         0.00         0.00         0.00       466.38         0.00         0.00         0.00       275.76         0.00        75.10          0.00     2,669.97       409.59     3,079.56       818.24     2,261.32
5280          1.00         0.00         0.00       362.10         0.00       435.11         0.00         0.00         0.00       152.33         0.00        48.09          0.00     1,920.48       289.67     2,210.15       998.63     1,211.52
7742          1.00         0.00         0.00         0.00         0.00         0.00         0.00         0.00         0.00         0.00         0.00        21.03         36.17       904.15       163.23     1,067.38        22.03     1,045.35
7883          1.00         0.00         0.00         0.00         0.00         0.00         0.00         0.00         0.00         0.00         0.00        23.19         35.53     1,015.56       273.57     1,289.13        24.19     1,264.94
6461          1.00         0.00       100.00         0.00         0.00         0.00         0.00         0.00         0.00         0.00         0.00        28.35          8.37     1,130.94       229.90     1,360.84       129.35     1,231.49
6765          1.00         0.00       300.00         0.00         0.00         0.00         0.00         0.00         0.00       159.07         0.00        33.92          0.00     1,982.51       338.80     2,321.31       493.99     1,827.32
7909          1.00         0.00         0.00         0.00         0.00         0.00         0.00         0.00         0.00         0.00         0.00        18.65         37.44       884.26       170.53     1,054.79        19.65     1,035.14
5000          1.00         0.00         0.00         0.00         0.00         0.00         0.00         0.00         0.00         2.82         0.00        29.55          0.00     1,234.04       216.80     1,450.84        33.37     1,417.47
7915          1.00         0.00         0.00         0.00         0.00         0.00         0.00         0.00         0.00         0.00         0.00        18.65         10.64     1,095.77       298.23     1,394.00        19.65     1,374.35

















































EJECUTIVOS EN SERVICIOS DE ALIMENTOS, S.A. DE C.V.                                                                      Pagina: 0002
R.F.C.:                                                                                                                    2/NOV/19
REPORTE DE SUELDOS SEMANALES DEDUCCIONES


 
Codigo Desc Vales   Desc Zapatos Otras Deducc Desc Fonacot Pension Alim Desc Infonav Faltas       Inca Enferme Inca Riesgo  ISPT         Ajus ISPT    IMSS          Sub P/Empleo Tot Per Grav Tot Per Exce Total Percep Total Deducc Neto Pagado
..........................................................................................................................................................................................................................................
7925          1.00         0.00         0.00         0.00         0.00         0.00         0.00         0.00         0.00        11.19         0.00        27.97          0.00     1,246.79       180.28     1,427.07        40.16     1,386.91
5644          1.00         0.00       150.00         0.00         0.00       337.88         0.00         0.00         0.00        47.37         0.00        28.41          0.00     1,579.33       296.26     1,875.59       564.66     1,310.93
6638          1.00         0.00         0.00         0.00         0.00         0.00         0.00         0.00         0.00         0.00         0.00        32.37         42.03       914.15       169.09     1,083.24        33.37     1,049.87
7800          1.00         0.00         0.00         0.00         0.00         0.00         0.00         0.00         0.00         0.00         0.00        21.69         38.27       871.38       158.49     1,029.87        22.69     1,007.18
6690          1.00         0.00         0.00         0.00         0.00         0.00         0.00         0.00         0.00         0.00         0.00        27.54         28.76     1,020.03       271.69     1,291.72        28.54     1,263.18
7168          1.00         0.00         0.00         0.00         0.00         0.00         0.00         0.00         0.00         0.00         0.00        23.00         35.53       914.15       214.09     1,128.24        24.00     1,104.24
7901          1.00         0.00         0.00         0.00         0.00         0.00       120.51         0.00         0.00         0.00         0.00        16.69         54.75       796.38       155.22       951.60       138.20       813.40
7786          1.00         0.00         0.00         0.00         0.00         0.00       144.20         0.00         0.00         0.00         0.00        22.47         56.77       785.30       152.94       938.24       167.67       770.57
4314          1.00         0.00         0.00         0.00         0.00         0.00         0.00         0.00         0.00       156.06         0.00        49.43          0.00     1,965.08       255.88     2,220.96       206.49     2,014.47
7935          1.00         0.00         0.00         0.00         0.00         0.00         0.00         0.00         0.00         0.00         0.00        18.65         29.27     1,015.88       265.36     1,281.24        19.65     1,261.59
7848          1.00         0.00       100.00         0.00         0.00         0.00         0.00         0.00         0.00         0.00         0.00        21.43         38.90       861.38       159.12     1,020.50       122.43       898.07
7632          1.00         0.00         0.00         0.00         0.00         0.00         0.00         0.00         0.00         0.00         0.00        30.26         27.54       978.53       218.97     1,197.50        31.26     1,166.24
7873          1.00         0.00         0.00         0.00         0.00         0.00         0.00         0.00         0.00         0.00         0.00        21.10         46.82       871.38       167.04     1,038.42        22.10     1,016.32
6504          0.00         0.00         0.00         0.00         0.00         0.00         0.00         0.00         0.00         0.00         0.00         0.00          0.00         0.00         0.00         0.00         0.00         0.00
7905          1.00         0.00         0.00         0.00         0.00         0.00         0.00         0.00         0.00         0.00         0.00        18.65         45.41       897.13       242.88     1,140.01        19.65     1,120.36
7936          1.00         0.00         0.00         0.00         0.00         0.00       120.51         0.00         0.00         0.00         0.00        16.69         46.05       887.06       146.52     1,033.58       138.20       895.38
7801          1.00         0.00         0.00         0.00         0.00         0.00       120.51         0.00         0.00         0.00         0.00        23.78         59.62       796.38       160.09       956.47       145.29       811.18
7918          1.00         0.00         0.00         0.00         0.00         0.00         0.00         0.00         0.00         0.00         0.00        18.65          8.43     1,134.39       334.65     1,469.04        19.65     1,449.39
7061          1.00         0.00         0.00         0.00         0.00         0.00         0.00         0.00         0.00         0.00         0.00        35.32          6.91     1,144.45       170.82     1,315.27        36.32     1,278.95
7847          1.00         0.00         0.00         0.00         0.00         0.00       288.40         0.00         0.00         0.00         0.00        16.09         36.48     1,046.54       263.11     1,309.65       305.49     1,004.16
7633          1.00         0.00         0.00         0.00         0.00         0.00       144.20         0.00         0.00         0.00         0.00        26.56         48.32       819.52       149.97       969.49       171.76       797.73
7906          1.00         0.00         0.00       489.21         0.00         0.00         0.00         0.00         0.00       146.76         0.00        39.88          0.00     1,869.37       399.96     2,269.33       676.85     1,592.48
7914          1.00         0.00         0.00         0.00         0.00         0.00         0.00         0.00         0.00         0.00         0.00        18.65         38.27       871.38       158.49     1,029.87        19.65     1,010.22
2897          1.00         0.00         0.00         0.00         0.00         0.00         0.00         0.00         0.00         0.00         0.00        26.47         30.58       991.40       196.26     1,187.66        27.47     1,160.19
7614          1.00         0.00         0.00         0.00         0.00         0.00         0.00         0.00         0.00        81.49         0.00        48.18          0.00     1,718.99       377.83     2,096.82       130.67     1,966.15
3318          1.00         0.00         0.00         0.00         0.00       510.55         0.00         0.00         0.00       708.35         0.00        65.82          0.00     4,780.79       873.10     5,653.89     1,285.72     4,368.17
7804          1.00         0.00         0.00         0.00         0.00         0.00         0.00         0.00         0.00        55.18         0.00        37.71          0.00     1,564.18       232.66     1,796.84        93.89     1,702.95
7921          1.00         0.00         0.00         0.00         0.00         0.00         0.00         0.00         0.00         0.00         0.00        18.65         28.34     1,042.36       200.06     1,242.42        19.65     1,222.77
6083          1.00         0.00         0.00         0.00         0.00         0.00         0.00         0.00         0.00         0.00         0.00        34.46         20.89     1,041.31       284.68     1,325.99        35.46     1,290.53
6766          1.00         0.00         0.00         0.00         0.00         0.00         0.00         0.00         0.00         3.65         0.00        26.88          0.00     1,241.57       271.02     1,512.59        31.53     1,481.06
4137          1.00         0.00         0.00         0.00         0.00         0.00         0.00         0.00         0.00       371.81         0.00        92.87          0.00     3,135.04       482.40     3,617.44       465.68     3,151.76
7913          1.00         0.00         0.00         0.00         0.00         0.00         0.00         0.00         0.00         0.00         0.00        18.65         36.61       897.13       182.58     1,079.71        19.65     1,060.06
7542          1.00         0.00         0.00         0.00         0.00         0.00         0.00         0.00         0.00         0.00         0.00        30.79         34.71       927.03       174.64     1,101.67        31.79     1,069.88
3780          1.00         0.00         0.00         0.00         0.00         0.00         0.00         0.00         0.00        74.57         0.00        39.48          0.00     1,666.41       298.87     1,965.28       115.05     1,850.23
6205          1.00         0.00         0.00         0.00         0.00         0.00         0.00         0.00         0.00         0.00         0.00        27.97         30.68       989.81       191.47     1,181.28        28.97     1,152.31
5027          1.00         0.00         0.00         0.00         0.00         0.00         0.00         0.00         0.00        26.17         0.00        39.42          0.00     1,384.54       181.66     1,566.20        66.59     1,499.61
7949          1.00         0.00         0.00         0.00         0.00         0.00         0.00         0.00         0.00         0.00         0.00        18.65         19.40     1,064.51       178.24     1,242.75        19.65     1,223.10
7818          1.00         0.00         0.00         0.00         0.00         0.00         0.00         0.00         0.00         0.00         0.00        27.56         27.30     1,042.67       208.96     1,251.63        28.56     1,223.07
7958          1.00         0.00         0.00         0.00         0.00         0.00         0.00         0.00         0.00         0.00         0.00         7.99         19.02       348.32       110.70       459.02         8.99       450.03
7815          1.00         0.00         0.00         0.00         0.00         0.00       144.20         0.00         0.00         0.00         0.00        22.61         56.77       785.30       152.94       938.24       167.81       770.43
6839          1.00         0.00         0.00         0.00         0.00         0.00         0.00         0.00         0.00         0.00         0.00        21.32         31.41       978.53       251.20     1,229.73        22.32     1,207.41
5646          1.00         0.00         0.00         0.00         0.00         0.00         0.00         0.00         0.00         0.00         0.00        33.15         42.02       914.15       169.08     1,083.23        34.15     1,049.08
7708          1.00         0.00         0.00         0.00         0.00         0.00         0.00         0.00         0.00         0.00         0.00        27.63          7.70     1,145.90       173.38     1,319.28        28.63     1,290.65

















































EJECUTIVOS EN SERVICIOS DE ALIMENTOS, S.A. DE C.V.                                                                      Pagina: 0003
R.F.C.:                                                                                                                    2/NOV/19
REPORTE DE SUELDOS SEMANALES DEDUCCIONES


 
Codigo Desc Vales   Desc Zapatos Otras Deducc Desc Fonacot Pension Alim Desc Infonav Faltas       Inca Enferme Inca Riesgo  ISPT         Ajus ISPT    IMSS          Sub P/Empleo Tot Per Grav Tot Per Exce Total Percep Total Deducc Neto Pagado
..........................................................................................................................................................................................................................................
7869          1.00         0.00         0.00         0.00         0.00         0.00         0.00         0.00         0.00         0.00         0.00        23.38         30.95       989.81       191.74     1,181.55        24.38     1,157.17
7882          1.00         0.00         0.00         0.00         0.00         0.00       144.20       432.60         0.00         0.00         0.00         9.39         56.74       737.07        80.78       817.85       587.19       230.66
5679          1.00         0.00         0.00         0.00         0.00         0.00       146.75         0.00         0.00         0.00         0.00        32.27         19.17     1,242.56       262.77     1,505.33       180.02     1,325.31
7892          1.00         0.00         0.00         0.00         0.00         0.00       120.51         0.00         0.00         0.00         0.00        21.13         37.98       915.61       157.52     1,073.13       142.64       930.49
7530          1.00         0.00         0.00         0.00         0.00         0.00         0.00         0.00         0.00         0.00         0.00        21.99         32.24       965.65       295.88     1,261.53        22.99     1,238.54
6028          1.00         0.00         0.00         0.00         0.00       407.29         0.00         0.00         0.00        47.07         0.00        31.78          0.00     1,489.65       296.26     1,785.91       487.14     1,298.77
6565          0.00         0.00         0.00         0.00         0.00         0.00         0.00         0.00         0.00         0.00         0.00         0.00          0.00         0.00         0.00         0.00         0.00         0.00
7753          1.00         0.00         0.00         0.00         0.00         0.00         0.00         0.00         0.00         0.00         0.00        29.12         28.13     1,029.79       196.92     1,226.71        30.12     1,196.59
3676          1.00         0.00         0.00         0.00         0.00         0.00         0.00         0.00         0.00       135.84         0.00        39.30          0.00     1,768.96       338.80     2,107.76       176.14     1,931.62
3221          1.00         0.00         0.00         0.00         0.00         0.00         0.00         0.00         0.00        69.56         0.00        31.22          0.00     1,609.37       311.82     1,921.19       101.78     1,819.41
7741          1.00         0.00         0.00         0.00         0.00         0.00       144.20         0.00         0.00         0.00         0.00        23.54         54.93       819.52       156.58       976.10       168.74       807.36
7779          1.00         0.00         0.00         0.00         0.00         0.00         0.00         0.00         0.00       161.95         0.00        27.42          0.00     2,008.90       293.04     2,301.94       190.37     2,111.57
7942          1.00         0.00         0.00         0.00         0.00         0.00         0.00         0.00         0.00         0.00         0.00        18.65         47.57       861.38       167.79     1,029.17        19.65     1,009.52
7845          1.00         0.00         0.00         0.00         0.00         0.00         0.00         0.00         0.00        11.97         0.00        30.94          0.00     1,254.04       143.04     1,397.08        43.91     1,353.17
7920          1.00         0.00         0.00         0.00         0.00         0.00         0.00         0.00         0.00         0.00         0.00        18.65         35.61       912.88       207.33     1,120.21        19.65     1,100.56
2522          1.00         0.00         0.00         0.00         0.00         0.00         0.00         0.00         0.00         0.00         0.00        27.76         32.65       959.21       204.77     1,163.98        28.76     1,135.22
7938          1.00         0.00         0.00         0.00         0.00         0.00       241.02         0.00         0.00         0.00         0.00        14.72         55.03       781.31       135.40       916.71       256.74       659.97
0236          1.00         0.00         0.00         0.00         0.00       533.49         0.00         0.00         0.00       167.35         0.00        52.25          0.00     2,035.63       340.31     2,375.94       754.09     1,621.85
7080          1.00         0.00         0.00         0.00         0.00         0.00         0.00         0.00         0.00       181.72         0.00        38.50          0.00     2,148.88       528.43     2,677.31       221.22     2,456.09
5965          1.00         0.00         0.00         0.00         0.00         0.00         0.00         0.00         0.00       162.55         0.00        29.92          0.00     2,014.46       308.62     2,323.08       193.47     2,129.61
5447          1.00         0.00         0.00         0.00         0.00         0.00         0.00         0.00         0.00         0.00         0.00        31.26         29.77     1,004.04       172.81     1,176.85        32.26     1,144.59
7932          1.00         0.00         0.00         0.00         0.00         0.00         0.00         0.00         0.00         0.00         0.00        18.65         44.76       871.38       164.98     1,036.36        19.65     1,016.71
7937          1.00         0.00         0.00         0.00         0.00         0.00         0.00         0.00         0.00         0.00         0.00        18.65         38.27       871.38       158.49     1,029.87        19.65     1,010.22
6685          1.00         0.00         0.00         0.00         0.00         0.00         0.00         0.00         0.00         0.00         0.00        29.07         25.64     1,068.65       268.57     1,337.22        30.07     1,307.15
7927          1.00         0.00         0.00         0.00         0.00         0.00         0.00         0.00         0.00         0.00         0.00        18.65         33.96       938.63       231.43     1,170.06        19.65     1,150.41
5549          1.00         0.00         0.00         0.00         0.00         0.00         0.00         0.00         0.00         0.00         0.00        31.96          4.96     1,162.38       260.77     1,423.15        32.96     1,390.19
7874          0.00         0.00         0.00         0.00         0.00         0.00         0.00         0.00         0.00         0.00         0.00         0.00          0.00         0.00         0.00         0.00         0.00         0.00
0854          1.00         0.00         0.00         0.00         0.00       332.71         0.00         0.00         0.00       141.83         0.00        41.65          0.00     1,823.99       394.58     2,218.57       517.19     1,701.38
7295          1.00         0.00         0.00         0.00         0.00         0.00         0.00         0.00         0.00         0.00         0.00        30.97         47.31     1,158.77       225.87     1,384.64        31.97     1,352.67
6832          1.00         0.00       150.00         0.00         0.00         0.00       241.02         0.00         0.00         0.00         0.00        24.02          0.04     1,420.29       282.12     1,702.41       416.04     1,286.37
4807          1.00         0.00         0.00         0.00         0.00         0.00         0.00         0.00         0.00       510.36         0.00       112.04          0.00     3,783.66       586.18     4,369.84       623.40     3,746.44
7952          1.00         0.00         0.00         0.00         0.00         0.00       120.51         0.00         0.00         0.00         0.00        11.36         31.03       625.88       104.18       730.06       132.87       597.19
6821          1.00         0.00         0.00         0.00         0.00         0.00         0.00         0.00         0.00        23.99         0.00        28.55          0.00     1,300.55       170.90     1,471.45        53.54     1,417.91
3169          1.00         0.00         0.00         0.00         0.00         0.00         0.00         0.00         0.00         0.00         0.00        25.86         35.53       914.15       162.59     1,076.74        26.86     1,049.88
7930          1.00         0.00         0.00         0.00         0.00         0.00       144.20         0.00         0.00         0.00         0.00        16.69         45.60       921.92       141.77     1,063.69       161.89       901.80
7947          1.00         0.00         0.00         0.00         0.00         0.00         0.00         0.00         0.00         0.00         0.00        18.65         26.31     1,042.36       198.03     1,240.39        19.65     1,220.74
4514          1.00         0.00         0.00         0.00         0.00       364.81         0.00         0.00         0.00        23.03         0.00        34.49          0.00     1,355.64       197.70     1,553.34       423.33     1,130.01
6379          1.00         0.00         0.00         0.00         0.00         0.00         0.00         0.00         0.00         0.00         0.00        18.65         26.76     1,025.88       224.23     1,250.11        19.65     1,230.46
7814          1.00         0.00         0.00         0.00         0.00         0.00         0.00         0.00         0.00         0.00         0.00        26.09         29.77     1,004.04       172.81     1,176.85        27.09     1,149.76
7754          1.00         0.00         0.00         0.00         0.00         0.00         0.00         0.00         0.00         0.00         0.00        21.82         38.27       871.38       158.49     1,029.87        22.82     1,007.05
7717          1.00         0.00         0.00         0.00         0.00         0.00         0.00         0.00         0.00        52.64         0.00        33.96          0.00     1,540.84       236.73     1,777.57        87.60     1,689.97
6014          1.00         0.00         0.00         0.00         0.00         0.00         0.00         0.00         0.00        42.73         0.00        32.26          0.00     1,449.71       291.77     1,741.48        75.99     1,665.49
7775          1.00         0.00         0.00         0.00         0.00         0.00         0.00         0.00         0.00         0.00         0.00        25.42         38.91       861.38       159.13     1,020.51        26.42       994.09

















































EJECUTIVOS EN SERVICIOS DE ALIMENTOS, S.A. DE C.V.                                                                      Pagina: 0004
R.F.C.:                                                                                                                    2/NOV/19
REPORTE DE SUELDOS SEMANALES DEDUCCIONES


 
Codigo Desc Vales   Desc Zapatos Otras Deducc Desc Fonacot Pension Alim Desc Infonav Faltas       Inca Enferme Inca Riesgo  ISPT         Ajus ISPT    IMSS          Sub P/Empleo Tot Per Grav Tot Per Exce Total Percep Total Deducc Neto Pagado
..........................................................................................................................................................................................................................................
7715          1.00         0.00         0.00         0.00         0.00         0.00         0.00         0.00         0.00         0.00         0.00        28.66         36.09       914.15       214.65     1,128.80        29.66     1,099.14
3827          1.00         0.00         0.00         0.00         0.00         0.00         0.00         0.00         0.00         0.00         0.00        29.36         20.07     1,054.19       245.23     1,299.42        30.36     1,269.06
5412          1.00         0.00         0.00         0.00         0.00         0.00         0.00         0.00         0.00         0.00         0.00        30.21         24.63     1,084.40       254.69     1,339.09        31.21     1,307.88
4504          1.00         0.00         0.00         0.00         0.00         0.00         0.00         0.00         0.00       193.63         0.00        73.23          0.00     2,199.89       318.38     2,518.27       267.86     2,250.41
7395          1.00         0.00         0.00         0.00         0.00         0.00         0.00         0.00         0.00         0.00         0.00        31.86         32.33       964.06       167.37     1,131.43        32.86     1,098.57
0214          1.00         0.00         0.00         0.00         0.00         0.00         0.00         0.00         0.00       510.36         0.00       110.55          0.00     3,783.66       586.18     4,369.84       621.91     3,747.93
7849          1.00         0.00         0.00         0.00         0.00         0.00         0.00         0.00         0.00         0.00         0.00        20.18         34.78       925.76       219.37     1,145.13        21.18     1,123.95
6321          0.00         0.00         0.00         0.00         0.00         0.00         0.00         0.00         0.00         0.00         0.00         0.00          0.00         0.00         0.00         0.00         0.00         0.00
5232          1.00         0.00         0.00         0.00         0.00         0.00         0.00         0.00         0.00        85.28         0.00        46.41          0.00     1,691.15       310.41     2,001.56       132.69     1,868.87
4958          1.00         0.00         0.00         0.00         0.00         0.00         0.00         0.00         0.00         0.00         0.00        30.51         32.23       965.65       210.79     1,176.44        31.51     1,144.93
7880          1.00         0.00         0.00         0.00         0.00         0.00         0.00         0.00         0.00         0.00         0.00        23.58          9.19     1,119.61       206.66     1,326.27        24.58     1,301.69
3979          1.00         0.00         0.00         0.00         0.00         0.00         0.00         0.00         0.00       944.34         0.00       103.06          0.00     5,815.42       869.26     6,684.68     1,048.40     5,636.28
7902          1.00         0.00         0.00         0.00         0.00         0.00         0.00         0.00         0.00         0.00         0.00        18.65         23.45     1,119.61       220.92     1,340.53        19.65     1,320.88
0442          1.00         0.00         0.00         0.00         0.00         0.00         0.00         0.00         0.00        46.68         0.00        34.10          0.00     1,486.03       311.45     1,797.48        81.78     1,715.70
7857          1.00         0.00         0.00         0.00         0.00         0.00         0.00         0.00         0.00       142.17         0.00        47.09          0.00     1,827.09       355.81     2,182.90       190.26     1,992.64
7330          0.00         0.00         0.00         0.00         0.00         0.00         0.00         0.00         0.00         0.00         0.00         0.00          0.00         0.00         0.00         0.00         0.00         0.00
7719          1.00         0.00         0.00         0.00         0.00         0.00         0.00         0.00         0.00         0.00         0.00        30.56         35.53       914.15       162.59     1,076.74        31.56     1,045.18
7846          1.00         0.00         0.00         0.00         0.00         0.00         0.00         0.00         0.00         0.00         0.00        24.24         22.63     1,014.04       165.67     1,179.71        25.24     1,154.47
7421          1.00         0.00         0.00         0.00         0.00         0.00         0.00         0.00         0.00         0.00         0.00        29.22         34.82       939.90       187.63     1,127.53        30.22     1,097.31
7928          1.00         0.00         0.00         0.00         0.00         0.00         0.00         0.00         0.00         0.00         0.00        18.65         47.56       861.38       167.78     1,029.16        19.65     1,009.51
7950          1.00         0.00         0.00         0.00         0.00         0.00       175.60         0.00         0.00         0.00         0.00        17.04         20.07       833.03        92.18       925.21       193.64       731.57
7776          0.00         0.00         0.00         0.00         0.00         0.00         0.00         0.00         0.00         0.00         0.00         0.00          0.00         0.00         0.00         0.00         0.00         0.00
7823          1.00         0.00         0.00         0.00         0.00         0.00         0.00         0.00         0.00         0.00         0.00        21.33         38.27       871.38       158.49     1,029.87        22.33     1,007.54
7298          1.00         0.00         0.00         0.00         0.00         0.00         0.00         0.00         0.00        46.00         0.00        36.47          0.00     1,479.76       219.16     1,698.92        83.47     1,615.45
5396          1.00         0.00         0.00         0.00         0.00         0.00         0.00         0.00         0.00         0.00         0.00        33.69         32.23       965.65       210.79     1,176.44        34.69     1,141.75
5704          1.00         0.00         0.00         0.00         0.00         0.00         0.00         0.00         0.00        24.04         0.00        32.96          0.00     1,364.95       199.19     1,564.14        58.00     1,506.14
7503          1.00         0.00         0.00         0.00         0.00         0.00       120.51         0.00         0.00         0.00         0.00        16.69         44.03       925.69       234.62     1,160.31       138.20     1,022.11
7588          1.00         0.00         0.00         0.00         0.00         0.00         0.00         0.00         0.00         0.00         0.00        30.74         26.74     1,068.65       192.42     1,261.07        31.74     1,229.33
7948          1.00         0.00         0.00         0.00         0.00         0.00       120.51         0.00         0.00         0.00         0.00        16.69         48.29       796.38       148.76       945.14       138.20       806.94
7821          1.00         0.00         0.00         0.00         0.00         0.00         0.00         0.00         0.00         7.27         0.00        30.22          0.00     1,168.54       181.66     1,350.20        38.49     1,311.71
5588          1.00         0.00         0.00         0.00         0.00         0.00         0.00         0.00         0.00         0.00         0.00        27.74         35.53       914.15       162.59     1,076.74        28.74     1,048.00
6203          1.00         0.00         0.00         0.00         0.00         0.00         0.00         0.00         0.00        17.02         0.00        24.35          0.00     1,300.36       173.66     1,474.02        42.37     1,431.65
6582          1.00         0.00        10.00         0.00         0.00         0.00       144.20         0.00         0.00         0.00         0.00        23.98         49.18       819.52       150.83       970.35       179.18       791.17
7392          1.00         0.00         0.00         0.00         0.00         0.00         0.00         0.00         0.00         0.00         0.00        29.10          3.99     1,107.28       169.67     1,276.95        30.10     1,246.85
7226          1.00         0.00         0.00         0.00         0.00         0.00         0.00         0.00         0.00         0.00         0.00        32.96         29.14     1,014.04       172.18     1,186.22        33.96     1,152.26
7664          0.00         0.00         0.00         0.00         0.00         0.00         0.00         0.00         0.00         0.00         0.00         0.00          0.00         0.00         0.00         0.00         0.00         0.00
7885          1.00         0.00         0.00         0.00         0.00         0.00         0.00         0.00         0.00         0.00         0.00        21.46         38.27       871.38       158.49     1,029.87        22.46     1,007.41
3326          1.00         0.00         0.00         0.00         0.00       352.72         0.00         0.00         0.00        51.39         0.00        37.79          0.00     1,529.38       251.83     1,781.21       442.90     1,338.31
7939          1.00         0.00         0.00         0.00         0.00         0.00         0.00         0.00         0.00         0.00         0.00        18.65         30.93       985.89       151.15     1,137.04        19.65     1,117.39
0449          1.00         0.00         0.00         0.00         0.00       447.60         0.00         0.00         0.00        14.77         0.00        46.29          0.00     1,279.79       168.79     1,448.58       509.66       938.92
6934          1.00         0.00         0.00         0.00         0.00         0.00         0.00         0.00         0.00       342.85         0.00        84.19          0.00     2,999.45       460.71     3,460.16       428.04     3,032.12
7137          1.00         0.00         0.00         0.00         0.00         0.00         0.00         0.00         0.00        52.37         0.00        36.53          0.00     1,538.38       199.19     1,737.57        89.90     1,647.67
7951          1.00         0.00         0.00         0.00         0.00         0.00         0.00         0.00         0.00        41.05         0.00        23.23          0.00     1,132.34       351.37     1,483.71        65.28     1,418.43

















































EJECUTIVOS EN SERVICIOS DE ALIMENTOS, S.A. DE C.V.                                                                      Pagina: 0005
R.F.C.:                                                                                                                    2/NOV/19
REPORTE DE SUELDOS SEMANALES DEDUCCIONES


 
Codigo Desc Vales   Desc Zapatos Otras Deducc Desc Fonacot Pension Alim Desc Infonav Faltas       Inca Enferme Inca Riesgo  ISPT         Ajus ISPT    IMSS          Sub P/Empleo Tot Per Grav Tot Per Exce Total Percep Total Deducc Neto Pagado
..........................................................................................................................................................................................................................................
7923          1.00         0.00         0.00         0.00         0.00         0.00         0.00         0.00         0.00       127.71         0.00        30.90          0.00     1,694.20       403.00     2,097.20       159.61     1,937.59
6682          1.00         0.00         0.00         0.00         0.00         0.00       144.20         0.00         0.00         0.00         0.00        18.36         50.97       785.30       147.14       932.44       163.56       768.88
7957          1.00         0.00         0.00         0.00         0.00         0.00       120.51         0.00         0.00         0.00         0.00         6.03         21.47       284.63        41.56       326.19       127.54       198.65
1269          1.00         0.00         0.00         0.00         0.00         0.00         0.00         0.00         0.00         0.00         0.00        29.21         32.87       955.65       211.43     1,167.08        30.21     1,136.87
7890          1.00         0.00         0.00         0.00         0.00         0.00         0.00         0.00         0.00         0.00         0.00        21.46         38.27       871.38       209.99     1,081.37        22.46     1,058.91
1419          1.00         0.00         0.00         0.00         0.00       268.68         0.00         0.00         0.00        59.92         0.00        39.46          0.00     1,607.73       268.33     1,876.06       369.06     1,507.00
7887          1.00         0.00         0.00         0.00         0.00         0.00       120.51         0.00         0.00         0.00         0.00        17.95         54.75       796.38       155.22       951.60       139.46       812.14
3525          1.00         0.00         0.00         0.00         0.00         0.00         0.00         0.00         0.00         0.00         0.00        32.51          9.41     1,144.45       173.32     1,317.77        33.51     1,284.26
6885          1.00         0.00         0.00         0.00         0.00         0.00         0.00         0.00         0.00         0.00         0.00        32.74         13.46     1,107.28       179.14     1,286.42        33.74     1,252.68
7893          1.00         0.00         0.00         0.00         0.00         0.00         0.00         0.00         0.00        90.12         0.00        19.98          0.00     1,798.38       236.09     2,034.47       111.10     1,923.37
7907          1.00         0.00         0.00         0.00         0.00         0.00         0.00         0.00         0.00       131.21         0.00        39.88          0.00     1,726.43       257.02     1,983.45       172.09     1,811.36
4775          1.00         0.00         0.00         0.00         0.00         0.00         0.00         0.00         0.00         0.00         0.00        30.17         30.40       994.28       247.58     1,241.86        31.17     1,210.69
4832          1.00         0.00         0.00         0.00         0.00         0.00         0.00         0.00         0.00         0.00         0.00        28.01         36.09       914.15       163.15     1,077.30        29.01     1,048.29
7824          1.00         0.00         0.00         0.00         0.00         0.00         0.00         0.00         0.00         0.00         0.00        26.99         38.27       871.38       158.49     1,029.87        27.99     1,001.88
3321          1.00         0.00         0.00         0.00         0.00         0.00         0.00         0.00         0.00       212.31         0.00        63.70          0.00     2,316.64       331.30     2,647.94       277.01     2,370.93
2112          1.00         0.00         0.00         0.00         0.00         0.00         0.00       241.02         0.00         0.00         0.00        22.03         50.25       835.65       160.95       996.60       264.05       732.55
0624          1.00         0.00         0.00         0.00         0.00         0.00         0.00         0.00         0.00       164.33         0.00        53.30          0.00     2,026.61       395.20     2,421.81       218.63     2,203.18
6877          1.00         0.00         0.00       194.15         0.00         0.00         0.00         0.00         0.00         0.00         0.00        30.78          8.00     1,134.45       171.91     1,306.36       225.93     1,080.43
4385          1.00         0.00         0.00         0.00         0.00         0.00         0.00         0.00         0.00        48.74         0.00        35.42          0.00     1,504.95       199.19     1,704.14        85.16     1,618.98
0366          1.00         0.00         0.00         0.00         0.00         0.00         0.00         0.00         0.00       343.09         0.00        86.30          0.00     3,000.58       462.49     3,463.07       430.39     3,032.68
7917          1.00         0.00         0.00         0.00         0.00         0.00         0.00         0.00         0.00         0.00         0.00        18.65         35.70     1,013.01       349.04     1,362.05        19.65     1,342.40
6206          1.00         0.00         0.00         0.00         0.00         0.00         0.00         0.00         0.00        34.25         0.00        31.37          0.00     1,371.75       308.62     1,680.37        66.62     1,613.75
4366          1.00         0.00         0.00         0.00         0.00         0.00         0.00         0.00         0.00         0.00         0.00        29.75         29.14     1,014.04       172.18     1,186.22        30.75     1,155.47
7618          1.00         0.00         0.00         0.00         0.00         0.00         0.00         0.00         0.00         0.00         0.00        24.89         28.93     1,017.15       258.99     1,276.14        25.89     1,250.25
 
*** GLO     187.00         0.00     1,010.00     1,045.46         0.00     5,734.22     4,125.11       673.62         0.00     8,780.01         0.00     5,808.87      3,992.72   239,188.29                283,420.03    27,364.29   256,055.74
  

































































