EJECUTIVOS EN SERVICIOS DE ALIMENTOS, S.A. DE C.V.                                                                      Pagina: 0001
R.F.C.:                                                                                                                    2/NOV/19
REPORTE DE SUELDOS SEMANALES DEDUCCIONES


 
Codigo Desc Vales   Desc Zapatos Otras Deducc Desc Fonacot Pension Alim Desc Infonav Faltas       Inca Enferme Inca Riesgo  ISPT         Ajus ISPT    IMSS          Sub P/Empleo Tot Per Grav Tot Per Exce Total Percep Total Deducc Neto Pagado
..........................................................................................................................................................................................................................................
7879          1.00         0.00         0.00         0.00         0.00         0.00         0.00         0.00         0.00         0.00         0.00        26.87         35.79       910.01       194.63     1,104.64        27.87     1,076.77
6600          1.00         0.00         0.00         0.00         0.00       246.12         0.00         0.00         0.00         0.00         0.00        21.43         38.55       968.53       229.98     1,198.51       268.55       929.96
7685          1.00         0.00         0.00         0.00         0.00         0.00         0.00         0.00         0.00         0.00         0.00        24.83         36.09       914.15       219.87     1,134.02        25.83     1,108.19
7331          1.00         0.00         0.00         0.00         0.00         0.00         0.00         0.00         0.00         0.00         0.00        27.66         12.24     1,080.99       222.58     1,303.57        28.66     1,274.91
5933          1.00         0.00         0.00         0.00         0.00         0.00         0.00         0.00         0.00         0.00         0.00        25.05         30.58       991.40       196.26     1,187.66        26.05     1,161.61
7170          1.00         0.00       219.00         0.00         0.00         0.00         0.00         0.00         0.00         0.00         0.00        25.92         21.51     1,133.15       148.57     1,281.72       245.92     1,035.80
5201          1.00         0.00         0.00         0.00         0.00       335.50         0.00         0.00         0.00        63.34         0.00        36.80          0.00     1,639.13       267.51     1,906.64       436.64     1,470.00
3890          1.00         0.00         0.00         0.00         0.00         0.00         0.00         0.00         0.00       178.37         0.00        54.41          0.00     2,104.51       319.12     2,423.63       233.78     2,189.85
7834          1.00         0.00         0.00         0.00         0.00         0.00         0.00         0.00         0.00         0.00         0.00        23.58         11.19     1,091.29       192.85     1,284.14        24.58     1,259.56
1123          1.00         0.00         0.00         0.00         0.00         0.00         0.00         0.00         0.00        23.03         0.00        33.05          0.00     1,355.64       197.70     1,553.34        57.08     1,496.26
7959          1.00         0.00         0.00         0.00         0.00         0.00         0.00         0.00         0.00         0.00         0.00        19.71         38.91       861.38       159.13     1,020.51        20.71       999.80
8013          0.00         0.00         0.00         0.00         0.00         0.00       602.55         0.00         0.00         0.00         0.00         8.83         25.67       756.16        25.67       781.83       611.38       170.45
8016          1.00         0.00         0.00         0.00         0.00         0.00         0.00         0.00         0.00         0.00         0.00        13.32         35.33       559.45       146.08       705.53        14.32       691.21
7977          1.00         0.00         0.00         0.00         0.00         0.00         0.00         0.00         0.00         0.00         0.00        18.65         17.35     1,096.54       201.94     1,298.48        19.65     1,278.83
7986          1.00         0.00         0.00         0.00         0.00         0.00       120.51         0.00         0.00         0.00         0.00        16.69         43.20       939.27       195.17     1,134.44       138.20       996.24
7259          1.00         0.00         0.00         0.00         0.00         0.00         0.00         0.00         0.00         0.00         0.00        26.72         36.16       904.15       163.22     1,067.37        27.72     1,039.65
7312          1.00         0.00         0.00         0.00         0.00         0.00         0.00         0.00         0.00         0.00         0.00        23.53         32.33       964.06       167.37     1,131.43        24.53     1,106.90
7975          0.00         0.00         0.00         0.00         0.00         0.00         0.00         0.00         0.00         0.00         0.00         0.00          0.00         0.00         0.00         0.00         0.00         0.00
7338          1.00         0.00         0.00         0.00         0.00         0.00         0.00         0.00         0.00         0.00         0.00        27.26         29.14     1,014.04       172.18     1,186.22        28.26     1,157.96
5677          1.00         0.00         0.00         0.00         0.00         0.00         0.00         0.00         0.00        23.03         0.00        35.87          0.00     1,355.64       197.70     1,553.34        59.90     1,493.44
7943          1.00         0.00         0.00         0.00         0.00         0.00         0.00         0.00         0.00         0.00         0.00        20.30         38.27       871.38       158.49     1,029.87        21.30     1,008.57
7812          0.00         0.00         0.00         0.00         0.00         0.00         0.00         0.00         0.00         0.00         0.00         0.00          0.00         0.00         0.00         0.00         0.00         0.00
0849          1.00         0.00         0.00         0.00         0.00         0.00         0.00         0.00         0.00         0.00         0.00        31.54          9.11     1,119.65       182.75     1,302.40        32.54     1,269.86
7536          1.00         0.00         0.00         0.00         0.00         0.00         0.00         0.00         0.00         0.00         0.00        24.65         31.41       978.53       222.84     1,201.37        25.65     1,175.72
5181          1.00         0.00         0.00         0.00         0.00         0.00         0.00         0.00         0.00         0.00         0.00        22.43         35.53       914.15       162.59     1,076.74        23.43     1,053.31
5429          1.00         0.00         0.00         0.00         0.00         0.00         0.00         0.00         0.00       342.16         0.00        77.74          0.00     2,996.23       471.05     3,467.28       420.90     3,046.38
7655          1.00         0.00         0.00         0.00         0.00         0.00         0.00         0.00         0.00         0.00         0.00        26.86         29.58     1,007.15       259.64     1,266.79        27.86     1,238.93
5558          1.00         0.00         0.00         0.00         0.00         0.00         0.00         0.00         0.00         0.00         0.00        24.77          9.51     1,113.47       223.36     1,336.83        25.77     1,311.06
7663          1.00         0.00         0.00         0.00         0.00         0.00         0.00         0.00         0.00         5.75         0.00        28.66          0.00     1,260.91       255.40     1,516.31        35.41     1,480.90
8010          1.00         0.00         0.00         0.00         0.00         0.00         0.00         0.00         0.00         0.00         0.00        18.65         28.67       983.69       213.26     1,196.95        19.65     1,177.30
7773          1.00         0.00         0.00         0.00         0.00         0.00         0.00         0.00         0.00         0.00         0.00        25.71         31.82       972.04       158.88     1,130.92        26.71     1,104.21
1424          1.00         0.00         0.00         0.00         0.00       466.38         0.00         0.00         0.00       300.88         0.00        73.68          0.00     2,810.16       549.76     3,359.92       841.94     2,517.98
5280          1.00         0.00         0.00       362.10         0.00       435.11         0.00         0.00         0.00       175.59         0.00        48.16          0.00     2,087.15       289.67     2,376.82     1,021.96     1,354.86
8020          1.00         0.00         0.00         0.00         0.00         0.00         0.00         0.00         0.00         0.00         0.00        18.65         37.25       887.13       183.22     1,070.35        19.65     1,050.70
7883          1.00         0.00         0.00         0.00         0.00         0.00         0.00         0.00         0.00         0.00         0.00        23.91         32.33       964.06       167.37     1,131.43        24.91     1,106.52
8006          0.00         0.00         0.00         0.00         0.00         0.00         0.00         0.00         0.00         0.00         0.00         0.00          0.00         0.00         0.00         0.00         0.00         0.00
7994          1.00         0.00         0.00         0.00         0.00         0.00         0.00         0.00         0.00         0.00         0.00        18.65         38.27       871.38       158.49     1,029.87        19.65     1,010.22
6461          1.00         0.00       297.00         0.00         0.00         0.00         0.00         0.00         0.00        54.31         0.00        26.97          0.00     1,579.32       296.26     1,875.58       379.28     1,496.30
6765          1.00         0.00         0.00         0.00         0.00         0.00         0.00         0.00         0.00       159.08         0.00        49.12          0.00     1,982.51       338.80     2,321.31       209.20     2,112.11
8017          1.00         0.00         0.00         0.00         0.00       165.14         0.00         0.00         0.00         0.00         0.00        13.32         37.80       520.82       109.93       630.75       179.46       451.29
7909          1.00         0.00         0.00         0.00         0.00         0.00         0.00         0.00         0.00         0.00         0.00        23.56         30.85       987.26       189.69     1,176.95        24.56     1,152.39
5000          1.00         0.00         0.00         0.00         0.00         0.00         0.00         0.00         0.00        19.26         0.00        29.62          0.00     1,256.99       216.80     1,473.79        49.88     1,423.91
7915          0.00         0.00         0.00         0.00         0.00         0.00         0.00         0.00         0.00         0.00         0.00         0.00          0.00         0.00         0.00         0.00         0.00         0.00

















































EJECUTIVOS EN SERVICIOS DE ALIMENTOS, S.A. DE C.V.                                                                      Pagina: 0002
R.F.C.:                                                                                                                    2/NOV/19
REPORTE DE SUELDOS SEMANALES DEDUCCIONES


 
Codigo Desc Vales   Desc Zapatos Otras Deducc Desc Fonacot Pension Alim Desc Infonav Faltas       Inca Enferme Inca Riesgo  ISPT         Ajus ISPT    IMSS          Sub P/Empleo Tot Per Grav Tot Per Exce Total Percep Total Deducc Neto Pagado
..........................................................................................................................................................................................................................................
7925          1.00         0.00         0.00         0.00         0.00         0.00         0.00         0.00         0.00         1.72         0.00        29.64          0.00     1,246.79       180.28     1,427.07        32.36     1,394.71
5644          1.00         0.00         0.00         0.00         0.00       337.88         0.00         0.00         0.00        42.19         0.00        30.54          0.00     1,444.81       296.26     1,741.07       411.61     1,329.46
6638          1.00         0.00         0.00         0.00         0.00         0.00         0.00         0.00         0.00         0.00         0.00        24.95         52.65       914.15       179.71     1,093.86        25.95     1,067.91
7800          1.00         0.00         0.00         0.00         0.00         0.00         0.00         0.00         0.00         0.00         0.00        20.63          0.00       871.38       171.72     1,043.10        21.63     1,021.47
6690          1.00         0.00         0.00         0.00         0.00         0.00         0.00         0.00         0.00         0.00         0.00        23.12         34.10       936.34       193.34     1,129.68        24.12     1,105.56
7168          1.00         0.00         0.00         0.00         0.00         0.00         0.00         0.00         0.00         0.00         0.00        26.76         35.53       914.15       214.09     1,128.24        27.76     1,100.48
7991          1.00         0.00         0.00         0.00         0.00         0.00         0.00         0.00         0.00        10.10         0.00        27.97          0.00     1,236.79       180.28     1,417.07        39.07     1,378.00
4314          1.00         0.00         0.00         0.00         0.00         0.00         0.00         0.00         0.00       207.48         0.00        48.63          0.00     2,286.43       393.60     2,680.03       257.11     2,422.92
7848          1.00         0.00         0.00         0.00         0.00         0.00         0.00         0.00         0.00         0.00         0.00        20.35         36.84       893.57       189.24     1,082.81        21.35     1,061.46
7632          1.00         0.00         0.00         0.00         0.00         0.00         0.00         0.00         0.00         0.00         0.00        28.01          0.00     1,087.97       352.36     1,440.33        29.01     1,411.32
7873          1.00         0.00         0.00         0.00         0.00         0.00         0.00         0.00         0.00         0.00         0.00        27.77         38.27       871.38       158.49     1,029.87        28.77     1,001.10
6504          0.00         0.00         0.00         0.00         0.00         0.00         0.00         0.00         0.00         0.00         0.00         0.00          0.00         0.00         0.00         0.00         0.00         0.00
7801          1.00         0.00         0.00         0.00         0.00         0.00         0.00         0.00         0.00         0.00         0.00        22.21         38.27       871.38       158.49     1,029.87        23.21     1,006.66
7061          1.00         0.00         0.00         0.00         0.00         0.00         0.00         0.00         0.00         8.07         0.00        28.40          0.00     1,282.17       209.81     1,491.98        37.47     1,454.51
7847          1.00         0.00         0.00         0.00         0.00         0.00         0.00         0.00         0.00         0.00         0.00        24.88         38.90       861.38       159.12     1,020.50        25.88       994.62
7633          1.00         0.00         0.00         0.00         0.00         0.00       144.20         0.00         0.00         0.00         0.00        24.22         41.54       871.02       194.69     1,065.71       169.42       896.29
7984          1.00         0.00         0.00         0.00         0.00         0.00         0.00         0.00         0.00        10.10         0.00        27.97          0.00     1,236.79       180.28     1,417.07        39.07     1,378.00
7914          1.00         0.00         0.00         0.00         0.00         0.00         0.00         0.00         0.00         0.00         0.00        22.06         38.27       871.38       158.49     1,029.87        23.06     1,006.81
2897          1.00         0.00         0.00         0.00         0.00         0.00         0.00         0.00         0.00         0.00         0.00        21.89         35.53       914.15       162.59     1,076.74        22.89     1,053.85
8007          1.00         0.00         0.00         0.00         0.00         0.00         0.00         0.00         0.00         0.00         0.00        26.27          4.13     1,178.33       234.67     1,413.00        27.27     1,385.73
6052          0.00         0.00         0.00         0.00         0.00         0.00         0.00         0.00         0.00         0.00         0.00         0.00          0.00         0.00         0.00         0.00         0.00         0.00
7614          1.00         0.00         0.00         0.00         0.00         0.00         0.00         0.00         0.00       101.95         0.00        34.01          0.00     1,907.13       330.80     2,237.93       136.96     2,100.97
3318          1.00         0.00         0.00         0.00         0.00       510.55         0.00         0.00         0.00       229.37         0.00        70.51          0.00     2,411.11       313.42     2,724.53       811.43     1,913.10
7804          1.00         0.00         0.00         0.00         0.00         0.00         0.00         0.00         0.00        55.18         0.00        38.29          0.00     1,564.18       232.66     1,796.84        94.47     1,702.37
6083          1.00         0.00         0.00         0.00         0.00         0.00         0.00         0.00       241.02         0.00         0.00        20.72         50.27       843.27       140.56       983.83       262.74       721.09
6766          1.00         0.00         0.00         0.00         0.00         0.00       143.23         0.00         0.00        13.82         0.00        24.15          0.00     1,414.19       228.79     1,642.98       182.20     1,460.78
7982          1.00         0.00         0.00         0.00         0.00         0.00         0.00         0.00         0.00        15.22         0.00        27.97          0.00     1,283.83       227.31     1,511.14        44.19     1,466.95
4137          1.00         0.00         0.00         0.00         0.00         0.00         0.00         0.00         0.00       371.81         0.00        88.97          0.00     3,135.04       482.40     3,617.44       461.78     3,155.66
8009          1.00         0.00         0.00         0.00         0.00         0.00       288.40         0.00         0.00         0.00         0.00        14.72         45.47       871.68       117.60       989.28       304.12       685.16
7542          1.00         0.00         0.00         0.00         0.00         0.00         0.00         0.00         0.00         0.00         0.00        27.83         35.53       914.15       162.59     1,076.74        28.83     1,047.91
3780          1.00         0.00         0.00         0.00         0.00         0.00         0.00         0.00         0.00       141.75         0.00        43.02          0.00     1,823.20       361.58     2,184.78       185.77     1,999.01
7992          1.00         0.00         0.00         0.00         0.00         0.00       120.51         0.00         0.00        18.96         0.00        16.69          0.00     1,448.61       190.59     1,639.20       157.16     1,482.04
6205          1.00         0.00         0.00         0.00         0.00         0.00         0.00         0.00         0.00         0.00         0.00        24.05         32.33       964.06       167.37     1,131.43        25.05     1,106.38
5027          1.00         0.00         0.00         0.00         0.00         0.00         0.00         0.00         0.00         9.36         0.00        35.49          0.00     1,230.04       143.04     1,373.08        45.85     1,327.23
7949          0.00         0.00         0.00         0.00         0.00         0.00         0.00         0.00         0.00         0.00         0.00         0.00          0.00         0.00         0.00         0.00         0.00         0.00
7993          1.00         0.00         0.00         0.00         0.00         0.00         0.00         0.00         0.00         0.00         0.00        18.65         21.54       987.26       257.63     1,244.89        19.65     1,225.24
7818          1.00         0.00         0.00         0.00         0.00         0.00         0.00         0.00         0.00         0.00         0.00        29.06          2.33     1,119.92       261.24     1,381.16        30.06     1,351.10
7221          1.00         0.00         0.00         0.00         0.00         0.00       144.20         0.00         0.00         0.00         0.00        16.69         40.44       888.30       239.61     1,127.91       161.89       966.02
7815          1.00         0.00         0.00         0.00         0.00         0.00         0.00         0.00         0.00         0.00         0.00        26.42         33.96       938.63       231.43     1,170.06        27.42     1,142.64
6839          1.00         0.00         0.00         0.00         0.00         0.00         0.00         0.00         0.00         0.00         0.00        24.24         31.41       978.53       222.84     1,201.37        25.24     1,176.13
5646          1.00         0.00         0.00         0.00         0.00         0.00         0.00         0.00         0.00         0.00         0.00        28.14         35.53       914.15       162.59     1,076.74        29.14     1,047.60
8011          1.00         0.00         0.00         0.00         0.00         0.00         0.00         0.00         0.00         7.13         0.00        27.97          0.00     1,246.79       180.28     1,427.07        36.10     1,390.97
7708          1.00         0.00         0.00         0.00         0.00         0.00         0.00         0.00         0.00         0.00         0.00        23.04         33.06       952.78       198.74     1,151.52        24.04     1,127.48

















































EJECUTIVOS EN SERVICIOS DE ALIMENTOS, S.A. DE C.V.                                                                      Pagina: 0003
R.F.C.:                                                                                                                    2/NOV/19
REPORTE DE SUELDOS SEMANALES DEDUCCIONES


 
Codigo Desc Vales   Desc Zapatos Otras Deducc Desc Fonacot Pension Alim Desc Infonav Faltas       Inca Enferme Inca Riesgo  ISPT         Ajus ISPT    IMSS          Sub P/Empleo Tot Per Grav Tot Per Exce Total Percep Total Deducc Neto Pagado
..........................................................................................................................................................................................................................................
7985          1.00         0.00         0.00         0.00         0.00         0.00         0.00         0.00         0.00         0.09         0.00        18.65          0.00     1,158.04       158.84     1,316.88        19.74     1,297.14
7869          1.00         0.00         0.00         0.00         0.00         0.00       120.51         0.00         0.00         0.00         0.00        21.31         40.23       873.84       153.09     1,026.93       142.82       884.11
7882          0.00         0.00         0.00         0.00         0.00         0.00         0.00         0.00         0.00         0.00         0.00         0.00          0.00         0.00         0.00         0.00         0.00         0.00
7973          1.00         0.00         0.00         0.00         0.00       175.37         0.00         0.00         0.00         0.00         0.00        18.65         38.91       861.38       159.13     1,020.51       195.02       825.49
8012          1.00         0.00         0.00         0.00         0.00         0.00         0.00         0.00         0.00         0.00         0.00        18.65         23.83     1,080.99       182.67     1,263.66        19.65     1,244.01
5679          1.00         0.00         0.00         0.00         0.00         0.00         0.00         0.00         0.00        23.03         0.00        37.71          0.00     1,355.64       260.41     1,616.05        61.74     1,554.31
7892          0.00         0.00         0.00         0.00         0.00         0.00         0.00         0.00         0.00         0.00         0.00         0.00          0.00         0.00         0.00         0.00         0.00         0.00
7530          1.00         0.00         0.00         0.00         0.00         0.00       120.51         0.00         0.00         0.00         0.00        24.80         46.78     1,012.38       384.70     1,397.08       146.31     1,250.77
6028          1.00         0.00         0.00         0.00         0.00       407.29         0.00         0.00         0.00        54.09         0.00        31.58          0.00     1,467.23       296.26     1,763.49       493.96     1,269.53
6565          0.00         0.00         0.00         0.00         0.00         0.00         0.00         0.00         0.00         0.00         0.00         0.00          0.00         0.00         0.00         0.00         0.00         0.00
3676          1.00         0.00         0.00         0.00         0.00         0.00         0.00         0.00         0.00        64.66         0.00        38.00          0.00     1,651.37       338.80     1,990.17       103.66     1,886.51
3221          1.00         0.00         0.00         0.00         0.00         0.00         0.00         0.00         0.00        60.09         0.00        33.20          0.00     1,609.37       371.60     1,980.97        94.29     1,886.68
7779          1.00         0.00         0.00         0.00         0.00         0.00         0.00         0.00         0.00         0.00         0.00        37.38         19.75     1,412.11       220.97     1,633.08        38.38     1,594.70
7942          1.00         0.00         0.00         0.00         0.00         0.00         0.00         0.00         0.00         0.00         0.00        19.91         22.84     1,057.91       168.81     1,226.72        20.91     1,205.81
8014          0.00         0.00         0.00         0.00         0.00         0.00       482.04         0.00         0.00         0.00         0.00         8.13         25.16       637.71        25.16       662.87       490.17       172.70
7845          1.00         0.00         0.00         0.00         0.00         0.00         0.00         0.00         0.00        25.82         0.00        40.88          0.00     1,381.29       220.29     1,601.58        67.70     1,533.88
7920          1.00         0.00         0.00         0.00         0.00         0.00         0.00         0.00         0.00         0.00         0.00        20.60         38.91       861.38       159.13     1,020.51        21.60       998.91
7996          1.00         0.00         0.00         0.00         0.00         0.00         0.00         0.00         0.00         0.00         0.00        18.65         38.90       861.38       159.12     1,020.50        19.65     1,000.85
2522          1.00         0.00         0.00         0.00         0.00         0.00       120.51         0.00       482.04         0.00         0.00         9.07          0.00       820.47       149.98       970.45       612.62       357.83
7990          1.00         0.00         0.00         0.00         0.00         0.00         0.00         0.00         0.00         0.00         0.00        18.65         20.82     1,042.36       192.54     1,234.90        19.65     1,215.25
7938          0.00         0.00         0.00         0.00         0.00         0.00         0.00         0.00         0.00         0.00         0.00         0.00          0.00         0.00         0.00         0.00         0.00         0.00
0236          1.00         0.00         0.00         0.00         0.00       533.49         0.00         0.00         0.00       175.09         0.00        58.53          0.00     2,083.99       378.67     2,462.66       768.11     1,694.55
7080          1.00         0.00         0.00         0.00         0.00         0.00         0.00         0.00         0.00        24.04         0.00        46.61          0.00     1,364.95       199.19     1,564.14        71.65     1,492.49
5965          1.00         0.00         0.00         0.00         0.00         0.00         0.00         0.00         0.00         0.00         0.00        32.45          2.16     1,188.13       173.06     1,361.19        33.45     1,327.74
5447          1.00         0.00         0.00         0.00         0.00         0.00         0.00         0.00         0.00         0.00         0.00        32.14          9.36     1,119.92       268.27     1,388.19        33.14     1,355.05
7932          1.00         0.00         0.00         0.00         0.00         0.00         0.00         0.00         0.00         5.56         0.00        20.84          0.00     1,270.51       158.84     1,429.35        27.40     1,401.95
6685          1.00         0.00         0.00         0.00         0.00         0.00         0.00         0.00         0.00         0.00         0.00        26.48         33.05       952.78       198.73     1,151.51        27.48     1,124.03
5549          1.00         0.00         0.00         0.00         0.00         0.00         0.00         0.00         0.00         0.00         0.00        29.95          4.96     1,162.38       260.77     1,423.15        30.95     1,392.20
0854          1.00         0.00         0.00         0.00         0.00       332.71         0.00         0.00         0.00       141.83         0.00        40.03          0.00     1,823.99       394.58     2,218.57       515.57     1,703.00
7295          1.00         0.00         0.00         0.00         0.00         0.00         0.00         0.00         0.00         0.00         0.00        28.47         35.53       914.15       162.59     1,076.74        29.47     1,047.27
8003          0.00         0.00         0.00         0.00         0.00         0.00         0.00         0.00         0.00         0.00         0.00         0.00          0.00         0.00         0.00         0.00         0.00         0.00
4807          1.00         0.00         0.00         0.00         0.00         0.00         0.00         0.00         0.00       510.36         0.00       110.77          0.00     3,783.66       586.18     4,369.84       622.13     3,747.71
6821          1.00         0.00         0.00         0.00         0.00         0.00         0.00         0.00         0.00         0.00         0.00        28.81          2.40     1,269.95       265.11     1,535.06        29.81     1,505.25
8018          1.00         0.00         0.00         0.00         0.00         0.00         0.00         0.00         0.00         0.00         0.00        21.64          7.44       965.41       158.75     1,124.16        22.64     1,101.52
3169          1.00         0.00         0.00         0.00         0.00         0.00         0.00         0.00         0.00         0.00         0.00        27.21         36.09       914.15       163.15     1,077.30        28.21     1,049.09
7947          1.00         0.00         0.00         0.00         0.00         0.00       120.51       241.02         0.00         0.00         0.00        15.48         58.61       851.96       230.33     1,082.29       378.01       704.28
4514          1.00         0.00         0.00         0.00         0.00       371.18         0.00         0.00         0.00        73.43         0.00        35.10          0.00     1,731.92       291.77     2,023.69       480.71     1,542.98
6379          1.00         0.00         0.00         0.00         0.00         0.00       602.55         0.00         0.00         0.00         0.00        10.27         51.16       736.07        71.25       807.32       613.82       193.50
7814          1.00         0.00         0.00         0.00         0.00         0.00         0.00         0.00         0.00         0.00         0.00        29.32         29.77     1,004.04       172.81     1,176.85        30.32     1,146.53
7754          1.00         0.00         0.00         0.00         0.00         0.00         0.00         0.00         0.00         0.00         0.00        21.05         30.85       987.26       189.69     1,176.95        22.05     1,154.90
7717          1.00         0.00         0.00         0.00         0.00         0.00         0.00         0.00         0.00        22.71         0.00        34.95          0.00     1,352.70       236.73     1,589.43        58.66     1,530.77
6014          1.00         0.00         0.00         0.00         0.00         0.00         0.00         0.00         0.00        41.02         0.00        32.33          0.00     1,434.03       276.09     1,710.12        74.35     1,635.77
7775          1.00         0.00         0.00         0.00         0.00         0.00         0.00         0.00         0.00         0.00         0.00        20.49         38.91       861.38       159.13     1,020.51        21.49       999.02

















































EJECUTIVOS EN SERVICIOS DE ALIMENTOS, S.A. DE C.V.                                                                      Pagina: 0004
R.F.C.:                                                                                                                    2/NOV/19
REPORTE DE SUELDOS SEMANALES DEDUCCIONES


 
Codigo Desc Vales   Desc Zapatos Otras Deducc Desc Fonacot Pension Alim Desc Infonav Faltas       Inca Enferme Inca Riesgo  ISPT         Ajus ISPT    IMSS          Sub P/Empleo Tot Per Grav Tot Per Exce Total Percep Total Deducc Neto Pagado
..........................................................................................................................................................................................................................................
3827          1.00         0.00         0.00         0.00         0.00         0.00         0.00         0.00         0.00         0.00         0.00        29.84          5.52     1,157.19       256.43     1,413.62        30.84     1,382.78
7976          1.00         0.00         0.00         0.00         0.00         0.00         0.00         0.00         0.00         0.00         0.00        18.65         29.84     1,003.01       343.18     1,346.19        19.65     1,326.54
5412          1.00         0.00         0.00         0.00         0.00         0.00         0.00         0.00         0.00        12.59         0.00        24.62          0.00     1,251.78       242.93     1,494.71        38.21     1,456.50
7995          1.00         0.00         0.00         0.00         0.00         0.00         0.00         0.00         0.00         0.00         0.00        18.65         38.27       871.38       158.49     1,029.87        19.65     1,010.22
7395          1.00         0.00         0.00         0.00         0.00         0.00         0.00         0.00         0.00         0.00         0.00        23.49         32.97       954.06       168.01     1,122.07        24.49     1,097.58
0214          1.00         0.00         0.00         0.00         0.00         0.00         0.00         0.00         0.00       510.36         0.00       110.48          0.00     3,783.66       586.18     4,369.84       621.84     3,748.00
7849          1.00         0.00         0.00         0.00         0.00         0.00         0.00         0.00         0.00         0.00         0.00        27.02         29.02     1,015.89       303.73     1,319.62        28.02     1,291.60
6321          0.00         0.00         0.00         0.00         0.00         0.00         0.00         0.00         0.00         0.00         0.00         0.00          0.00         0.00         0.00         0.00         0.00         0.00
5232          1.00         0.00         0.00         0.00         0.00         0.00         0.00         0.00         0.00        93.95         0.00        36.63          0.00     1,768.40       310.41     2,078.81       131.58     1,947.23
8019          1.00         0.00         0.00         0.00         0.00         0.00         0.00         0.00         0.00         0.00         0.00        10.66         30.10       418.86        78.18       497.04        11.66       485.38
4958          1.00         0.00         0.00         0.00         0.00         0.00         0.00         0.00         0.00         0.00         0.00        24.82         35.53       914.15       162.59     1,076.74        25.82     1,050.92
7880          1.00         0.00         0.00         0.00         0.00         0.00         0.00         0.00         0.00         0.00         0.00        28.06          8.21     1,132.49       218.55     1,351.04        29.06     1,321.98
3979          1.00         0.00         0.00         0.00         0.00         0.00         0.00         0.00         0.00       420.97         0.00       108.44          0.00     3,365.20       519.23     3,884.43       530.41     3,354.02
7902          1.00         0.00         0.00         0.00         0.00         0.00         0.00         0.00         0.00         0.00         0.00        27.70         18.35     1,080.99       177.19     1,258.18        28.70     1,229.48
0442          1.00         0.00         0.00         0.00         0.00         0.00         0.00         0.00         0.00        50.43         0.00        39.39          0.00     1,520.58       325.27     1,845.85        90.82     1,755.03
7330          0.00         0.00         0.00         0.00         0.00         0.00         0.00         0.00         0.00         0.00         0.00         0.00          0.00         0.00         0.00         0.00         0.00         0.00
8005          0.00         0.00         0.00         0.00         0.00         0.00         0.00         0.00         0.00         0.00         0.00         0.00          0.00         0.00         0.00         0.00         0.00         0.00
7846          1.00         0.00         0.00         0.00         0.00         0.00         0.00         0.00         0.00        12.21         0.00        24.57          0.00     1,245.79       181.66     1,427.45        37.78     1,389.67
8004          1.00         0.00         0.00         0.00         0.00         0.00         0.00         0.00         0.00         0.00         0.00        18.65         38.26       871.38       158.48     1,029.86        19.65     1,010.21
7823          1.00         0.00         0.00         0.00         0.00         0.00         0.00         0.00         0.00         0.00         0.00        20.69         38.27       871.38       158.49     1,029.87        21.69     1,008.18
7298          1.00         0.00         0.00         0.00         0.00         0.00         0.00         0.00         0.00        51.57         0.00        35.28          0.00     1,530.97       270.37     1,801.34        87.85     1,713.49
7963          1.00         0.00         0.00         0.00         0.00         0.00         0.00         0.00         0.00         0.00         0.00        20.08         38.27       871.38       158.49     1,029.87        21.08     1,008.79
5396          1.00         0.00         0.00         0.00         0.00         0.00         0.00         0.00         0.00         0.00         0.00        28.83         22.44     1,017.15       252.50     1,269.65        29.83     1,239.82
5704          0.00         0.00         0.00         0.00         0.00         0.00         0.00         0.00         0.00         0.00         0.00         0.00          0.00         0.00         0.00         0.00         0.00         0.00
8015          1.00         0.00         0.00         0.00         0.00         0.00         0.00         0.00         0.00         0.00         0.00        15.99         27.71       826.29       310.56     1,136.85        16.99     1,119.86
7989          1.00         0.00         0.00         0.00         0.00         0.00         0.00         0.00         0.00         0.00         0.00        18.65         38.90       861.38       159.12     1,020.50        19.65     1,000.85
7588          1.00         0.00         0.00         0.00         0.00         0.00         0.00         0.00         0.00         0.00         0.00        25.39         42.03       914.15       169.09     1,083.24        26.39     1,056.85
7821          1.00         0.00         0.00         0.00         0.00         0.00         0.00         0.00         0.00         0.00         0.00        24.60         29.14     1,014.04       172.18     1,186.22        25.60     1,160.62
5588          0.00         0.00         0.00         0.00         0.00         0.00         0.00         0.00         0.00         0.00         0.00        22.54         25.25     1,074.81        25.25     1,100.06        22.54     1,077.52
6203          1.00         0.00         0.00         0.00         0.00         0.00         0.00         0.00         0.00        12.81         0.00        35.77          0.00     1,261.73       135.04     1,396.77        49.58     1,347.19
6582          1.00         0.00         0.00         0.00         0.00         0.00         0.00         0.00         0.00         0.00         0.00        21.69         38.45     1,017.15       268.51     1,285.66        22.69     1,262.97
7392          1.00         0.00         0.00         0.00         0.00         0.00         0.00         0.00         0.00         5.62         0.00        27.03          0.00     1,223.15       204.31     1,427.46        33.65     1,393.81
7226          1.00         0.00         0.00         0.00         0.00         0.00         0.00         0.00         0.00         0.00         0.00        30.22         14.49     1,039.79       215.21     1,255.00        31.22     1,223.78
7885          1.00         0.00         0.00         0.00         0.00         0.00         0.00         0.00         0.00         0.00         0.00        22.13         38.27       871.38       158.49     1,029.87        23.13     1,006.74
3326          1.00         0.00         0.00         0.00         0.00       352.72         0.00         0.00         0.00         6.15         0.00        36.42          0.00     1,498.02       220.48     1,718.50       396.29     1,322.21
0449          1.00         0.00         0.00         0.00         0.00       447.60         0.00         0.00         0.00        37.73         0.00        37.35          0.00     1,490.73       329.72     1,820.45       523.68     1,296.77
6934          1.00         0.00         0.00         0.00         0.00         0.00         0.00         0.00         0.00       342.85         0.00        87.64          0.00     2,999.45       460.71     3,460.16       431.49     3,028.67
7137          1.00         0.00         0.00         0.00         0.00         0.00         0.00         0.00         0.00        53.47         0.00        36.53          0.00     1,548.38       261.90     1,810.28        91.00     1,719.28
6682          1.00         0.00         0.00         0.00         0.00         0.00       144.20         0.00         0.00         0.00         0.00        17.72         50.20       785.30       146.37       931.67       162.92       768.75
1269          1.00         0.00         0.00         0.00         0.00         0.00         0.00         0.00         0.00        12.59         0.00        24.33          0.00     1,251.78       242.93     1,494.71        37.92     1,456.79
7037          1.00         0.00         0.00         0.00         0.00         0.00       120.51         0.00         0.00         0.00         0.00        16.69         18.17     1,182.63       195.89     1,378.52       138.20     1,240.32
7890          1.00         0.00         0.00         0.00         0.00         0.00         0.00         0.00         0.00        84.56         0.00        21.32          0.00     1,842.16       210.34     2,052.50       106.88     1,945.62
1419          1.00         0.00         0.00         0.00         0.00         0.00         0.00         0.00         0.00        47.72         0.00        38.46          0.00     1,571.66       232.26     1,803.92        87.18     1,716.74

















































EJECUTIVOS EN SERVICIOS DE ALIMENTOS, S.A. DE C.V.                                                                      Pagina: 0005
R.F.C.:                                                                                                                    2/NOV/19
REPORTE DE SUELDOS SEMANALES DEDUCCIONES


 
Codigo Desc Vales   Desc Zapatos Otras Deducc Desc Fonacot Pension Alim Desc Infonav Faltas       Inca Enferme Inca Riesgo  ISPT         Ajus ISPT    IMSS          Sub P/Empleo Tot Per Grav Tot Per Exce Total Percep Total Deducc Neto Pagado
..........................................................................................................................................................................................................................................
8008          0.00         0.00         0.00         0.00         0.00         0.00         0.00         0.00         0.00         0.00         0.00         0.00          0.00         0.00         0.00         0.00         0.00         0.00
7887          1.00         0.00         0.00         0.00         0.00         0.00         0.00         0.00         0.00         0.00         0.00        21.61         44.72       871.38       164.94     1,036.32        22.61     1,013.71
3525          1.00         0.00         0.00         0.00         0.00         0.00         0.00         0.00         0.00       131.75         0.00        29.52          0.00     1,833.06       301.63     2,134.69       162.27     1,972.42
6885          1.00         0.00         0.00         0.00         0.00         0.00         0.00         0.00         0.00         0.00         0.00        33.49          4.39     1,197.41       340.05     1,537.46        34.49     1,502.97
7893          1.00         0.00         0.00         0.00         0.00         0.00         0.00         0.00         0.00         0.00         0.00        24.82         46.82       871.38       167.04     1,038.42        25.82     1,012.60
7907          1.00         0.00         0.00         0.00         0.00         0.00       191.13         0.00         0.00         0.00         0.00        37.35         22.23     1,580.38       237.03     1,817.41       229.48     1,587.93
4775          1.00         0.00         0.00         0.00         0.00         0.00         0.00         0.00         0.00         0.00         0.00        27.55         11.22     1,090.84       286.33     1,377.17        28.55     1,348.62
4832          1.00         0.00         0.00         0.00         0.00         0.00         0.00         0.00         0.00         0.00         0.00        21.86         35.53       914.15       162.59     1,076.74        22.86     1,053.88
7824          1.00        56.00         0.00         0.00         0.00         0.00         0.00         0.00         0.00         0.00         0.00        20.69         38.27       871.38       158.49     1,029.87        77.69       952.18
3321          1.00         0.00         0.00         0.00         0.00         0.00         0.00         0.00         0.00       240.02         0.00        62.57          0.00     2,470.55       485.21     2,955.76       303.59     2,652.17
7965          0.00         0.00         0.00         0.00         0.00         0.00         0.00         0.00         0.00         0.00         0.00         0.00          0.00         0.00         0.00         0.00         0.00         0.00
0624          1.00         0.00         0.00         0.00         0.00         0.00         0.00         0.00         0.00       179.96         0.00        52.14          0.00     2,114.47       483.05     2,597.52       233.10     2,364.42
6877          1.00         0.00         0.00       297.05         0.00         0.00         0.00         0.00         0.00         2.42         0.00        27.44          0.00     1,253.16       163.91     1,417.07       327.91     1,089.16
4385          1.00         0.00         0.00         0.00         0.00         0.00         0.00         0.00         0.00        48.74         0.00        35.82          0.00     1,504.95       199.19     1,704.14        85.56     1,618.58
0366          1.00         0.00         0.00         0.00         0.00         0.00         0.00         0.00         0.00       343.09         0.00        87.52          0.00     3,000.58       462.49     3,463.07       431.61     3,031.46
6206          1.00         0.00         0.00         0.00         0.00         0.00         0.00         0.00         0.00       123.75         0.00        36.03          0.00     1,657.88       308.62     1,966.50       160.78     1,805.72
7618          1.00         0.00         0.00         0.00         0.00         0.00         0.00         0.00         0.00         0.00         0.00        27.26         27.97     1,036.47       328.83     1,365.30        28.26     1,337.04
 
*** GLO     168.00        56.00       516.00       659.15         0.00     5,117.04     3,586.07       241.02       723.06     6,636.14         0.00     5,185.46      3,165.57   215,536.57                254,778.24    22,887.94   231,890.30
  








































































