EJECUTIVOS EN SERVICIOS DE ALIMENTOS, S.A. DE C.V.                                                                      Pagina: 0001
R.F.C.:                                                                                                                    2/NOV/19
REPORTE DE SUELDOS SEMANALES DEDUCCIONES


 
Codigo Desc Vales   Desc Zapatos Otras Deducc Desc Fonacot Pension Alim Desc Infonav Faltas       Inca Enferme Inca Riesgo  ISPT         Ajus ISPT    IMSS          Sub P/Empleo Tot Per Grav Tot Per Exce Total Percep Total Deducc Neto Pagado
..........................................................................................................................................................................................................................................
8071          1.00         0.00         0.00         0.00         0.00         0.00         0.00         0.00         0.00         0.00         0.00        20.72         38.90       861.38       159.12     1,020.50        21.72       998.78
6600          1.00         0.00         0.00         0.00         0.00       246.12         0.00         0.00         0.00         0.00         0.00        21.66         30.39       994.28       247.57     1,241.85       268.78       973.07
7685          1.00         0.00         0.00         0.00         0.00         0.00         0.00         0.00         0.00         0.00         0.00        32.12         30.17       997.84       240.91     1,238.75        33.12     1,205.63
5933          1.00         0.00         0.00         0.00         0.00         0.00         0.00         0.00         0.00         0.00         0.00        26.88         29.34     1,010.71       195.02     1,205.73        27.88     1,177.85
7170          1.00         0.00         0.00         0.00         0.00         0.00         0.00         0.00         0.00         0.00         0.00        28.51         33.87       939.90       186.68     1,126.58        29.51     1,097.07
5201          1.00         0.00         0.00         0.00         0.00       335.50         0.00         0.00         0.00        47.98         0.00        36.05          0.00     1,498.02       220.48     1,718.50       420.53     1,297.97
3890          1.00         0.00         0.00         0.00         0.00         0.00         0.00         0.00         0.00       178.36         0.00        54.49          0.00     2,104.51       319.12     2,423.63       233.85     2,189.78
7834          1.00        56.00         0.00         0.00         0.00         0.00         0.00         0.00         0.00         0.00         0.00        28.98         10.92     1,091.29       153.96     1,245.25        85.98     1,159.27
8083          1.00         0.00         0.00         0.00         0.00         0.00         0.00         0.00         0.00        11.18         0.00        32.32          0.00     1,246.79       180.28     1,427.07        44.50     1,382.57
1123          1.00         0.00         0.00         0.00         0.00         0.00         0.00         0.00       146.75        19.11         0.00        30.35          0.00     1,466.45       165.22     1,631.67       197.21     1,434.46
8144          1.00         0.00         0.00         0.00         0.00         0.00       120.51         0.00         0.00         0.00         0.00        11.36         31.70       612.89        91.98       704.87       132.87       572.00
8049          1.00         0.00         0.00         0.00         0.00         0.00         0.00         0.00         0.00         0.00         0.00        24.43         38.26       871.38       158.48     1,029.86        25.43     1,004.43
8100          1.00         0.00         0.00         0.00         0.00         0.00       144.20         0.00         0.00         0.00         0.00        17.58         50.19       785.30       146.36       931.66       162.78       768.88
8066          1.00         0.00         0.00         0.00         0.00         0.00         0.00         0.00         0.00         0.00         0.00        20.08         38.26       871.38       158.48     1,029.86        21.08     1,008.78
7977          1.00         0.00         0.00         0.00         0.00         0.00       144.20         0.00         0.00         0.00         0.00        21.38         35.81       960.55       170.60     1,131.15       166.58       964.57
8027          0.00         0.00         0.00         0.00         0.00         0.00       241.02         0.00         0.00         0.00         0.00        19.98         37.54       975.85        37.54     1,013.39       261.00       752.39
8088          1.00         0.00         0.00         0.00         0.00         0.00         0.00         0.00         0.00         0.00         0.00        20.06          3.00     1,180.38       200.47     1,380.85        21.06     1,359.79
8123          1.00         0.00         0.00         0.00         0.00         0.00         0.00         0.00         0.00         0.00         0.00        18.65         38.26       871.38       158.48     1,029.86        19.65     1,010.21
8143          1.00         0.00         0.00         0.00         0.00         0.00         0.00         0.00         0.00        11.18         0.00        27.97          0.00     1,246.79       180.28     1,427.07        40.15     1,386.92
8132          1.00         0.00         0.00         0.00         0.00         0.00       120.51         0.00         0.00         0.00         0.00        16.69         32.16     1,003.48       197.00     1,200.48       138.20     1,062.28
8112          1.00         0.00         0.00         0.00         0.00         0.00         0.00         0.00         0.00        11.18         0.00        27.97          0.00     1,246.79       242.99     1,489.78        40.15     1,449.63
7259          1.00         0.00         0.00         0.00         0.00         0.00         0.00         0.00         0.00         0.00         0.00        20.94         34.10       936.34       193.34     1,129.68        21.94     1,107.74
8142          0.00         0.00         0.00         0.00         0.00         0.00       241.02         0.00         0.00         0.00         0.00        12.06         32.78       806.56        45.65       852.21       253.08       599.13
7312          0.00         0.00         0.00         0.00         0.00         0.00       241.02         0.00         0.00         0.00         0.00        19.01         39.48       933.56        39.48       973.04       260.03       713.01
7338          1.00         0.00         0.00         0.00         0.00         0.00         0.00         0.00         0.00         0.00         0.00        23.98         29.13     1,014.04       172.17     1,186.21        24.98     1,161.23
5677          1.00         0.00         0.00         0.00         0.00         0.00         0.00         0.00         0.00        29.85         0.00        33.25          0.00     1,418.36       260.41     1,678.77        64.10     1,614.67
8078          1.00         0.00         0.00         0.00         0.00         0.00         0.00         0.00         0.00         0.00         0.00        24.53         19.82     1,057.91       165.79     1,223.70        25.53     1,198.17
8023          1.00         0.00         0.00         0.00         0.00         0.00       120.51         0.00         0.00         0.00         0.00        22.62         35.69       939.10       187.66     1,126.76       144.13       982.63
8042          1.00         0.00         0.00         0.00         0.00         0.00       120.51         0.00         0.00         0.00         0.00        25.23         17.98     1,160.31       118.45     1,278.76       146.74     1,132.02
7943          1.00         0.00         0.00         0.00         0.00         0.00         0.00         0.00         0.00         0.00         0.00        25.35         21.87     1,025.88       219.34     1,245.22        26.35     1,218.87
0849          1.00         0.00         0.00         0.00         0.00         0.00         0.00         0.00         0.00         0.00         0.00        28.02         11.07     1,089.04       186.04     1,275.08        29.02     1,246.06
7536          1.00         0.00         0.00         0.00         0.00         0.00         0.00         0.00         0.00         0.00         0.00        28.35         10.36     1,100.03       201.79     1,301.82        29.35     1,272.47
5181          1.00         0.00         0.00         0.00         0.00         0.00         0.00         0.00         0.00       220.52         0.00        21.24          0.00     2,361.77       439.04     2,800.81       242.76     2,558.05
5429          1.00         0.00         0.00         0.00         0.00         0.00         0.00         0.00         0.00       313.34         0.00        77.10          0.00     2,861.35       403.61     3,264.96       391.44     2,873.52
7655          1.00         0.00         0.00         0.00         0.00         0.00         0.00         0.00         0.00         0.00         0.00        29.12         87.60       188.83       113.01       301.84        30.12       271.72
5558          1.00         0.00         0.00         0.00         0.00         0.00         0.00         0.00         0.00         0.00         0.00        24.38         21.21     1,036.23       196.43     1,232.66        25.38     1,207.28
7663          1.00         0.00         0.00         0.00         0.00         0.00         0.00         0.00         0.00         0.00         0.00        30.16          8.72     1,125.72       155.77     1,281.49        31.16     1,250.33
8093          1.00         0.00         0.00         0.00         0.00         0.00         0.00         0.00         0.00         0.00         0.00        25.32         38.26       871.38       158.48     1,029.86        26.32     1,003.54
7773          1.00         0.00         0.00         0.00         0.00         0.00         0.00         0.00         0.00         0.00         0.00        22.82         31.82       972.04       158.88     1,130.92        23.82     1,107.10
1424          1.00         0.00         0.00         0.00         0.00       466.38         0.00         0.00         0.00       302.41         0.00        75.24          0.00     2,810.15       549.77     3,359.92       845.03     2,514.89
5280          1.00         0.00         0.00       362.10         0.00       435.11         0.00         0.00         0.00       165.58         0.00        48.67          0.00     2,024.65       393.83     2,418.48     1,012.46     1,406.02
8020          1.00         0.00         0.00         0.00         0.00         0.00       144.20         0.00         0.00         0.00         0.00        17.74         47.37       836.80       195.04     1,031.84       162.94       868.90
8140          1.00         0.00         0.00         0.00         0.00         0.00       361.53         0.00         0.00         0.00         0.00        12.76         42.16       766.23       102.44       868.67       375.29       493.38

















































EJECUTIVOS EN SERVICIOS DE ALIMENTOS, S.A. DE C.V.                                                                      Pagina: 0002
R.F.C.:                                                                                                                    2/NOV/19
REPORTE DE SUELDOS SEMANALES DEDUCCIONES


 
Codigo Desc Vales   Desc Zapatos Otras Deducc Desc Fonacot Pension Alim Desc Infonav Faltas       Inca Enferme Inca Riesgo  ISPT         Ajus ISPT    IMSS          Sub P/Empleo Tot Per Grav Tot Per Exce Total Percep Total Deducc Neto Pagado
..........................................................................................................................................................................................................................................
7994          1.00         0.00         0.00         0.00         0.00         0.00         0.00         0.00         0.00        47.04         0.00        24.24          0.00     1,489.38       236.09     1,725.47        72.28     1,653.19
6461          1.00         0.00       350.00         0.00         0.00         0.00         0.00         0.00         0.00         0.00         0.00        27.33          8.37     1,130.94       386.75     1,517.69       378.33     1,139.36
6765          1.00         0.00         0.00         0.00         0.00       290.05         0.00         0.00         0.00       270.12         0.00        59.19          0.00     2,638.56       338.80     2,977.36       620.36     2,357.00
7909          1.00         0.00         0.00         0.00         0.00         0.00         0.00         0.00         0.00         0.00         0.00        26.34         21.87     1,025.88       219.34     1,245.22        27.34     1,217.88
5000          1.00         0.00         0.00         0.00         0.00         0.00         0.00         0.00         0.00         0.00         0.00        36.34          2.15     1,188.13       173.05     1,361.18        37.34     1,323.84
8113          1.00         0.00         0.00         0.00         0.00         0.00         0.00         0.00         0.00        14.36         0.00        27.97          0.00     1,275.99       219.47     1,495.46        43.33     1,452.13
5644          1.00         0.00       200.00         0.00         0.00       337.88         0.00         0.00         0.00       133.09         0.00        32.02          0.00     1,743.73       408.35     2,152.08       703.99     1,448.09
6638          1.00         0.00         0.00         0.00         0.00         0.00         0.00         0.00         0.00         0.00         0.00        23.80         31.40       978.53       222.83     1,201.36        24.80     1,176.56
7800          1.00         0.00         0.00         0.00         0.00         0.00         0.00         0.00         0.00         0.00         0.00        23.88         31.32       979.89       203.04     1,182.93        24.88     1,158.05
8111          1.00         0.00         0.00         0.00         0.00         0.00         0.00         0.00         0.00         0.00         0.00        18.65         38.90       861.38       159.12     1,020.50        19.65     1,000.85
6690          1.00         0.00         0.00         0.00         0.00         0.00         0.00         0.00         0.00         0.00         0.00        21.90         31.22       981.40       235.53     1,216.93        22.90     1,194.03
7168          1.00         0.00         0.00         0.00         0.00         0.00         0.00         0.00         0.00         0.00         0.00        27.65         35.52       914.15       162.58     1,076.73        28.65     1,048.08
8081          1.00         0.00         0.00         0.00         0.00         0.00         0.00         0.00         0.00        20.44         0.00        28.59          0.00     1,331.85       236.09     1,567.94        50.03     1,517.91
7991          1.00         0.00         0.00         0.00         0.00         0.00         0.00         0.00         0.00        20.33         0.00        29.14          0.00     1,330.86       274.35     1,605.21        50.47     1,554.74
8063          1.00         0.00         0.00         0.00         0.00         0.00         0.00         0.00         0.00         0.00         0.00        19.83         36.84       893.57       189.24     1,082.81        20.83     1,061.98
8115          0.00         0.00         0.00         0.00         0.00         0.00       144.20         0.00         0.00         0.00         0.00        16.69         44.92       881.46        44.92       926.38       160.89       765.49
4314          1.00         0.00         0.00         0.00         0.00         0.00         0.00         0.00         0.00       196.45         0.00        52.10          0.00     2,217.56       393.60     2,611.16       249.55     2,361.61
7848          1.00         0.00         0.00         0.00         0.00         0.00         0.00         0.00         0.00         0.00         0.00        19.82         38.08       874.26       171.17     1,045.43        20.82     1,024.61
7632          1.00         0.00         0.00         0.00         0.00         0.00         0.00         0.00         0.00         0.00         0.00        23.22         31.40       978.53       222.83     1,201.36        24.22     1,177.14
7873          1.00         0.00         0.00         0.00         0.00         0.00         0.00         0.00         0.00         0.00         0.00        25.93         20.83     1,042.16       141.05     1,183.21        26.93     1,156.28
8068          1.00         0.00         0.00         0.00         0.00         0.00         0.00         0.00         0.00       128.44         0.00        39.44          0.00     1,701.01       299.29     2,000.30       168.88     1,831.42
8086          1.00         0.00         0.00         0.00         0.00         0.00         0.00         0.00         0.00         0.00         0.00        20.05         38.26       871.38       158.48     1,029.86        21.05     1,008.81
8145          1.00         0.00         0.00         0.00         0.00         0.00         0.00         0.00         0.00         0.00         0.00        13.32         29.89       582.35       161.76       744.11        14.32       729.79
8106          1.00         0.00         0.00         0.00         0.00         0.00         0.00         0.00         0.00         0.00         0.00        22.04         35.79       910.01       194.63     1,104.64        23.04     1,081.60
8129          1.00         0.00         0.00         0.00         0.00         0.00         0.00         0.00         0.00         0.00         0.00        18.65         36.84       893.57       189.24     1,082.81        19.65     1,063.16
7633          1.00         0.00         0.00         0.00         0.00         0.00         0.00         0.00         0.00         0.00         0.00        26.36         36.16       904.15       163.22     1,067.37        27.36     1,040.01
7984          1.00         0.00         0.00         0.00         0.00         0.00         0.00         0.00         0.00        14.36         0.00        29.16          0.00     1,275.99       219.47     1,495.46        44.52     1,450.94
7914          1.00         0.00         0.00         0.00         0.00         0.00         0.00         0.00         0.00         0.00         0.00        21.83         35.85       908.97       162.08     1,071.05        22.83     1,048.22
8141          1.00         0.00         0.00         0.00         0.00         0.00       144.20         0.00         0.00         0.00         0.00        16.69         42.70       921.92       138.87     1,060.79       161.89       898.90
2897          1.00         0.00         0.00         0.00         0.00         0.00         0.00         0.00         0.00         0.00         0.00        24.21         35.52       914.15       214.08     1,128.23        25.21     1,103.02
5630          1.00         0.00         0.00         0.00         0.00         0.00         0.00         0.00         0.00         0.00         0.00        20.98         34.78       925.76       219.37     1,145.13        21.98     1,123.15
8139          1.00         0.00         0.00         0.00         0.00         0.00         0.00         0.00         0.00         0.00         0.00        18.65         20.83     1,042.16       192.55     1,234.71        19.65     1,215.06
8007          1.00         0.00         0.00         0.00         0.00         0.00         0.00         0.00         0.00         0.00         0.00        28.02          3.22     1,178.33       172.55     1,350.88        29.02     1,321.86
8048          1.00         0.00         0.00         0.00         0.00         0.00         0.00         0.00         0.00        13.00         0.00        47.64          0.00     1,263.52       257.02     1,520.54        61.64     1,458.90
8138          1.00         0.00         0.00         0.00         0.00         0.00       144.20         0.00         0.00         0.00         0.00        16.69         42.70       921.92       138.87     1,060.79       161.89       898.90
7139          0.00         0.00         0.00         0.00         0.00         0.00       361.53         0.00         0.00         0.00         0.00         7.43         24.49       517.20        24.49       541.69       368.96       172.73
8052          1.00         0.00         0.00         0.00         0.00         0.00         0.00         0.00         0.00       130.56         0.00        38.40          0.00     1,720.50       352.18     2,072.68       169.96     1,902.72
8105          1.00         0.00         0.00         0.00         0.00         0.00         0.00         0.00         0.00         0.00         0.00        23.06         19.41     1,064.35       171.81     1,236.16        24.06     1,212.10
7614          1.00         0.00         0.00         0.00         0.00         0.00         0.00         0.00         0.00        50.24         0.00        37.40          0.00     1,518.80       189.70     1,708.50        88.64     1,619.86
3318          1.00         0.00         0.00         0.00         0.00       510.55         0.00         0.00         0.00       245.69         0.00        62.79          0.00     2,502.20       404.50     2,906.70       820.03     2,086.67
7804          1.00         0.00         0.00         0.00         0.00         0.00         0.00         0.00         0.00       130.94         0.00        37.85          0.00     1,723.94       339.16     2,063.10       169.79     1,893.31
6083          1.00         0.00         0.00         0.00         0.00         0.00         0.00         0.00         0.00         0.00         0.00        23.21         29.86     1,002.69       255.02     1,257.71        24.21     1,233.50
8118          1.00         0.00         0.00         0.00         0.00         0.00       120.51         0.00         0.00        58.10         0.00        16.69          0.00     1,711.60       216.34     1,927.94       196.30     1,731.64

















































EJECUTIVOS EN SERVICIOS DE ALIMENTOS, S.A. DE C.V.                                                                      Pagina: 0003
R.F.C.:                                                                                                                    2/NOV/19
REPORTE DE SUELDOS SEMANALES DEDUCCIONES


 
Codigo Desc Vales   Desc Zapatos Otras Deducc Desc Fonacot Pension Alim Desc Infonav Faltas       Inca Enferme Inca Riesgo  ISPT         Ajus ISPT    IMSS          Sub P/Empleo Tot Per Grav Tot Per Exce Total Percep Total Deducc Neto Pagado
..........................................................................................................................................................................................................................................
6766          1.00         0.00         0.00         0.00         0.00         0.00         0.00         0.00         0.00         0.00         0.00        34.08          7.99     1,134.45       171.90     1,306.35        35.08     1,271.27
8084          1.00         0.00         0.00         0.00         0.00         0.00         0.00         0.00         0.00         0.00         0.00        23.64         20.83     1,042.16       141.05     1,183.21        24.64     1,158.57
5746          1.00         0.00         0.00         0.00         0.00         0.00       602.55         0.00         0.00         0.00         0.00         8.83         25.51       764.61        45.60       810.21       612.38       197.83
4137          1.00         0.00         0.00         0.00         0.00         0.00         0.00         0.00         0.00       371.80         0.00        90.71          0.00     3,135.04       482.40     3,617.44       463.51     3,153.93
8009          1.00         0.00         0.00         0.00         0.00         0.00         0.00         0.00         0.00         0.00         0.00        24.48         21.47     1,032.16       141.69     1,173.85        25.48     1,148.37
7542          1.00         0.00         0.00         0.00         0.00         0.00         0.00         0.00         0.00         0.00         0.00        28.48         35.52       914.15       162.58     1,076.73        29.48     1,047.25
3780          1.00         0.00         0.00         0.00         0.00         0.00         0.00         0.00         0.00       139.18         0.00        40.02          0.00     1,799.68       361.58     2,161.26       180.20     1,981.06
6205          1.00         0.00         0.00         0.00         0.00         0.00       120.51         0.00         0.00         0.00         0.00        20.24         44.04       873.84       156.90     1,030.74       141.75       888.99
5027          1.00         0.00         0.00         0.00         0.00         0.00         0.00         0.00         0.00         9.36         0.00        34.14          0.00     1,230.04       143.04     1,373.08        44.50     1,328.58
7818          1.00         0.00         0.00         0.00         0.00         0.00         0.00         0.00         0.00         0.00         0.00        23.38         20.80     1,042.67       202.46     1,245.13        24.38     1,220.75
7221          1.00        56.00         0.00         0.00         0.00         0.00       144.20         0.00         0.00         0.00         0.00        20.57         45.25       875.43       231.54     1,106.97       221.77       885.20
7815          1.00         0.00         0.00         0.00         0.00         0.00         0.00         0.00         0.00        16.63         0.00        33.30          0.00     1,296.85       120.22     1,417.07        50.93     1,366.14
6839          1.00         0.00         0.00         0.00         0.00         0.00         0.00         0.00         0.00         0.00         0.00        27.57         10.36     1,100.03       201.79     1,301.82        28.57     1,273.25
5646          1.00         0.00         0.00         0.00         0.00         0.00         0.00         0.00         0.00         0.00         0.00        26.52         35.52       914.15       162.58     1,076.73        27.52     1,049.21
8136          1.00         0.00         0.00         0.00         0.00         0.00       576.80         0.00         0.00         0.00         0.00        10.80         38.32       737.07        62.36       799.43       588.60       210.83
8011          1.00         0.00         0.00         0.00         0.00         0.00         0.00         0.00         0.00        11.18         0.00        31.44          0.00     1,246.79       180.28     1,427.07        43.62     1,383.45
7708          1.00         0.00         0.00         0.00         0.00         0.00         0.00         0.00         0.00         0.00         0.00        23.13         35.52       914.15       162.58     1,076.73        24.13     1,052.60
7869          1.00         0.00         0.00         0.00         0.00         0.00         0.00         0.00         0.00         0.00         0.00        22.37         32.33       964.06       167.37     1,131.43        23.37     1,108.06
7973          1.00         0.00         0.00         0.00         0.00       176.72         0.00         0.00         0.00         0.00         0.00        22.59         37.25       887.13       183.22     1,070.35       200.31       870.04
8012          1.00         0.00         0.00         0.00         0.00         0.00         0.00         0.00         0.00        28.84         0.00        30.48          0.00     1,409.10       287.59     1,696.69        60.32     1,636.37
7530          1.00         0.00         0.00         0.00         0.00         0.00         0.00         0.00         0.00         0.00         0.00        29.97         11.14     1,087.96       254.07     1,342.03        30.97     1,311.06
8124          1.00         0.00         0.00         0.00         0.00         0.00         0.00         0.00         0.00         0.00         0.00        18.65         20.83     1,042.16       192.55     1,234.71        19.65     1,215.06
8077          1.00         0.00         0.00         0.00         0.00         0.00         0.00         0.00         0.00         0.00         0.00        23.51         31.67       974.38       254.89     1,229.27        24.51     1,204.76
8076          1.00         0.00         0.00         0.00         0.00         0.00         0.00         0.00         0.00        14.36         0.00        30.32          0.00     1,275.99       219.47     1,495.46        45.68     1,449.78
8128          1.00         0.00         0.00         0.00         0.00         0.00         0.00         0.00         0.00        12.03         0.00        18.65          0.00     1,254.60       236.09     1,490.69        31.68     1,459.01
6028          1.00         0.00         0.00         0.00         0.00       407.29         0.00         0.00         0.00       137.16         0.00        33.51          0.00     1,781.10       296.26     2,077.36       578.96     1,498.40
6565          0.00         0.00         0.00         0.00         0.00         0.00         0.00         0.00         0.00         0.00         0.00         0.00          0.00         0.00         0.00         0.00         0.00         0.00
3676          1.00         0.00         0.00         0.00         0.00         0.00         0.00         0.00         0.00        75.49         0.00        38.39          0.00     1,674.89       338.80     2,013.69       114.88     1,898.81
3221          1.00         0.00         0.00         0.00         0.00         0.00         0.00         0.00         0.00        78.12         0.00        32.50          0.00     1,699.05       311.82     2,010.87       111.62     1,899.25
7779          1.00         0.00         0.00         0.00         0.00         0.00         0.00         0.00         0.00         0.00         0.00        25.55         10.96     1,090.76       227.49     1,318.25        26.55     1,291.70
7942          1.00         0.00         0.00         0.00         0.00         0.00       144.20         0.00         0.00         0.00         0.00        21.18         41.99       934.80       151.03     1,085.83       166.38       919.45
7845          1.00         0.00         0.00         0.00         0.00         0.00         0.00         0.00         0.00        21.95         0.00        37.12          0.00     1,345.79       168.79     1,514.58        60.07     1,454.51
4773          1.00         0.00         0.00         0.00         0.00         0.00       482.04         0.00         0.00         0.00         0.00        10.80         31.65       885.49       110.45       995.94       493.84       502.10
7996          1.00         0.00         0.00         0.00         0.00         0.00       120.51         0.00         0.00         0.00         0.00        20.42         35.69       939.10       207.41     1,146.51       141.93     1,004.58
2522          1.00         0.00         0.00         0.00         0.00         0.00         0.00         0.00         0.00        26.03         0.00        26.85          0.00     1,383.28       242.93     1,626.21        53.88     1,572.33
8125          1.00         0.00         0.00         0.00         0.00         0.00         0.00         0.00         0.00         0.00         0.00        18.65         38.26       871.38       158.48     1,029.86        19.65     1,010.21
7080          1.00         0.00         0.00         0.00         0.00         0.00         0.00         0.00         0.00        24.04         0.00        34.72          0.00     1,364.95       199.19     1,564.14        59.76     1,504.38
5965          1.00         0.00         0.00         0.00         0.00         0.00         0.00         0.00         0.00        72.48         0.00        28.07          0.00     1,647.20       308.62     1,955.82       101.55     1,854.27
5447          1.00         0.00         0.00         0.00         0.00         0.00         0.00         0.00         0.00         0.00         0.00        26.17         28.94     1,016.92       184.85     1,201.77        27.17     1,174.60
6685          1.00         0.00         0.00         0.00         0.00         0.00       120.51         0.00         0.00         0.00         0.00        26.84          9.00     1,218.38       192.43     1,410.81       148.35     1,262.46
8056          1.00         0.00         0.00         0.00         0.00         0.00         0.00         0.00         0.00       206.69         0.00        37.22          0.00     2,281.58       321.38     2,602.96       244.91     2,358.05
5549          1.00         0.00         0.00         0.00         0.00         0.00         0.00         0.00         0.00         0.00         0.00        31.56         21.25     1,035.65       199.81     1,235.46        32.56     1,202.90
8117          1.00         0.00         0.00         0.00         0.00         0.00         0.00         0.00         0.00         0.00         0.00        18.65         31.48       977.25       228.95     1,206.20        19.65     1,186.55

















































EJECUTIVOS EN SERVICIOS DE ALIMENTOS, S.A. DE C.V.                                                                      Pagina: 0004
R.F.C.:                                                                                                                    2/NOV/19
REPORTE DE SUELDOS SEMANALES DEDUCCIONES


 
Codigo Desc Vales   Desc Zapatos Otras Deducc Desc Fonacot Pension Alim Desc Infonav Faltas       Inca Enferme Inca Riesgo  ISPT         Ajus ISPT    IMSS          Sub P/Empleo Tot Per Grav Tot Per Exce Total Percep Total Deducc Neto Pagado
..........................................................................................................................................................................................................................................
0854          1.00         0.00         0.00         0.00         0.00       332.71         0.00         0.00         0.00       150.65         0.00        42.13          0.00     1,905.15       394.58     2,299.73       526.49     1,773.24
7295          1.00         0.00       100.00         0.00         0.00         0.00         0.00         0.00         0.00         0.00         0.00        28.10         35.52       914.15       162.58     1,076.73       129.10       947.63
8133          1.00         0.00         0.00         0.00         0.00         0.00         0.00         0.00         0.00         0.00         0.00        18.65         38.26       871.38       158.48     1,029.86        19.65     1,010.21
4807          1.00         0.00         0.00         0.00         0.00         0.00         0.00         0.00         0.00       510.35         0.00       110.77          0.00     3,783.66       586.18     4,369.84       622.12     3,747.72
3169          1.00         0.00         0.00         0.00         0.00         0.00         0.00         0.00         0.00         0.00         0.00        27.15         21.25     1,035.65       148.31     1,183.96        28.15     1,155.81
4514          1.00         0.00         0.00         0.00         0.00       352.61         0.00         0.00         0.00        23.03         0.00        33.33          0.00     1,355.64       197.70     1,553.34       409.97     1,143.37
7814          1.00         0.00         0.00         0.00         0.00         0.00         0.00         0.00         0.00         0.00         0.00        23.38         29.77     1,004.04       172.81     1,176.85        24.38     1,152.47
7754          1.00         0.00         0.00         0.00         0.00         0.00         0.00         0.00         0.00         0.00         0.00        21.32         35.85       908.97       162.08     1,071.05        22.32     1,048.73
6014          1.00         0.00         0.00         0.00         0.00         0.00         0.00         0.00         0.00        42.72         0.00        32.26          0.00     1,449.71       291.77     1,741.48        75.98     1,665.50
7775          1.00         0.00         0.00         0.00         0.00         0.00       144.20         0.00         0.00         0.00         0.00        17.76         44.90       881.86       199.00     1,080.86       162.96       917.90
3827          1.00         0.00         0.00         0.00         0.00         0.00         0.00         0.00         0.00         0.00         0.00        29.73          9.18     1,118.56       260.09     1,378.65        30.73     1,347.92
8103          1.00         0.00         0.00         0.00         0.00         0.00         0.00         0.00         0.00        20.77         0.00        20.08          0.00     1,334.88       236.09     1,570.97        41.85     1,529.12
8054          0.00         0.00         0.00         0.00         0.00         0.00         0.00         0.00         0.00         0.00         0.00         0.00          0.00         0.00         0.00         0.00         0.00         0.00
5412          1.00         0.00         0.00         0.00         0.00         0.00         0.00         0.00         0.00         0.00         0.00        27.95         36.16       904.15       163.22     1,067.37        28.95     1,038.42
7395          1.00         0.00         0.00         0.00         0.00         0.00         0.00         0.00         0.00         0.00         0.00        25.67         18.18     1,083.58       153.22     1,236.80        26.67     1,210.13
0214          1.00         0.00         0.00         0.00         0.00         0.00         0.00         0.00         0.00       547.57         0.00       111.42          0.00     3,957.91       760.43     4,718.34       659.99     4,058.35
7849          1.00         0.00         0.00         0.00         0.00         0.00         0.00         0.00         0.00         0.00         0.00        27.62         19.82     1,057.91       165.79     1,223.70        28.62     1,195.08
5232          1.00         0.00         0.00         0.00         0.00         0.00         0.00         0.00         0.00        47.98         0.00        38.75          0.00     1,498.02       283.19     1,781.21        87.73     1,693.48
8019          1.00         0.00         0.00         0.00         0.00         0.00         0.00         0.00         0.00         0.00         0.00        23.86         21.47     1,032.16       141.69     1,173.85        24.86     1,148.99
4958          1.00         0.00         0.00         0.00         0.00         0.00         0.00         0.00         0.00         0.00         0.00        27.54         35.52       914.15       162.58     1,076.73        28.54     1,048.19
3979          1.00         0.00         0.00         0.00         0.00         0.00         0.00         0.00         0.00       487.43         0.00       100.43          0.00     3,676.34       830.37     4,506.71       588.86     3,917.85
0442          1.00         0.00         0.00         0.00         0.00         0.00         0.00         0.00         0.00        57.20         0.00        39.92          0.00     1,582.78       325.27     1,908.05        98.12     1,809.93
8134          1.00         0.00         0.00         0.00         0.00         0.00       120.51         0.00         0.00         0.00         0.00        16.69         48.29       796.38       148.76       945.14       138.20       806.94
7330          0.00         0.00         0.00         0.00         0.00         0.00         0.00         0.00         0.00         0.00         0.00         0.00          0.00         0.00         0.00         0.00         0.00         0.00
8101          1.00         0.00         0.00         0.00         0.00         0.00       120.51         0.00         0.00         0.00         0.00        17.96         48.29       796.38       148.76       945.14       139.47       805.67
7846          1.00        56.00        77.25         0.00         0.00         0.00         0.00         0.00         0.00         0.00         0.00        28.90         29.13     1,014.04       172.17     1,186.21       163.15     1,023.06
8091          1.00         0.00         0.00         0.00         0.00         0.00         0.00         0.00         0.00         0.00         0.00        23.55         19.82     1,057.91       165.79     1,223.70        24.55     1,199.15
8130          0.00         0.00         0.00         0.00         0.00         0.00       241.02         0.00         0.00         0.00         0.00        14.72         35.19     1,027.35        86.69     1,114.04       255.74       858.30
8131          1.00         0.00         0.00         0.00         0.00         0.00       241.02         0.00         0.00         0.00         0.00        14.72         41.22       895.49       121.59     1,017.08       256.74       760.34
7298          1.00         0.00         0.00         0.00         0.00         0.00         0.00         0.00         0.00        49.71         0.00        36.02          0.00     1,513.90       253.30     1,767.20        86.73     1,680.47
7963          1.00         0.00         0.00         0.00         0.00         0.00         0.00         0.00         0.00         0.17         0.00        25.35          0.00     1,209.54       210.34     1,419.88        26.52     1,393.36
5396          1.00         0.00       200.00         0.00         0.00         0.00         0.00         0.00         0.00         0.00         0.00        26.89         21.25     1,035.65       148.31     1,183.96       227.89       956.07
7989          1.00         0.00         0.00         0.00         0.00         0.00         0.00         0.00         0.00         0.00         0.00        22.48         37.25       887.13       183.22     1,070.35        23.48     1,046.87
7588          1.00         0.00         0.00         0.00         0.00         0.00         0.00         0.00         0.00         0.00         0.00        21.47         33.87       939.90       186.68     1,126.58        22.47     1,104.11
6203          1.00         0.00         0.00         0.00         0.00         0.00         0.00         0.00         0.00        46.31         0.00        29.51          0.00     1,482.68       250.91     1,733.59        76.82     1,656.77
7226          1.00         0.00         0.00         0.00         0.00         0.00         0.00         0.00         0.00        13.87         0.00        26.31          0.00     1,271.54       143.04     1,414.58        41.18     1,373.40
7885          1.00         0.00         0.00         0.00         0.00         0.00         0.00         0.00         0.00         0.00         0.00        25.35         20.83     1,042.16       141.05     1,183.21        26.35     1,156.86
3326          1.00         0.00         0.00         0.00         0.00       352.72         0.00         0.00         0.00        51.39         0.00        40.16          0.00     1,529.38       251.83     1,781.21       445.27     1,335.94
0449          1.00         0.00         0.00         0.00         0.00       447.60         0.00         0.00         0.00        20.02         0.00        34.90          0.00     1,328.04       143.04     1,471.08       503.52       967.56
6934          1.00         0.00         0.00         0.00         0.00         0.00         0.00         0.00         0.00       405.63         0.00        85.21          0.00     3,293.38       460.71     3,754.09       491.84     3,262.25
7137          1.00         0.00         0.00         0.00         0.00         0.00         0.00         0.00         0.00        75.38         0.00        39.50          0.00     1,673.81       387.33     2,061.14       115.88     1,945.26
6682          1.00         0.00         0.00         0.00         0.00         0.00       144.20         0.00         0.00         0.00         0.00        18.22         50.19       785.30       146.36       931.66       163.42       768.24
1269          1.00         0.00         0.00         0.00         0.00         0.00         0.00         0.00         0.00         0.00         0.00        27.21         36.16       904.15       163.22     1,067.37        28.21     1,039.16

















































EJECUTIVOS EN SERVICIOS DE ALIMENTOS, S.A. DE C.V.                                                                      Pagina: 0005
R.F.C.:                                                                                                                    2/NOV/19
REPORTE DE SUELDOS SEMANALES DEDUCCIONES


 
Codigo Desc Vales   Desc Zapatos Otras Deducc Desc Fonacot Pension Alim Desc Infonav Faltas       Inca Enferme Inca Riesgo  ISPT         Ajus ISPT    IMSS          Sub P/Empleo Tot Per Grav Tot Per Exce Total Percep Total Deducc Neto Pagado
..........................................................................................................................................................................................................................................
7890          1.00         0.00         0.00         0.00         0.00         0.00         0.00         0.00         0.00         0.00         0.00        26.78          9.12     1,119.41       219.46     1,338.87        27.78     1,311.09
8031          1.00         0.00         0.00         0.00         0.00         0.00         0.00         0.00         0.00         0.00         0.00        22.72         20.83     1,042.16       141.05     1,183.21        23.72     1,159.49
1419          1.00         0.00        10.00         0.00         0.00       399.23         0.00         0.00         0.00        76.04         0.00        37.79          0.00     1,679.88       340.47     2,020.35       524.06     1,496.29
8067          1.00         0.00         0.00         0.00         0.00         0.00         0.00         0.00         0.00         0.00         0.00        20.08         38.26       871.38       158.48     1,029.86        21.08     1,008.78
3525          0.00         0.00         0.00         0.00         0.00         0.00         0.00         0.00         0.00        25.02         0.00        29.95          0.00     1,373.99        45.90     1,419.89        54.97     1,364.92
8036          1.00         0.00         0.00         0.00         0.00         0.00         0.00         0.00         0.00         0.00         0.00        22.32         38.26       871.38       209.98     1,081.36        23.32     1,058.04
6885          1.00         0.00         0.00         0.00         0.00         0.00         0.00         0.00         0.00         0.00         0.00        25.15         35.52       914.15       162.58     1,076.73        26.15     1,050.58
7907          1.00         0.00         0.00         0.00         0.00         0.00         0.00         0.00         0.00       140.10         0.00        41.75          0.00     1,808.11       338.70     2,146.81       182.85     1,963.96
8146          1.00         0.00         0.00         0.00         0.00         0.00         0.00         0.00         0.00         0.00         0.00        10.66         20.30       522.39        80.58       602.97        11.66       591.31
4775          1.00         0.00         0.00         0.00         0.00         0.00         0.00         0.00         0.00         0.00         0.00        29.20         18.59     1,077.15       197.15     1,274.30        30.20     1,244.10
8069          1.00         0.00         0.00         0.00         0.00         0.00         0.00         0.00         0.00       162.26         0.00        46.31          0.00     2,003.90       405.80     2,409.70       209.57     2,200.13
4832          1.00         0.00         0.00         0.00         0.00         0.00         0.00         0.00         0.00         0.00         0.00        33.04         35.52       914.15       162.58     1,076.73        34.04     1,042.69
3321          1.00         0.00       115.43         0.00         0.00         0.00         0.00         0.00         0.00       204.67         0.00        58.16          0.00     2,268.92       273.59     2,542.51       379.26     2,163.25
0624          1.00         0.00         0.00         0.00         0.00         0.00         0.00         0.00         0.00       163.09         0.00        49.49          0.00     2,009.04       377.63     2,386.67       213.58     2,173.09
4385          1.00         0.00         0.00         0.00         0.00         0.00         0.00         0.00         0.00        48.73         0.00        35.82          0.00     1,504.95       199.19     1,704.14        85.55     1,618.59
8135          1.00         0.00         0.00         0.00         0.00       273.33         0.00         0.00         0.00         0.00         0.00        18.65         19.82     1,057.91       165.79     1,223.70       292.98       930.72
8099          0.00         0.00         0.00         0.00         0.00         0.00         0.00         0.00         0.00         0.00         0.00        23.32          6.04     1,152.38         6.04     1,158.42        23.32     1,135.10
8137          1.00         0.00         0.00         0.00         0.00         0.00       576.80         0.00         0.00         0.00         0.00        10.80         38.32       737.07        62.36       799.43       588.60       210.83
0366          1.00         0.00         0.00         0.00         0.00         0.00         0.00         0.00         0.00       343.08         0.00        88.96          0.00     3,000.58       668.96     3,669.54       433.04     3,236.50
6206          1.00         0.00         0.00         0.00         0.00         0.00         0.00         0.00         0.00       187.70         0.00        42.51          0.00     2,162.86       308.62     2,471.48       231.21     2,240.27
7618          1.00         0.00         0.00         0.00         0.00         0.00         0.00         0.00         0.00         0.00         0.00        27.69         19.13     1,068.65       262.06     1,330.71        28.69     1,302.02
8147          0.00         0.00         0.00         0.00         0.00         0.00         0.00         0.00         0.00         0.00         0.00         7.99         21.47       331.35        21.47       352.82         7.99       344.83
 
*** GLO     182.00       168.00     1,052.68       362.10         0.00     5,363.80     6,813.45         0.00       146.75     7,930.06         0.00     5,639.46      3,659.43   239,251.04                280,642.82    27,658.30   252,984.52
  



































































