EJECUTIVOS EN SERVICIOS DE ALIMENTOS, S.A. DE C.V.                                                                      Pagina: 0001
R.F.C.:                                                                                                                    2/NOV/19
REPORTE DE SUELDOS SEMANALES DEDUCCIONES


 
Codigo Desc Vales   Desc Zapatos Otras Deducc Desc Fonacot Pension Alim Desc Infonav Faltas       Inca Enferme Inca Riesgo  ISPT         Ajus ISPT    IMSS          Sub P/Empleo Tot Per Grav Tot Per Exce Total Percep Total Deducc Neto Pagado
..........................................................................................................................................................................................................................................
8071          1.00         0.00         0.00         0.00         0.00         0.00         0.00         0.00         0.00         0.00         0.00        13.32         37.80       520.82       109.93       630.75        14.32       616.43
6600          1.00         0.00         0.00         0.00         0.00       246.12         0.00         0.00         0.00         0.00         0.00        21.28         34.10       936.34       193.34     1,129.68       268.40       861.28
7685          1.00         0.00         0.00         0.00         0.00         0.00         0.00         0.00         0.00         0.16         0.00        24.16          0.00     1,209.46       294.43     1,503.89        25.32     1,478.57
7331          1.00         0.00         0.00         0.00         0.00         0.00       120.51         0.00         0.00         0.00         0.00        24.32         31.10     1,022.79       215.25     1,238.04       145.83     1,092.21
5933          1.00         0.00         0.00         0.00         0.00         0.00         0.00         0.00         0.00         0.00         0.00        30.52         35.52       914.15       162.58     1,076.73        31.52     1,045.21
7170          1.00         0.00         0.00         0.00         0.00         0.00         0.00         0.00         0.00         0.00         0.00        33.56          2.54     1,184.52       206.85     1,391.37        34.56     1,356.81
5201          1.00         0.00         0.00         0.00         0.00       335.50         0.00         0.00         0.00        47.98         0.00        36.05          0.00     1,498.02       220.48     1,718.50       420.53     1,297.97
3890          1.00         0.00         0.00         0.00         0.00         0.00         0.00         0.00         0.00       178.36         0.00        54.49          0.00     2,104.51       319.12     2,423.63       233.85     2,189.78
7834          1.00         0.00         0.00         0.00         0.00         0.00         0.00         0.00         0.00         0.00         0.00        29.63         29.13     1,014.04       172.17     1,186.21        30.63     1,155.58
8050          0.00         0.00         0.00         0.00         0.00         0.00         0.00         0.00         0.00         0.00         0.00         0.00          0.00         0.00         0.00         0.00         0.00         0.00
1123          1.00         0.00         0.00         0.00         0.00         0.00         0.00         0.00         0.00        52.96         0.00        33.71          0.00     1,543.78       244.73     1,788.51        87.67     1,700.84
8049          1.00         0.00         0.00         0.00         0.00         0.00         0.00         0.00         0.00         0.00         0.00        18.65         19.40     1,064.51       178.24     1,242.75        19.65     1,223.10
7959          1.00         0.00         0.00         0.00         0.00         0.00         0.00         0.00         0.00         0.00         0.00        23.38         21.47     1,032.16       141.69     1,173.85        24.38     1,149.47
8066          1.00         0.00         0.00         0.00         0.00         0.00         0.00         0.00         0.00         0.00         0.00        18.65         38.26       871.38       158.48     1,029.86        19.65     1,010.21
7977          1.00         0.00         0.00         0.00         0.00         0.00         0.00         0.00         0.00         0.00         0.00        24.28         19.82     1,057.91       165.79     1,223.70        25.28     1,198.42
8027          1.00         0.00         0.00         0.00         0.00         0.00         0.00         0.00         0.00         0.00         0.00        25.36         20.83     1,042.16       192.55     1,234.71        26.36     1,208.35
7986          1.00         0.00         0.00         0.00         0.00         0.00         0.00         0.00         0.00         0.00         0.00        25.20         20.83     1,042.16       192.55     1,234.71        26.20     1,208.51
8074          0.00         0.00         0.00         0.00         0.00         0.00       146.75         0.00         0.00         1.01         0.00        17.04          0.00     1,018.87         0.00     1,018.87       164.80       854.07
7259          1.00         0.00         0.00         0.00         0.00         0.00       144.20         0.00         0.00         0.00         0.00        26.52         48.32       819.52       149.97       969.49       171.72       797.77
8073          1.00         0.00         0.00         0.00         0.00         0.00       120.51         0.00         0.00         0.00         0.00         8.69         29.68       391.68        69.86       461.54       130.20       331.34
7312          1.00         0.00         0.00         0.00         0.00         0.00         0.00         0.00         0.00         0.00         0.00        25.99         32.33       964.06       167.37     1,131.43        26.99     1,104.44
7338          1.00         0.00         0.00         0.00         0.00         0.00         0.00         0.00         0.00         0.00         0.00        32.20         29.13     1,014.04       172.17     1,186.21        33.20     1,153.01
5677          1.00         0.00         0.00         0.00         0.00         0.00         0.00         0.00         0.00        29.85         0.00        34.52          0.00     1,418.36       323.12     1,741.48        65.37     1,676.11
8023          1.00         0.00         0.00         0.00         0.00         0.00         0.00         0.00         0.00         0.00         0.00        25.48         20.83     1,042.16       192.55     1,234.71        26.48     1,208.23
8042          1.00         0.00         0.00         0.00         0.00         0.00         0.00         0.00         0.00       140.64         0.00        18.65          0.00     1,813.13       191.03     2,004.16       160.29     1,843.87
7943          1.00         0.00         0.00         0.00         0.00         0.00         0.00         0.00         0.00         0.00         0.00        26.51         38.26       871.38       158.48     1,029.86        27.51     1,002.35
0849          1.00         0.00         0.00         0.00         0.00         0.00         0.00         0.00         0.00         0.00         0.00        34.18         11.07     1,089.04       154.11     1,243.15        35.18     1,207.97
7536          1.00         0.00         0.00         0.00         0.00         0.00         0.00         0.00         0.00         0.00         0.00        21.15         30.58       991.40       234.89     1,226.29        22.15     1,204.14
8070          0.00         0.00         0.00         0.00         0.00         0.00       288.40         0.00         0.00         0.00         0.00        12.06         41.21       657.03        41.21       698.24       300.46       397.78
8065          1.00         0.00         0.00         0.00         0.00         0.00       288.40         0.00         0.00         0.00         0.00        14.72         49.19       769.22       121.32       890.54       304.12       586.42
5181          1.00         0.00         0.00         0.00         0.00         0.00         0.00         0.00         0.00         0.00         0.00        27.93         35.52       914.15       162.58     1,076.73        28.93     1,047.80
5429          1.00         0.00         0.00         0.00         0.00         0.00         0.00         0.00         0.00       327.75         0.00        78.49          0.00     2,928.79       471.05     3,399.84       407.24     2,992.60
7655          1.00         0.00         0.00         0.00         0.00         0.00         0.00         0.00         0.00         0.00         0.00        27.09         29.16     1,013.59       246.34     1,259.93        28.09     1,231.84
5558          1.00         0.00         0.00         0.00         0.00         0.00         0.00         0.00         0.00         0.00         0.00        28.73          3.27     1,177.86       320.11     1,497.97        29.73     1,468.24
7663          1.00         0.00         0.00         0.00         0.00         0.00         0.00         0.00         0.00         0.00         0.00        28.18          8.72     1,125.72       128.94     1,254.66        29.18     1,225.48
7773          1.00         0.00         0.00         0.00         0.00         0.00         0.00         0.00         0.00         0.00         0.00        23.91         31.82       972.04       158.88     1,130.92        24.91     1,106.01
8075          1.00         0.00         0.00         0.00         0.00         0.00         0.00         0.00         0.00         0.00         0.00        10.66         28.95       436.76        89.23       525.99        11.66       514.33
1424          1.00         0.00       300.00         0.00         0.00       466.38         0.00         0.00         0.00       275.75         0.00        76.75          0.00     2,669.97       409.59     3,079.56     1,119.88     1,959.68
5280          1.00         0.00         0.00       362.10         0.00       435.11         0.00         0.00         0.00       156.86         0.00        49.06          0.00     1,962.15       331.33     2,293.48     1,004.13     1,289.35
8020          1.00         0.00         0.00         0.00         0.00         0.00       144.20         0.00         0.00         0.00         0.00        19.12         47.37       836.80       195.04     1,031.84       164.32       867.52
8061          1.00         0.00         0.00         0.00         0.00         0.00         0.00         0.00         0.00         0.00         0.00        18.65         38.26       871.38       158.48     1,029.86        19.65     1,010.21
7994          1.00         0.00         0.00         0.00         0.00         0.00         0.00         0.00         0.00         0.00         0.00        20.05         21.87     1,025.88       180.71     1,206.59        21.05     1,185.54
6461          1.00         0.00         0.00         0.00         0.00         0.00         0.00         0.00         0.00         2.18         0.00        28.16          0.00     1,228.09       258.90     1,486.99        31.34     1,455.65

















































EJECUTIVOS EN SERVICIOS DE ALIMENTOS, S.A. DE C.V.                                                                      Pagina: 0002
R.F.C.:                                                                                                                    2/NOV/19
REPORTE DE SUELDOS SEMANALES DEDUCCIONES


 
Codigo Desc Vales   Desc Zapatos Otras Deducc Desc Fonacot Pension Alim Desc Infonav Faltas       Inca Enferme Inca Riesgo  ISPT         Ajus ISPT    IMSS          Sub P/Empleo Tot Per Grav Tot Per Exce Total Percep Total Deducc Neto Pagado
..........................................................................................................................................................................................................................................
6765          1.00         0.00         0.00         0.00         0.00         0.00         0.00         0.00         0.00       275.74         0.00        50.66          0.00     2,669.92       526.94     3,196.86       327.40     2,869.46
8017          1.00         0.00         0.00         0.00         0.00       229.93         0.00         0.00         0.00         0.00         0.00        19.79         38.08       874.26       171.17     1,045.43       250.72       794.71
7909          1.00         0.00         0.00         0.00         0.00         0.00         0.00         0.00         0.00         0.00         0.00        27.12         36.61       897.13       182.58     1,079.71        28.12     1,051.59
5000          1.00         0.00         0.00         0.00         0.00         0.00         0.00         0.00         0.00         0.00         0.00        30.85          2.15     1,188.13       173.05     1,361.18        31.85     1,329.33
5644          1.00         0.00         0.00         0.00         0.00       337.88         0.00         0.00         0.00        30.29         0.00        29.37          0.00     1,422.39       296.26     1,718.65       398.54     1,320.11
6638          1.00         0.00         0.00         0.00         0.00         0.00         0.00         0.00         0.00         0.00         0.00        26.36         35.52       914.15       162.58     1,076.73        27.36     1,049.37
7800          1.00         0.00         0.00         0.00         0.00         0.00         0.00         0.00         0.00         0.00         0.00        24.57         31.32       979.89       203.04     1,182.93        25.57     1,157.36
6690          1.00         0.00         0.00         0.00         0.00         0.00         0.00         0.00         0.00         0.00         0.00        27.36         21.83     1,026.47       271.19     1,297.66        28.36     1,269.30
7168          1.00         0.00         0.00         0.00         0.00         0.00       241.02         0.00         0.00         0.00         0.00        18.02         45.16       809.90       181.61       991.51       260.04       731.47
7991          1.00         0.00         0.00         0.00         0.00         0.00         0.00         0.00         0.00        23.74         0.00        31.47          0.00     1,362.22       305.71     1,667.93        56.21     1,611.72
8063          1.00         0.00         0.00         0.00         0.00         0.00         0.00         0.00         0.00         0.00         0.00        18.65         38.90       861.38       159.12     1,020.50        19.65     1,000.85
8058          0.00         0.00         0.00         0.00         0.00         0.00         0.00         0.00         0.00         0.00         0.00         0.00          0.00         0.00         0.00         0.00         0.00         0.00
4314          1.00         0.00         0.00         0.00         0.00         0.00         0.00         0.00         0.00       196.45         0.00        50.71          0.00     2,217.56       393.60     2,611.16       248.16     2,363.00
7848          1.00         0.00         0.00         0.00         0.00         0.00       144.20         0.00         0.00         0.00         0.00        17.75         47.72       830.36       188.95     1,019.31       162.95       856.36
7632          1.00         0.00         0.00         0.00         0.00         0.00       120.51         0.00         0.00         0.00         0.00        28.86         38.29       928.69       241.03     1,169.72       150.37     1,019.35
7873          1.00         0.00         0.00         0.00         0.00         0.00         0.00         0.00         0.00         0.00         0.00        28.23          0.44     1,203.82       236.53     1,440.35        29.23     1,411.12
8068          1.00         0.00         0.00         0.00         0.00         0.00         0.00         0.00         0.00        72.54         0.00        38.17          0.00     1,647.76       246.04     1,893.80       111.71     1,782.09
7061          1.00         0.00         0.00         0.00         0.00         0.00         0.00         0.00         0.00         0.00         0.00        28.38          6.91     1,144.45       170.82     1,315.27        29.38     1,285.89
7847          1.00         0.00         0.00         0.00         0.00         0.00         0.00         0.00         0.00         0.00         0.00        29.86         38.90       861.38       159.12     1,020.50        30.86       989.64
7633          1.00         0.00         0.00         0.00         0.00         0.00         0.00         0.00         0.00         0.00         0.00        29.26         34.51       929.90       187.32     1,117.22        30.26     1,086.96
7984          1.00         0.00         0.00         0.00         0.00         0.00         0.00         0.00         0.00        13.51         0.00        29.87          0.00     1,268.15       211.63     1,479.78        44.38     1,435.40
7914          1.00         0.00         0.00         0.00         0.00         0.00         0.00         0.00         0.00         0.00         0.00        21.16         38.26       871.38       158.48     1,029.86        22.16     1,007.70
2897          1.00         0.00         0.00         0.00         0.00         0.00         0.00         0.00         0.00         0.00         0.00        24.10         35.52       914.15       214.08     1,128.23        25.10     1,103.13
5630          1.00         0.00         0.00         0.00         0.00         0.00         0.00         0.00         0.00         0.00         0.00        18.65         38.08       874.26       171.17     1,045.43        19.65     1,025.78
8007          1.00         0.00         0.00         0.00         0.00         0.00         0.00         0.00         0.00         0.00         0.00        29.24          3.22     1,178.33       172.55     1,350.88        30.24     1,320.64
8048          1.00         0.00         0.00         0.00         0.00         0.00         0.00         0.00         0.00       131.21         0.00        39.88          0.00     1,726.43       257.02     1,983.45       172.09     1,811.36
8052          1.00         0.00         0.00         0.00         0.00         0.00         0.00         0.00         0.00        72.30         0.00        37.19          0.00     1,645.50       277.18     1,922.68       110.49     1,812.19
7614          1.00         0.00         0.00         0.00         0.00         0.00         0.00         0.00         0.00        50.24         0.00        32.52          0.00     1,518.80       189.70     1,708.50        83.76     1,624.74
3318          1.00         0.00       500.00         0.00         0.00       510.55         0.00         0.00         0.00       235.89         0.00        66.49          0.00     2,447.55       349.85     2,797.40     1,313.93     1,483.47
7804          1.00         0.00        82.50         0.00         0.00         0.00         0.00         0.00         0.00       129.01         0.00        38.69          0.00     1,706.19       374.67     2,080.86       251.20     1,829.66
6083          1.00         0.00         0.00         0.00         0.00         0.00         0.00         0.00         0.00         0.00         0.00        32.68         32.33       964.06       218.87     1,182.93        33.68     1,149.25
6766          1.00         0.00         0.00         0.00         0.00         0.00         0.00         0.00         0.00         0.00         0.00        29.46          6.91     1,144.45       170.82     1,315.27        30.46     1,284.81
7982          1.00         0.00         0.00         0.00         0.00         0.00       175.60         0.00         0.00         0.00         0.00        26.50         28.95     1,117.03       173.17     1,290.20       203.10     1,087.10
4137          1.00         0.00         0.00         0.00         0.00         0.00         0.00         0.00         0.00       401.79         0.00        91.14          0.00     3,275.40       622.75     3,898.15       493.93     3,404.22
8009          1.00         0.00         0.00         0.00         0.00         0.00       144.20         0.00         0.00         0.00         0.00        20.97         42.70       921.92       138.87     1,060.79       166.17       894.62
7542          1.00         0.00         0.00         0.00         0.00         0.00         0.00         0.00         0.00         0.00         0.00        32.55          6.75     1,145.90       172.43     1,318.33        33.55     1,284.78
8033          1.00         0.00         0.00         0.00         0.00         0.00         0.00         0.00       361.53         0.00         0.00        15.22         36.65       916.23        96.93     1,013.16       377.75       635.41
3780          1.00         0.00         0.00         0.00         0.00         0.00         0.00         0.00         0.00       134.06         0.00        40.70          0.00     1,752.64       361.58     2,114.22       175.76     1,938.46
6205          1.00         0.00         0.00         0.00         0.00         0.00         0.00         0.00         0.00         0.00         0.00        26.43         32.33       964.06       167.37     1,131.43        27.43     1,104.00
5027          1.00         0.00         0.00         0.00         0.00         0.00         0.00         0.00         0.00         9.36         0.00        37.80          0.00     1,230.04       143.04     1,373.08        48.16     1,324.92
7993          1.00         0.00         0.00         0.00         0.00         0.00         0.00         0.00         0.00       134.84         0.00        24.28          0.00     1,759.76       236.09     1,995.85       160.12     1,835.73
7818          1.00         0.00         0.00         0.00         0.00         0.00         0.00         0.00         0.00         0.00         0.00        31.89         29.77     1,004.04       172.81     1,176.85        32.89     1,143.96
7221          1.00         0.00         0.00         0.00         0.00         0.00         0.00         0.00         0.00         0.00         0.00        19.79         31.07       983.69       234.97     1,218.66        20.79     1,197.87

















































EJECUTIVOS EN SERVICIOS DE ALIMENTOS, S.A. DE C.V.                                                                      Pagina: 0003
R.F.C.:                                                                                                                    2/NOV/19
REPORTE DE SUELDOS SEMANALES DEDUCCIONES


 
Codigo Desc Vales   Desc Zapatos Otras Deducc Desc Fonacot Pension Alim Desc Infonav Faltas       Inca Enferme Inca Riesgo  ISPT         Ajus ISPT    IMSS          Sub P/Empleo Tot Per Grav Tot Per Exce Total Percep Total Deducc Neto Pagado
..........................................................................................................................................................................................................................................
7815          1.00         0.00         0.00         0.00         0.00         0.00         0.00         0.00         0.00       373.23         0.00        31.68          0.00     3,141.73       223.22     3,364.95       405.91     2,959.04
8055          0.00         0.00         0.00         0.00         0.00         0.00         0.00         0.00         0.00         0.00         0.00        18.65          9.89     1,107.48        48.51     1,155.99        18.65     1,137.34
6839          1.00         0.00         0.00         0.00         0.00         0.00       120.51         0.00         0.00         0.00         0.00        26.00         43.50       883.63       201.18     1,084.81       147.51       937.30
5646          1.00         0.00         0.00         0.00         0.00         0.00         0.00         0.00         0.00         0.00         0.00        29.91         35.52       914.15       219.30     1,133.45        30.91     1,102.54
8011          1.00         0.00         0.00         0.00         0.00         0.00         0.00         0.00         0.00        11.18         0.00        32.81          0.00     1,246.79       180.28     1,427.07        44.99     1,382.08
7708          1.00         0.00         0.00         0.00         0.00         0.00         0.00         0.00         0.00         0.00         0.00        30.04         35.52       914.15       162.58     1,076.73        31.04     1,045.69
7869          1.00         0.00         0.00         0.00         0.00         0.00         0.00         0.00         0.00         0.00         0.00        25.77         32.33       964.06       167.37     1,131.43        26.77     1,104.66
7973          1.00         0.00         0.00         0.00         0.00       151.47       144.20         0.00         0.00         0.00         0.00        17.74         48.78       811.05       170.70       981.75       314.41       667.34
8043          1.00         0.00         0.00         0.00         0.00         0.00         0.00         0.00         0.00         0.00         0.00        18.65         20.83     1,042.16       141.05     1,183.21        19.65     1,163.56
8012          1.00         0.00         0.00         0.00         0.00         0.00         0.00         0.00         0.00        16.23         0.00        24.74          0.00     1,293.22       236.09     1,529.31        41.97     1,487.34
5679          1.00         0.00         0.00         0.00         0.00         0.00         0.00         0.00         0.00        41.02         0.00        38.81          0.00     1,434.03       276.09     1,710.12        80.83     1,629.29
7530          1.00         0.00         0.00         0.00         0.00         0.00         0.00         0.00         0.00         0.00         0.00        31.72         11.14     1,087.96       254.07     1,342.03        32.72     1,309.31
6028          1.00         0.00         0.00         0.00         0.00       407.29         0.00         0.00         0.00        59.26         0.00        34.84          0.00     1,601.75       296.26     1,898.01       502.39     1,395.62
6565          0.00         0.00         0.00         0.00         0.00         0.00         0.00         0.00         0.00         0.00         0.00         0.00          0.00         0.00         0.00         0.00         0.00         0.00
3676          1.00         0.00         0.00         0.00         0.00         0.00         0.00         0.00         0.00       134.98         0.00        36.55          0.00     1,761.12       448.55     2,209.67       172.53     2,037.14
3221          1.00         0.00         0.00         0.00         0.00         0.00         0.00         0.00         0.00        23.80         0.00        33.29          0.00     1,362.76       371.60     1,734.36        58.09     1,676.27
7779          1.00         0.00         0.00         0.00         0.00         0.00         0.00         0.00         0.00         0.00         0.00        34.57         10.96     1,090.76       166.28     1,257.04        35.57     1,221.47
7942          1.00         0.00         0.00         0.00         0.00         0.00         0.00         0.00         0.00         0.00         0.00        23.28         21.47     1,032.16       141.69     1,173.85        24.28     1,149.57
8035          1.00         0.00         0.00         0.00         0.00         0.00         0.00         0.00         0.00         0.00         0.00        22.32         21.47     1,032.16       141.69     1,173.85        23.32     1,150.53
7845          1.00         0.00         0.00         0.00         0.00         0.00         0.00         0.00         0.00        11.97         0.00        38.22          0.00     1,254.04       143.04     1,397.08        51.19     1,345.89
7920          1.00         0.00         0.00         0.00         0.00         0.00         0.00         0.00         0.00         0.00         0.00        20.87         33.95       938.63       231.42     1,170.05        21.87     1,148.18
7996          1.00         0.00         0.00         0.00         0.00         0.00         0.00         0.00         0.00         0.00         0.00        19.83         38.08       874.26       171.17     1,045.43        20.83     1,024.60
2522          1.00         0.00         0.00         0.00         0.00         0.00         0.00         0.00         0.00         0.00         0.00        30.18         28.52     1,023.59       265.01     1,288.60        31.18     1,257.42
7080          1.00         0.00         0.00         0.00         0.00         0.00         0.00         0.00         0.00        24.04         0.00        40.71          0.00     1,364.95       199.19     1,564.14        65.75     1,498.39
5965          1.00         0.00         0.00         0.00         0.00         0.00         0.00         0.00         0.00         0.00         0.00        33.81          2.15     1,188.13       211.19     1,399.32        34.81     1,364.51
5447          1.00         0.00         0.00         0.00         0.00         0.00       144.20         0.00         0.00         0.00         0.00        29.32         43.93       899.43       158.36     1,057.79       174.52       883.27
7932          1.00         0.00         0.00         0.00         0.00         0.00         0.00         0.00         0.00         0.00         0.00        27.78         38.26       871.38       158.48     1,029.86        28.78     1,001.08
6685          1.00         0.00         0.00         0.00         0.00         0.00       120.51         0.00         0.00         0.00         0.00        32.39         46.33       832.13       294.32     1,126.45       153.90       972.55
8056          1.00         0.00         0.00         0.00         0.00         0.00         0.00         0.00         0.00        11.18         0.00        27.97          0.00     1,246.79       180.28     1,427.07        40.15     1,386.92
5549          1.00         0.00         0.00         0.00         0.00         0.00         0.00         0.00         0.00         0.00         0.00        34.27         18.77     1,074.28       235.95     1,310.23        35.27     1,274.96
0854          1.00         0.00         0.00         0.00         0.00       332.71         0.00         0.00         0.00       144.77         0.00        41.49          0.00     1,851.04       394.58     2,245.62       519.97     1,725.65
7295          1.00         0.00         0.00         0.00         0.00         0.00         0.00         0.00         0.00         0.00         0.00        32.47          6.75     1,145.90       172.43     1,318.33        33.47     1,284.86
8059          1.00         0.00         0.00         0.00         0.00         0.00         0.00         0.00         0.00         0.00         0.00        18.65         38.26       871.38       158.48     1,029.86        19.65     1,010.21
4807          1.00         0.00         0.00         0.00         0.00         0.00         0.00         0.00         0.00       510.35         0.00       110.77          0.00     3,783.66       586.18     4,369.84       622.12     3,747.72
8018          1.00         0.00         0.00         0.00         0.00         0.00         0.00         0.00         0.00         0.00         0.00        30.86          7.69     1,137.24       231.65     1,368.89        31.86     1,337.03
3169          1.00         0.00         0.00         0.00         0.00         0.00         0.00         0.00         0.00         0.00         0.00        29.07         33.87       939.90       186.68     1,126.58        30.07     1,096.51
4514          1.00         0.00         0.00         0.00         0.00       365.24         0.00         0.00         0.00        23.03         0.00        34.54          0.00     1,355.64       197.70     1,553.34       423.81     1,129.53
7814          1.00         0.00         0.00         0.00         0.00         0.00         0.00         0.00         0.00         0.00         0.00        31.42         29.77     1,004.04       172.81     1,176.85        32.42     1,144.43
7754          1.00         0.00         0.00         0.00         0.00         0.00         0.00         0.00         0.00         0.00         0.00        23.67         38.26       871.38       158.48     1,029.86        24.67     1,005.19
7717          1.00         0.00         0.00         0.00         0.00         0.00         0.00         0.00         0.00        24.41         0.00        32.05          0.00     1,368.38       252.41     1,620.79        57.46     1,563.33
6014          1.00         0.00         0.00         0.00         0.00         0.00         0.00         0.00         0.00        42.72         0.00        32.26          0.00     1,449.71       291.77     1,741.48        75.98     1,665.50
7775          1.00         0.00         0.00         0.00         0.00         0.00         0.00         0.00         0.00         0.00         0.00        23.55         32.31       964.38       255.53     1,219.91        24.55     1,195.36
3827          1.00         0.00         0.00         0.00         0.00         0.00         0.00         0.00         0.00         0.00         0.00        38.31          7.62     1,137.87       258.53     1,396.40        39.31     1,357.09

















































EJECUTIVOS EN SERVICIOS DE ALIMENTOS, S.A. DE C.V.                                                                      Pagina: 0004
R.F.C.:                                                                                                                    2/NOV/19
REPORTE DE SUELDOS SEMANALES DEDUCCIONES


 
Codigo Desc Vales   Desc Zapatos Otras Deducc Desc Fonacot Pension Alim Desc Infonav Faltas       Inca Enferme Inca Riesgo  ISPT         Ajus ISPT    IMSS          Sub P/Empleo Tot Per Grav Tot Per Exce Total Percep Total Deducc Neto Pagado
..........................................................................................................................................................................................................................................
8054          1.00         0.00         0.00         0.00         0.00         0.00       144.20         0.00         0.00         0.00         0.00        16.69         48.78       811.05       170.70       981.75       161.89       819.86
5412          1.00         0.00         0.00         0.00         0.00         0.00         0.00         0.00         0.00         0.00         0.00        27.20         36.16       904.15       163.22     1,067.37        28.20     1,039.17
7995          1.00         0.00         0.00         0.00         0.00         0.00         0.00         0.00         0.00         0.00         0.00        20.37         20.83     1,042.16       141.05     1,183.21        21.37     1,161.84
7395          1.00         0.00         0.00         0.00         0.00         0.00         0.00         0.00         0.00         0.00         0.00        24.99         10.59     1,096.46       158.50     1,254.96        25.99     1,228.97
0214          1.00         0.00         0.00         0.00         0.00         0.00         0.00         0.00         0.00       510.35         0.00       110.48          0.00     3,783.66       586.18     4,369.84       621.83     3,748.01
7849          1.00         0.00         0.00         0.00         0.00         0.00         0.00         0.00         0.00         0.00         0.00        23.66         32.31       964.38       255.53     1,219.91        24.66     1,195.25
5232          1.00         0.00         0.00         0.00         0.00         0.00         0.00         0.00         0.00        47.98         0.00        51.89          0.00     1,498.02       283.19     1,781.21       100.87     1,680.34
8019          1.00         0.00         0.00         0.00         0.00         0.00         0.00         0.00         0.00         0.00         0.00        23.55         21.47     1,032.16       141.69     1,173.85        24.55     1,149.30
4958          1.00         0.00         0.00         0.00         0.00         0.00         0.00         0.00         0.00         0.00         0.00        32.56         35.52       914.15       162.58     1,076.73        33.56     1,043.17
3979          1.00         0.00         0.00         0.00         0.00         0.00         0.00         0.00         0.00       420.97         0.00       106.06          0.00     3,365.20       519.23     3,884.43       528.03     3,356.40
0442          1.00         0.00         0.00         0.00         0.00         0.00         0.00         0.00         0.00        50.43         0.00        40.71          0.00     1,520.58       325.27     1,845.85        92.14     1,753.71
7330          0.00         0.00         0.00         0.00         0.00         0.00         0.00         0.00         0.00         0.00         0.00         0.00          0.00         0.00         0.00         0.00         0.00         0.00
7846          1.00         0.00         0.00         0.00         0.00         0.00         0.00         0.00         0.00         0.00         0.00        33.30         29.13     1,014.04       172.17     1,186.21        34.30     1,151.91
8062          1.00         0.00         0.00         0.00         0.00         0.00       120.51       120.51         0.00         0.00         0.00        14.02         46.47       781.31       126.84       908.15       256.04       652.11
7823          1.00         0.00         0.00         0.00         0.00         0.00         0.00         0.00         0.00         0.00         0.00        30.43         19.40     1,064.51       178.24     1,242.75        31.43     1,211.32
7298          1.00         0.00         0.00         0.00         0.00         0.00         0.00         0.00         0.00        57.14         0.00        35.91          0.00     1,582.19       321.58     1,903.77        94.05     1,809.72
7963          1.00         0.00         0.00         0.00         0.00         0.00         0.00         0.00         0.00         0.00         0.00        23.09         36.61       897.13       182.58     1,079.71        24.09     1,055.62
5396          1.00         0.00         0.00         0.00         0.00         0.00         0.00         0.00         0.00         0.00         0.00        31.74         33.87       939.90       186.68     1,126.58        32.74     1,093.84
7989          1.00         0.00         0.00         0.00         0.00         0.00         0.00         0.00         0.00         0.00         0.00        19.80         37.25       887.13       183.22     1,070.35        20.80     1,049.55
7588          1.00         0.00         0.00         0.00         0.00         0.00         0.00         0.00         0.00         0.00         0.00        25.35         32.22       965.65       210.78     1,176.43        26.35     1,150.08
7821          1.00         0.00         0.00         0.00         0.00         0.00         0.00         0.00         0.00         0.00         0.00        26.95         29.13     1,014.04       172.17     1,186.21        27.95     1,158.26
6203          1.00         0.00         0.00         0.00         0.00         0.00         0.00         0.00         0.00        12.81         0.00        30.34          0.00     1,261.73       135.04     1,396.77        44.15     1,352.62
6582          1.00         0.00         0.00         0.00         0.00         0.00         0.00       241.02         0.00         0.00         0.00        15.98         42.19       874.28       191.51     1,065.79       258.00       807.79
8060          1.00         0.00         0.00         0.00         0.00         0.00         0.00         0.00         0.00         0.00         0.00        18.65         34.78       925.76       219.37     1,145.13        19.65     1,125.48
7226          1.00         0.00         0.00         0.00         0.00         0.00         0.00         0.00         0.00         0.00         0.00        26.91         29.13     1,014.04       172.17     1,186.21        27.91     1,158.30
7885          1.00         0.00         0.00         0.00         0.00         0.00         0.00         0.00         0.00         0.00         0.00        28.37         36.61       897.13       182.58     1,079.71        29.37     1,050.34
3326          1.00         0.00         0.00         0.00         0.00       352.72         0.00         0.00         0.00        47.98         0.00        38.70          0.00     1,498.02       220.48     1,718.50       440.40     1,278.10
0449          1.00         0.00         0.00         0.00         0.00       447.60         0.00         0.00         0.00        14.77         0.00        39.77          0.00     1,279.79       168.79     1,448.58       503.14       945.44
6934          1.00         0.00         0.00         0.00         0.00         0.00         0.00         0.00         0.00       342.84         0.00        86.57          0.00     2,999.45       460.71     3,460.16       430.41     3,029.75
7137          1.00         0.00         0.00         0.00         0.00         0.00         0.00         0.00         0.00        53.46         0.00        38.06          0.00     1,548.38       261.90     1,810.28        92.52     1,717.76
6682          1.00         0.00         0.00         0.00         0.00         0.00       144.20         0.00         0.00         0.00         0.00        17.72         50.19       785.30       146.36       931.66       162.92       768.74
1269          1.00         0.00         0.00         0.00         0.00         0.00         0.00         0.00         0.00         0.00         0.00        25.01         36.16       904.15       163.22     1,067.37        26.01     1,041.36
7890          1.00         0.00         0.00         0.00         0.00         0.00         0.00         0.00         0.00         0.00         0.00        30.80          5.43     1,158.04       215.77     1,373.81        31.80     1,342.01
8031          1.00         0.00         0.00         0.00         0.00         0.00         0.00         0.00         0.00         0.00         0.00        19.98         36.61       897.13       182.58     1,079.71        20.98     1,058.73
1419          1.00         0.00         0.00         0.00         0.00       412.37         0.00         0.00         0.00        55.99         0.00        39.51          0.00     1,571.66       232.26     1,803.92       508.87     1,295.05
8067          1.00         0.00         0.00         0.00         0.00         0.00         0.00         0.00         0.00         0.00         0.00        18.65         38.26       871.38       158.48     1,029.86        19.65     1,010.21
8039          1.00         0.00         0.00         0.00         0.00         0.00         0.00         0.00         0.00         0.00         0.00        18.65         19.40     1,064.50       216.87     1,281.37        19.65     1,261.72
3525          1.00         0.00         0.00         0.00         0.00         0.00         0.00         0.00         0.00        25.02         0.00        38.03          0.00     1,373.99       209.81     1,583.80        64.05     1,519.75
8036          1.00         0.00         0.00         0.00         0.00         0.00         0.00         0.00         0.00         0.00         0.00        22.04         38.26       871.38       209.98     1,081.36        23.04     1,058.32
6885          1.00         0.00         0.00         0.00         0.00         0.00         0.00         0.00         0.00         0.00         0.00        34.78         35.52       914.15       162.58     1,076.73        35.78     1,040.95
7907          1.00         0.00         0.00         0.00         0.00         0.00         0.00         0.00         0.00       135.65         0.00        41.97          0.00     1,767.27       297.86     2,065.13       178.62     1,886.51
4775          1.00         0.00         0.00         0.00         0.00         0.00         0.00         0.00         0.00         0.00         0.00        30.59          7.84     1,135.90       250.77     1,386.67        31.59     1,355.08
8069          1.00         0.00         0.00         0.00         0.00         0.00         0.00         0.00         0.00       135.33         0.00        38.17          0.00     1,764.27       423.54     2,187.81       174.50     2,013.31

















































EJECUTIVOS EN SERVICIOS DE ALIMENTOS, S.A. DE C.V.                                                                      Pagina: 0005
R.F.C.:                                                                                                                    2/NOV/19
REPORTE DE SUELDOS SEMANALES DEDUCCIONES


 
Codigo Desc Vales   Desc Zapatos Otras Deducc Desc Fonacot Pension Alim Desc Infonav Faltas       Inca Enferme Inca Riesgo  ISPT         Ajus ISPT    IMSS          Sub P/Empleo Tot Per Grav Tot Per Exce Total Percep Total Deducc Neto Pagado
..........................................................................................................................................................................................................................................
4832          1.00         0.00         0.00         0.00         0.00         0.00         0.00         0.00         0.00        18.42         0.00        26.16          0.00     1,313.28       217.18     1,530.46        45.58     1,484.88
3321          1.00         0.00         0.00         0.00         0.00         0.00         0.00         0.00         0.00       215.88         0.00        59.76          0.00     2,335.88       350.54     2,686.42       276.64     2,409.78
0624          1.00         0.00         0.00         0.00         0.00         0.00         0.00         0.00         0.00       171.52         0.00        49.86          0.00     2,061.75       430.35     2,492.10       222.38     2,269.72
6877          1.00         0.00         0.00       226.89         0.00         0.00         0.00         0.00         0.00        13.54         0.00        28.62          0.00     1,268.46       179.21     1,447.67       270.05     1,177.62
4385          1.00         0.00         0.00         0.00         0.00         0.00         0.00         0.00         0.00        48.73         0.00        35.82          0.00     1,504.95       199.19     1,704.14        85.55     1,618.59
8030          1.00         0.00         0.00         0.00         0.00         0.00         0.00         0.00         0.00        14.13         0.00        25.36          0.00     1,273.91       248.97     1,522.88        40.49     1,482.39
0366          1.00         0.00         0.00         0.00         0.00         0.00         0.00         0.00         0.00       343.08         0.00        89.85          0.00     3,000.58       668.96     3,669.54       433.93     3,235.61
8072          1.00         0.00         0.00         0.00         0.00         0.00         0.00         0.00         0.00         0.00         0.00        13.32         22.58       696.52       102.95       799.47        14.32       785.15
6206          1.00         0.00         0.00         0.00         0.00         0.00         0.00         0.00         0.00       242.46         0.00        44.98          0.00     2,484.21       308.62     2,792.83       288.44     2,504.39
8034          1.00         0.00         0.00         0.00         0.00         0.00       120.51         0.00         0.00         0.00         0.00        22.81         35.69       939.10       187.66     1,126.76       144.32       982.44
7618          1.00         0.00         0.00         0.00         0.00         0.00       361.53         0.00         0.00         0.00         0.00        21.47         39.47       839.17       154.68       993.85       384.00       609.85
 
*** GLO     176.00         0.00       882.50       588.99         0.00     5,030.87     3,498.87       361.53       361.53     7,555.12         0.00     5,655.53      3,379.01   225,524.13                265,506.75    24,110.94   241,395.81
  














































































