EJECUTIVOS EN SERVICIOS DE ALIMENTOS, S.A. DE C.V.                                                                      Pagina: 0001
R.F.C.:                                                                                                                    2/NOV/19
REPORTE DE SUELDOS SEMANALES DEDUCCIONES


 
Codigo Desc Vales   Desc Zapatos Otras Deducc Desc Fonacot Pension Alim Desc Infonav Faltas       Inca Enferme Inca Riesgo  ISPT         Ajus ISPT    IMSS          Sub P/Empleo Tot Per Grav Tot Per Exce Total Percep Total Deducc Neto Pagado
..........................................................................................................................................................................................................................................
7879          1.00         0.00         0.00         0.00         0.00         0.00         0.00         0.00         0.00       214.23         0.00        26.87          0.00     2,489.38       236.09     2,725.47       242.10     2,483.37
6600          1.00         0.00         0.00         0.00         0.00       246.12         0.00         0.00         0.00         0.00         0.00        21.43         18.39       981.40       222.70     1,204.10       268.55       935.55
7685          1.00         0.00         0.00         0.00         0.00         0.00       120.51         0.00         0.00         0.00         0.00        22.21         42.24       832.13       148.42       980.55       143.72       836.83
7331          1.00         0.00         0.00         0.00         0.00         0.00         0.00         0.00         0.00         0.00         0.00        27.66          5.46     1,093.86       177.18     1,271.04        28.66     1,242.38
5933          1.00         0.00         0.00         0.00         0.00         0.00         0.00         0.00         0.00       121.64         0.00        25.05          0.00     1,914.15       127.06     2,041.21       147.69     1,893.52
7170          1.00         0.00         0.00         0.00         0.00         0.00         0.00         0.00         0.00       118.47         0.00        25.92          0.00     2,145.90       165.68     2,311.58       145.39     2,166.19
5201          1.00         0.00         0.00         0.00         0.00       335.50         0.00         0.00         0.00        47.99         0.00        36.80          0.00     1,498.02       220.48     1,718.50       421.29     1,297.21
3890          1.00         0.00         0.00         0.00         0.00         0.00         0.00         0.00         0.00       178.36         0.00        54.41          0.00     2,104.51       319.12     2,423.63       233.77     2,189.86
7834          1.00         0.00         0.00         0.00         0.00         0.00         0.00         0.00         0.00       124.76         0.00        23.58          0.00     2,014.04       143.04     2,157.08       149.34     2,007.74
3652          1.00         0.00         0.00         0.00         0.00       391.43       215.47         0.00         0.00        99.90         0.00        50.49          0.00     1,708.22       232.44     1,940.66       758.29     1,182.37
1123          1.00         0.00         0.00         0.00         0.00         0.00         0.00         0.00         0.00        23.03         0.00        33.05          0.00     1,355.64       197.70     1,553.34        57.08     1,496.26
7959          1.00         0.00         0.00         0.00         0.00         0.00         0.00         0.00         0.00         0.00         0.00        19.71         38.91       861.38       159.13     1,020.51        20.71       999.80
7977          1.00         0.00         0.00         0.00         0.00         0.00         0.00         0.00         0.00         0.00         0.00        18.65         21.48     1,032.16       141.70     1,173.86        19.65     1,154.21
7986          1.00         0.00         0.00         0.00         0.00         0.00         0.00         0.00         0.00         0.00         0.00        18.65         15.25     1,042.36       186.97     1,229.33        19.65     1,209.68
7259          1.00         0.00         0.00         0.00         0.00         0.00         0.00         0.00         0.00       120.55         0.00        26.72          0.00     1,904.15       127.06     2,031.21       148.27     1,882.94
7312          1.00         0.00         0.00         0.00         0.00         0.00         0.00         0.00         0.00         0.00         0.00        23.53         19.57       964.06       154.61     1,118.67        24.53     1,094.14
7975          1.00         0.00         0.00         0.00         0.00         0.00         0.00         0.00         0.00         0.00         0.00        18.65         27.98     1,032.16       148.20     1,180.36        19.65     1,160.71
7338          1.00         0.00         0.00         0.00         0.00         0.00         0.00         0.00         0.00       132.51         0.00        27.26          0.00     2,014.04       143.04     2,157.08       160.77     1,996.31
5677          1.00         0.00         0.00         0.00         0.00         0.00         0.00         0.00         0.00        31.40         0.00        35.87          0.00     1,345.64       197.70     1,543.34        68.27     1,475.07
7943          1.00         0.00         0.00         0.00         0.00         0.00         0.00         0.00         0.00         0.00         0.00        20.30         54.71       897.13       200.68     1,097.81        21.30     1,076.51
7812          1.00         0.00         0.00         0.00         0.00         0.00         0.00         0.00         0.00         0.00         0.00        27.95         34.96       871.38       155.18     1,026.56        28.95       997.61
0849          1.00         0.00         0.00         0.00         0.00         0.00         0.00         0.00         0.00       140.67         0.00        31.54          0.00     2,089.04       143.04     2,232.08       173.21     2,058.87
7536          1.00         0.00         0.00         0.00         0.00         0.00       120.51         0.00         0.00         0.00         0.00        22.06         38.67       896.51       209.22     1,105.73       143.57       962.16
7430          0.00         0.00         0.00         0.00         0.00         0.00         0.00         0.00         0.00         0.00         0.00         0.00          0.00         0.00         0.00         0.00         0.00         0.00
5181          1.00         0.00         0.00         0.00         0.00         0.00         0.00         0.00         0.00         0.00         0.00        22.43         25.00       914.15       152.06     1,066.21        23.43     1,042.78
5429          1.00         0.00         0.00         0.00         0.00         0.00         0.00         0.00         0.00       346.97         0.00        77.74          0.00     3,018.72       560.97     3,579.69       425.71     3,153.98
7655          1.00         0.00         0.00         0.00         0.00         0.00         0.00         0.00         0.00         0.00         0.00        26.86         42.74     1,007.15       272.80     1,279.95        27.86     1,252.09
5558          1.00         0.00         0.00         0.00         0.00         0.00         0.00         0.00         0.00         0.00         0.00        24.77          2.62     1,119.91       222.91     1,342.82        25.77     1,317.05
4746          1.00         0.00         0.00         0.00         0.00       344.19         0.00         0.00         0.00        35.34         0.00        32.75          0.00     1,381.79       180.28     1,562.07       413.28     1,148.79
7663          1.00         0.00         0.00         0.00         0.00         0.00         0.00         0.00         0.00        72.92         0.00        28.66          0.00     1,622.29       216.77     1,839.06       102.58     1,736.48
7773          1.00         0.00         0.00         0.00         0.00         0.00         0.00         0.00         0.00         0.00         0.00        25.71         25.06       972.04       152.12     1,124.16        26.71     1,097.45
1424          1.00         0.00         0.00         0.00         0.00       466.38         0.00         0.00         0.00       272.47         0.00        73.68          0.00     2,669.97       409.59     3,079.56       813.53     2,266.03
5280          1.00         0.00         0.00       362.10         0.00       435.11         0.00         0.00         0.00       152.33         0.00        48.16          0.00     1,920.48       289.67     2,210.15       998.70     1,211.45
7742          0.00         0.00         0.00         0.00         0.00         0.00         0.00         0.00         0.00         0.00         0.00         0.00          0.00         0.00         0.00         0.00         0.00         0.00
7883          1.00         0.00         0.00         0.00         0.00         0.00         0.00         0.00         0.00         0.00         0.00        23.91         19.58       964.06       154.62     1,118.68        24.91     1,093.77
7994          1.00         0.00         0.00         0.00         0.00         0.00         0.00         0.00         0.00         0.00         0.00         7.99         24.04       291.17        64.22       355.39         8.99       346.40
6461          1.00         0.00       300.00         0.00         0.00         0.00         0.00         0.00         0.00         5.09         0.00        26.97          0.00     1,190.73       221.53     1,412.26       333.06     1,079.20
6765          1.00         0.00         0.00         0.00         0.00         0.00         0.00         0.00         0.00       126.82         0.00        49.12          0.00     1,794.37       448.55     2,242.92       176.94     2,065.98
7909          1.00         0.00         0.00         0.00         0.00         0.00         0.00         0.00         0.00       116.99         0.00        23.56          0.00     1,871.38       120.22     1,991.60       141.55     1,850.05
5000          1.00         0.00         0.00         0.00         0.00         0.00         0.00         0.00         0.00         0.00         0.00        29.62         19.72     1,218.74       221.22     1,439.96        30.62     1,409.34
7915          1.00         0.00         0.00         0.00         0.00         0.00         0.00         0.00         0.00         0.00         0.00        25.06         46.24       979.89       166.46     1,146.35        26.06     1,120.29
7925          1.00         0.00         0.00         0.00         0.00         0.00         0.00         0.00         0.00         4.13         0.00        29.64          0.00     1,246.79       180.28     1,427.07        34.77     1,392.30
5644          1.00         0.00       116.50         0.00         0.00       337.88         0.00         0.00         0.00        15.65         0.00        30.54          0.00     1,287.87       356.04     1,643.91       501.57     1,142.34

















































EJECUTIVOS EN SERVICIOS DE ALIMENTOS, S.A. DE C.V.                                                                      Pagina: 0002
R.F.C.:                                                                                                                    2/NOV/19
REPORTE DE SUELDOS SEMANALES DEDUCCIONES


 
Codigo Desc Vales   Desc Zapatos Otras Deducc Desc Fonacot Pension Alim Desc Infonav Faltas       Inca Enferme Inca Riesgo  ISPT         Ajus ISPT    IMSS          Sub P/Empleo Tot Per Grav Tot Per Exce Total Percep Total Deducc Neto Pagado
..........................................................................................................................................................................................................................................
6638          0.00         0.00         0.00         0.00         0.00         0.00         0.00         0.00         0.00         0.00         0.00         0.00          0.00         0.00         0.00         0.00         0.00         0.00
7800          1.00         0.00         0.00         0.00         0.00         0.00         0.00         0.00         0.00         0.00         0.00        20.63         19.17       974.38       293.89     1,268.27        21.63     1,246.64
7960          1.00         0.00         0.00         0.00         0.00         0.00       241.02         0.00         0.00         0.00         0.00        16.88         48.60       781.31       180.47       961.78       258.90       702.88
6690          1.00         0.00         0.00         0.00         0.00         0.00         0.00         0.00         0.00         0.00         0.00        23.12         49.74       942.78       215.42     1,158.20        24.12     1,134.08
7168          1.00         0.00         0.00         0.00         0.00         0.00         0.00         0.00         0.00         0.00         0.00        26.76         30.58       991.40       247.76     1,239.16        27.76     1,211.40
7991          1.00         0.00         0.00         0.00         0.00         0.00         0.00         0.00         0.00        12.58         0.00        19.98          0.00       932.78       108.17     1,040.95        33.56     1,007.39
7980          0.00         0.00         0.00         0.00         0.00         0.00         0.00         0.00         0.00         0.00         0.00         0.00          0.00         0.00         0.00         0.00         0.00         0.00
4314          1.00         0.00         0.00         0.00         0.00         0.00         0.00         0.00         0.00       200.13         0.00        48.63          0.00     2,240.52       393.60     2,634.12       249.76     2,384.36
7988          0.00         0.00         0.00         0.00         0.00         0.00         0.00         0.00         0.00         8.04         0.00        18.65          0.00     1,239.83       128.75     1,368.58        26.69     1,341.89
7848          1.00         0.00       100.00         0.00         0.00         0.00         0.00         0.00         0.00         0.00         0.00        20.35         37.27       887.13       183.24     1,070.37       121.35       949.02
7632          1.00         0.00         0.00         0.00         0.00         0.00         0.00         0.00         0.00       131.44         0.00        28.01          0.00     2,004.28       217.18     2,221.46       160.45     2,061.01
7873          1.00         0.00         0.00         0.00         0.00         0.00         0.00         0.00         0.00        79.14         0.00        27.77          0.00     1,871.38       120.22     1,991.60       107.91     1,883.69
6504          0.00         0.00         0.00         0.00         0.00         0.00         0.00         0.00         0.00         0.00         0.00         0.00          0.00         0.00         0.00         0.00         0.00         0.00
7905          0.00         0.00         0.00         0.00         0.00         0.00         0.00         0.00         0.00         0.00         0.00         0.00          0.00         0.00         0.00         0.00         0.00         0.00
7801          1.00         0.00         0.00         0.00         0.00         0.00         0.00         0.00         0.00        94.25         0.00        22.21          0.00     2,025.88       120.22     2,146.10       117.46     2,028.64
7061          1.00         0.00         0.00         0.00         0.00         0.00         0.00         0.00         0.00        13.07         0.00        28.40          0.00     1,328.08       209.81     1,537.89        42.47     1,495.42
7847          1.00         0.00         0.00         0.00         0.00         0.00         0.00         0.00         0.00       110.14         0.00        24.88          0.00     1,964.38       274.72     2,239.10       136.02     2,103.08
7633          1.00         0.00         0.00         0.00         0.00         0.00         0.00         0.00         0.00       163.86         0.00        27.07          0.00     2,110.15       127.06     2,237.21       191.93     2,045.28
7984          1.00         0.00         0.00         0.00         0.00         0.00         0.00         0.00         0.00        21.04         0.00        27.97          0.00     1,236.79       180.28     1,417.07        50.01     1,367.06
7914          1.00         0.00         0.00         0.00         0.00         0.00         0.00         0.00         0.00         0.00         0.00        22.06         38.27       871.38       158.49     1,029.87        23.06     1,006.81
2897          1.00         0.00         0.00         0.00         0.00         0.00         0.00         0.00         0.00         0.00         0.00        21.89         52.85       914.15       179.91     1,094.06        22.89     1,071.17
7981          0.00         0.00         0.00         0.00         0.00         0.00         0.00         0.00         0.00         0.00         0.00         0.00          0.00         0.00         0.00         0.00         0.00         0.00
7614          1.00         0.00         0.00         0.00         0.00         0.00         0.00         0.00         0.00        16.50         0.00        34.01          0.00     1,295.66       189.70     1,485.36        51.51     1,433.85
3318          1.00         0.00         0.00         0.00         0.00       510.55         0.00         0.00         0.00       229.36         0.00        70.51          0.00     2,411.11       313.42     2,724.53       811.42     1,913.11
7804          1.00         0.00         0.00         0.00         0.00         0.00         0.00         0.00         0.00        30.36         0.00        38.29          0.00     1,564.18       232.66     1,796.84        69.65     1,727.19
6083          1.00         0.00         0.00         0.00         0.00         0.00         0.00         0.00         0.00       107.09         0.00        29.01          0.00     2,041.31       263.79     2,305.10       137.10     2,168.00
6766          1.00         0.00         0.00         0.00         0.00         0.00         0.00         0.00         0.00         0.00         0.00        26.99          7.99     1,134.45       171.90     1,306.35        27.99     1,278.36
7982          1.00         0.00         0.00         0.00         0.00         0.00         0.00         0.00         0.00         2.79         0.00        27.97          0.00     1,236.79       180.28     1,417.07        31.76     1,385.31
4137          1.00         0.00         0.00         0.00         0.00         0.00         0.00         0.00         0.00       371.81         0.00        88.97          0.00     3,135.04       482.40     3,617.44       461.78     3,155.66
7913          1.00         0.00         0.00         0.00         0.00         0.00         0.00         0.00         0.00         0.00         0.00        20.79         57.51       871.38       177.73     1,049.11        21.79     1,027.32
7542          1.00         0.00         0.00         0.00         0.00         0.00         0.00         0.00         0.00        93.26         0.00        27.83          0.00     1,914.15       127.06     2,041.21       122.09     1,919.12
3780          1.00         0.00         0.00         0.00         0.00         0.00         0.00         0.00         0.00       127.24         0.00        43.02          0.00     1,689.93       385.10     2,075.03       171.26     1,903.77
7992          1.00         0.00         0.00         0.00         0.00         0.00         0.00         0.00         0.00         0.00         0.00        13.32         15.47       735.15       185.96       921.11        14.32       906.79
6205          1.00         0.00         0.00         0.00         0.00         0.00         0.00         0.00         0.00         0.00         0.00        24.05         42.36     1,015.56       228.90     1,244.46        25.05     1,219.41
5027          1.00         0.00         0.00         0.00         0.00         0.00         0.00         0.00         0.00       361.15         0.00        35.49          0.00     2,230.04       143.04     2,373.08       397.64     1,975.44
7949          1.00         0.00         0.00         0.00         0.00         0.00         0.00         0.00         0.00         0.00         0.00        22.83         57.51       871.38       177.73     1,049.11        23.83     1,025.28
7993          1.00         0.00         0.00         0.00         0.00         0.00         0.00         0.00         0.00         0.00         0.00         7.99         24.04       291.17        64.22       355.39         8.99       346.40
7818          1.00         0.00         0.00         0.00         0.00         0.00         0.00         0.00         0.00       114.15         0.00        29.06          0.00     2,004.04       143.04     2,147.08       144.21     2,002.87
7221          1.00         0.00         0.00         0.00         0.00         0.00         0.00         0.00         0.00         0.00         0.00        13.32         37.80       520.82       109.93       630.75        14.32       616.43
7815          1.00         0.00         0.00         0.00         0.00         0.00         0.00         0.00         0.00       100.12         0.00        26.42          0.00     1,977.26       236.09     2,213.35       127.54     2,085.81
6839          1.00         0.00         0.00         0.00         0.00         0.00         0.00         0.00         0.00        90.80         0.00        24.24          0.00     1,978.53       191.43     2,169.96       116.04     2,053.92
5646          1.00         0.00         0.00         0.00         0.00         0.00         0.00         0.00         0.00       121.64         0.00        28.14          0.00     1,914.15       127.06     2,041.21       150.78     1,890.43
7708          1.00         0.00         0.00         0.00         0.00         0.00       120.51         0.00         0.00         0.00         0.00        20.62         75.42       832.13       181.60     1,013.73       142.13       871.60

















































EJECUTIVOS EN SERVICIOS DE ALIMENTOS, S.A. DE C.V.                                                                      Pagina: 0003
R.F.C.:                                                                                                                    2/NOV/19
REPORTE DE SUELDOS SEMANALES DEDUCCIONES


 
Codigo Desc Vales   Desc Zapatos Otras Deducc Desc Fonacot Pension Alim Desc Infonav Faltas       Inca Enferme Inca Riesgo  ISPT         Ajus ISPT    IMSS          Sub P/Empleo Tot Per Grav Tot Per Exce Total Percep Total Deducc Neto Pagado
..........................................................................................................................................................................................................................................
7985          1.00         0.00         0.00         0.00         0.00         0.00         0.00         0.00         0.00         0.00         0.00        18.65          0.73     1,196.66       159.57     1,356.23        19.65     1,336.58
7869          1.00         0.00         0.00         0.00         0.00         0.00         0.00         0.00         0.00        89.76         0.00        23.81          0.00     1,964.06       135.04     2,099.10       114.57     1,984.53
7882          0.00         0.00         0.00         0.00         0.00         0.00       576.80         0.00         0.00         0.00         0.00        11.45         72.89       761.11        72.89       834.00       588.25       245.75
7973          1.00         0.00         0.00         0.00         0.00       212.95         0.00         0.00         0.00         0.00         0.00        18.65         44.68       861.38       164.90     1,026.28       232.60       793.68
5679          1.00         0.00         0.00         0.00         0.00         0.00         0.00         0.00         0.00        59.10         0.00        37.71          0.00     1,355.64       462.48     1,818.12        97.81     1,720.31
7892          1.00         0.00         0.00         0.00         0.00         0.00       120.51         0.00         0.00        67.34         0.00        25.37          0.00     1,915.61       119.54     2,035.15       214.22     1,820.93
7530          1.00         0.00         0.00         0.00         0.00         0.00       120.51         0.00         0.00       112.21         0.00        24.80          0.00     1,948.00       202.74     2,150.74       258.52     1,892.22
6028          1.00         0.00         0.00         0.00         0.00       407.29         0.00         0.00         0.00        87.06         0.00        31.58          0.00     1,781.10       296.26     2,077.36       526.93     1,550.43
6565          0.00         0.00         0.00         0.00         0.00         0.00         0.00         0.00         0.00         0.00         0.00         0.00          0.00         0.00         0.00         0.00         0.00         0.00
3676          1.00         0.00         0.00         0.00         0.00         0.00         0.00         0.00         0.00        54.43         0.00        38.00          0.00     1,557.30       338.80     1,896.10        93.43     1,802.67
3221          1.00        56.00         0.00         0.00         0.00         0.00         0.00         0.00         0.00        32.46         0.00        33.20          0.00     1,355.28       304.35     1,659.63       122.66     1,536.97
7741          1.00        56.00         0.00         0.00         0.00         0.00         0.00         0.00         0.00         0.00         0.00        21.44         53.94       904.15       181.00     1,085.15        78.44     1,006.71
7779          1.00         0.00         0.00         0.00         0.00         0.00         0.00         0.00         0.00        46.96         0.00        37.38          0.00     1,488.62       384.85     1,873.47        85.34     1,788.13
7942          1.00         0.00         0.00         0.00         0.00         0.00         0.00         0.00         0.00         0.00         0.00        19.91         28.96     1,032.16       149.18     1,181.34        20.91     1,160.43
7845          1.00         0.00         0.00         0.00         0.00         0.00       144.20         0.00         0.00       109.06         0.00        36.58          0.00     1,899.43       114.43     2,013.86       290.84     1,723.02
7920          1.00         0.00         0.00         0.00         0.00         0.00         0.00         0.00         0.00         0.00         0.00        20.60         37.33       887.13       183.30     1,070.43        21.60     1,048.83
2522          1.00         0.00         0.00         0.00         0.00         0.00         0.00         0.00         0.00       132.13         0.00        28.06          0.00     1,991.40       255.81     2,247.21       161.19     2,086.02
7990          1.00         0.00         0.00         0.00         0.00         0.00         0.00         0.00         0.00         0.00         0.00        15.99         24.87       870.65       176.84     1,047.49        16.99     1,030.50
7938          1.00         0.00         0.00         0.00         0.00         0.00       120.51         0.00         0.00         0.00         0.00        17.91         58.00       796.38       158.47       954.85       139.42       815.43
0236          1.00         0.00         0.00         0.00         0.00       533.49         0.00         0.00         0.00       175.08         0.00        58.53          0.00     2,083.99       455.38     2,539.37       768.10     1,771.27
7080          1.00         0.00         0.00         0.00         0.00         0.00         0.00         0.00         0.00        58.66         0.00        46.61          0.00     1,364.95       465.96     1,830.91       106.27     1,724.64
5965          1.00         0.00         0.00         0.00         0.00         0.00         0.00         0.00         0.00       115.94         0.00        32.45          0.00     1,585.99       293.32     1,879.31       149.39     1,729.92
5447          1.00         0.00         0.00         0.00         0.00         0.00         0.00         0.00         0.00       131.42         0.00        32.14          0.00     2,004.04       143.04     2,147.08       164.56     1,982.52
7932          1.00         0.00         0.00         0.00         0.00         0.00         0.00         0.00         0.00         0.00         0.00        20.84         24.43     1,180.38       221.90     1,402.28        21.84     1,380.44
6685          1.00         0.00         0.00         0.00         0.00         0.00         0.00         0.00         0.00       160.27         0.00        26.48          0.00     1,991.40       204.31     2,195.71       187.75     2,007.96
5549          1.00         0.00         0.00         0.00         0.00         0.00         0.00         0.00         0.00       118.86         0.00        29.95          0.00     2,149.51       242.93     2,392.44       149.81     2,242.63
0854          1.00         0.00         0.00         0.00         0.00       332.71         0.00         0.00         0.00       144.77         0.00        40.03          0.00     1,851.04       394.58     2,245.62       518.51     1,727.11
7295          1.00         0.00         0.00         0.00         0.00         0.00         0.00         0.00         0.00       146.86         0.00        28.47          0.00     2,145.90       165.68     2,311.58       176.33     2,135.25
6832          1.00         0.00       150.00         0.00         0.00         0.00       120.51       241.02         0.00         0.00         0.00        16.20          9.23       806.98        92.25       899.23       528.73       370.50
4807          1.00         0.00         0.00         0.00         0.00         0.00         0.00         0.00         0.00       510.36         0.00       110.77          0.00     3,783.66       586.18     4,369.84       622.13     3,747.71
6821          1.00         0.00         0.00         0.00         0.00         0.00         0.00         0.00         0.00         0.00         0.00        28.81          3.25     1,178.13       174.15     1,352.28        29.81     1,322.47
3169          1.00         0.00         0.00         0.00         0.00         0.00         0.00         0.00         0.00       104.68         0.00        27.21          0.00     1,914.15       127.06     2,041.21       132.89     1,908.32
7947          1.00         0.00         0.00         0.00         0.00         0.00         0.00         0.00         0.00         0.00         0.00        25.41         11.05     1,042.36       182.77     1,225.13        26.41     1,198.72
4514          1.00         0.00         0.00         0.00         0.00       371.18         0.00         0.00         0.00        23.03         0.00        35.10          0.00     1,355.64       197.70     1,553.34       430.31     1,123.03
6379          1.00         0.00         0.00         0.00         0.00         0.00         0.00         0.00         0.00         0.00         0.00        21.67         58.05       871.38       229.77     1,101.15        22.67     1,078.48
7814          1.00         0.00         0.00         0.00         0.00         0.00         0.00         0.00         0.00       131.42         0.00        29.32          0.00     2,004.04       143.04     2,147.08       161.74     1,985.34
7754          1.00         0.00         0.00         0.00         0.00         0.00         0.00         0.00         0.00         0.00         0.00        21.05         57.51       871.38       177.73     1,049.11        22.05     1,027.06
7717          1.00         0.00         0.00         0.00         0.00         0.00         0.00         0.00         0.00        27.05         0.00        34.95          0.00     1,305.66       189.70     1,495.36        63.00     1,432.36
6014          1.00         0.00         0.00         0.00         0.00         0.00         0.00         0.00         0.00        31.56         0.00        32.33          0.00     1,434.03       276.09     1,710.12        64.89     1,645.23
7775          1.00         0.00         0.00         0.00         0.00         0.00         0.00         0.00         0.00         0.00         0.00        20.49         35.74       912.88       207.46     1,120.34        21.49     1,098.85
3827          1.00         0.00         0.00         0.00         0.00         0.00         0.00         0.00         0.00       185.76         0.00        29.84          0.00     2,150.75       373.22     2,523.97       216.60     2,307.37
7976          1.00         0.00         0.00         0.00         0.00         0.00       144.20         0.00         0.00         0.00         0.00        16.69         50.53       785.30       146.70       932.00       161.89       770.11
5412          1.00         0.00         0.00         0.00         0.00         0.00         0.00         0.00         0.00        82.71         0.00        24.62          0.00     1,904.15       127.06     2,031.21       108.33     1,922.88

















































EJECUTIVOS EN SERVICIOS DE ALIMENTOS, S.A. DE C.V.                                                                      Pagina: 0004
R.F.C.:                                                                                                                    2/NOV/19
REPORTE DE SUELDOS SEMANALES DEDUCCIONES


 
Codigo Desc Vales   Desc Zapatos Otras Deducc Desc Fonacot Pension Alim Desc Infonav Faltas       Inca Enferme Inca Riesgo  ISPT         Ajus ISPT    IMSS          Sub P/Empleo Tot Per Grav Tot Per Exce Total Percep Total Deducc Neto Pagado
..........................................................................................................................................................................................................................................
4504          1.00         0.00         0.00         0.00         0.00         0.00         0.00         0.00         0.00       216.85         0.00        56.80          0.00     2,342.47       450.96     2,793.43       274.65     2,518.78
7995          1.00         0.00         0.00         0.00         0.00         0.00         0.00         0.00         0.00         0.00         0.00        10.66         21.09       509.95        81.37       591.32        11.66       579.66
7395          1.00         0.00         0.00         0.00         0.00         0.00         0.00         0.00         0.00         0.00         0.00        23.49         48.52       954.06       183.56     1,137.62        24.49     1,113.13
0214          1.00         0.00         0.00         0.00         0.00         0.00         0.00         0.00         0.00       510.36         0.00       110.48          0.00     3,783.66       586.18     4,369.84       621.84     3,748.00
7849          1.00         0.00         0.00         0.00         0.00         0.00         0.00         0.00         0.00         0.00         0.00        27.02         37.26       887.13       183.23     1,070.36        28.02     1,042.34
6321          0.00         0.00         0.00         0.00         0.00         0.00         0.00         0.00         0.00         0.00         0.00         0.00          0.00         0.00         0.00         0.00         0.00         0.00
5232          1.00         0.00         0.00         0.00         0.00         0.00         0.00         0.00         0.00       113.37         0.00        36.63          0.00     1,562.40       258.91     1,821.31       151.00     1,670.31
4958          1.00         0.00         0.00         0.00         0.00         0.00         0.00         0.00         0.00        93.25         0.00        24.82          0.00     1,914.15       127.06     2,041.21       119.07     1,922.14
7880          1.00         0.00         0.00         0.00         0.00         0.00       120.51         0.00         0.00       119.93         0.00        25.11          0.00     2,018.86       151.97     2,170.83       266.55     1,904.28
3979          1.00         0.00         0.00         0.00         0.00         0.00         0.00         0.00         0.00       420.97         0.00       108.44          0.00     3,365.20       519.23     3,884.43       530.41     3,354.02
7902          1.00         0.00         0.00         0.00         0.00         0.00         0.00         0.00         0.00         0.00         0.00        27.70         31.03     1,119.61       280.00     1,399.61        28.70     1,370.91
0442          1.00         0.00         0.00         0.00         0.00         0.00         0.00         0.00         0.00       395.77         0.00        39.39          0.00     2,548.24       428.93     2,977.17       436.16     2,541.01
7857          0.00         0.00         0.00         0.00         0.00         0.00         0.00         0.00         0.00         0.00         0.00         0.00          0.00         0.00         0.00         0.00         0.00         0.00
7330          0.00         0.00         0.00         0.00         0.00         0.00         0.00         0.00         0.00         0.00         0.00         0.00          0.00         0.00         0.00         0.00         0.00         0.00
7987          1.00         0.00         0.00         0.00         0.00         0.00         0.00         0.00         0.00         0.00         0.00        18.65         25.91     1,064.50       352.13     1,416.63        19.65     1,396.98
7719          1.00         0.00         0.00         0.00         0.00         0.00         0.00         0.00         0.00       121.64         0.00        24.16          0.00     1,914.15       127.06     2,041.21       146.80     1,894.41
7846          1.00         0.00         0.00         0.00         0.00         0.00         0.00         0.00         0.00       149.32         0.00        24.57          0.00     2,168.54       181.66     2,350.20       174.89     2,175.31
7928          0.00         0.00         0.00         0.00         0.00         0.00         0.00         0.00         0.00         0.00         0.00         0.00          0.00         0.00         0.00         0.00         0.00         0.00
7983          0.00         0.00         0.00         0.00         0.00         0.00         0.00         0.00         0.00         0.00         0.00         0.00          0.00         0.00         0.00         0.00         0.00         0.00
7823          1.00        56.00         0.00         0.00         0.00         0.00         0.00         0.00         0.00        79.14         0.00        20.69          0.00     1,871.38       120.22     1,991.60       156.83     1,834.77
7298          1.00         0.00         0.00         0.00         0.00         0.00         0.00         0.00         0.00        55.28         0.00        35.28          0.00     1,565.12       304.51     1,869.63        91.56     1,778.07
7963          1.00         0.00         0.00         0.00         0.00         0.00         0.00         0.00         0.00         0.00         0.00        20.08         33.60       948.63       192.44     1,141.07        21.08     1,119.99
5396          1.00         0.00         0.00         0.00         0.00         0.00         0.00         0.00         0.00       130.66         0.00        28.83          0.00     1,997.05       209.53     2,206.58       160.49     2,046.09
5704          1.00         0.00         0.00         0.00         0.00         0.00         0.00         0.00         0.00        22.95         0.00        33.14          0.00     1,354.95       199.19     1,554.14        57.09     1,497.05
7503          0.00         0.00         0.00         0.00         0.00         0.00         0.00         0.00         0.00         0.00         0.00         0.00          0.00         0.00         0.00         0.00         0.00         0.00
7989          1.00         0.00         0.00         0.00         0.00         0.00         0.00         0.00         0.00         0.00         0.00        18.65         44.45       861.38       164.67     1,026.05        19.65     1,006.40
7588          1.00         0.00         0.00         0.00         0.00         0.00       120.51         0.00         0.00         0.00         0.00        22.72         74.43       832.13       180.61     1,012.74       144.23       868.51
7948          1.00         0.00         0.00         0.00         0.00         0.00         0.00         0.00         0.00         0.00         0.00        20.04         13.65     1,283.38       236.87     1,520.25        21.04     1,499.21
7821          1.00         0.00         0.00         0.00         0.00         0.00       120.51         0.00         0.00         0.00         0.00        22.01         37.95       915.61       157.49     1,073.10       143.52       929.58
5588          1.00         0.00         0.00         0.00         0.00         0.00         0.00         0.00         0.00         0.00         0.00        22.54         50.05       939.90       202.86     1,142.76        23.54     1,119.22
6203          1.00         0.00         0.00         0.00         0.00         0.00         0.00         0.00         0.00        12.81         0.00        35.77          0.00     1,261.73       135.04     1,396.77        49.58     1,347.19
6582          1.00         0.00         0.00         0.00         0.00         0.00         0.00         0.00         0.00         0.00         0.00        21.69         36.18       904.15       163.24     1,067.39        22.69     1,044.70
7392          1.00         0.00         0.00         0.00         0.00         0.00         0.00         0.00         0.00       121.28         0.00        27.03          0.00     2,171.65       191.43     2,363.08       149.31     2,213.77
7226          1.00         0.00         0.00         0.00         0.00         0.00       120.51         0.00         0.00         0.00         0.00        27.04         37.95       915.61       157.49     1,073.10       148.55       924.55
7885          1.00         0.00         0.00         0.00         0.00         0.00         0.00         0.00         0.00       108.43         0.00        22.13          0.00     1,948.63       158.84     2,107.47       131.56     1,975.91
3326          1.00         0.00         0.00         0.00         0.00       352.72         0.00         0.00         0.00        47.98         0.00        36.42          0.00     1,498.02       220.48     1,718.50       438.12     1,280.38
7939          1.00         0.00         0.00         0.00         0.00         0.00         0.00       144.20         0.00         0.00         0.00        17.67         39.35       921.92       135.52     1,057.44       162.87       894.57
0449          1.00         0.00         0.00         0.00         0.00       447.60         0.00         0.00         0.00       367.65         0.00        37.35          0.00     2,289.79       168.79     2,458.58       853.60     1,604.98
6934          1.00         0.00         0.00         0.00         0.00         0.00         0.00         0.00         0.00       342.85         0.00        87.64          0.00     2,999.45       460.71     3,460.16       431.49     3,028.67
7137          1.00         0.00         0.00         0.00         0.00         0.00         0.00         0.00         0.00        53.46         0.00        36.53          0.00     1,548.38       261.90     1,810.28        90.99     1,719.29
7951          0.00         0.00         0.00         0.00         0.00         0.00         0.00         0.00         0.00       128.73         0.00        38.39          0.00     1,794.28        85.35     1,879.63       167.12     1,712.51
7979          1.00         0.00         0.00         0.00         0.00         0.00         0.00         0.00         0.00         0.00         0.00        18.65         45.08       861.38       165.30     1,026.68        19.65     1,007.03
6682          1.00         0.00       400.00         0.00         0.00         0.00       144.20         0.00         0.00         0.00         0.00        17.72         50.20       785.30       146.37       931.67       562.92       368.75

















































EJECUTIVOS EN SERVICIOS DE ALIMENTOS, S.A. DE C.V.                                                                      Pagina: 0005
R.F.C.:                                                                                                                    2/NOV/19
REPORTE DE SUELDOS SEMANALES DEDUCCIONES


 
Codigo Desc Vales   Desc Zapatos Otras Deducc Desc Fonacot Pension Alim Desc Infonav Faltas       Inca Enferme Inca Riesgo  ISPT         Ajus ISPT    IMSS          Sub P/Empleo Tot Per Grav Tot Per Exce Total Percep Total Deducc Neto Pagado
..........................................................................................................................................................................................................................................
1269          1.00         0.00         0.00         0.00         0.00         0.00         0.00         0.00         0.00         0.00         0.00        24.33         53.95       904.15       181.01     1,085.16        25.33     1,059.83
7890          1.00         0.00         0.00         0.00         0.00         0.00         0.00         0.00         0.00         0.00         0.00        21.32         20.05     1,180.38       307.64     1,488.02        22.32     1,465.70
1419          1.00         0.00         0.00         0.00         0.00         0.00         0.00         0.00         0.00       122.23         0.00        38.46          0.00     1,643.81       304.40     1,948.21       161.69     1,786.52
7887          1.00         0.00         0.00         0.00         0.00         0.00       120.51         0.00         0.00        86.30         0.00        19.33          0.00     1,873.63       139.09     2,012.72       227.14     1,785.58
3525          1.00         0.00         0.00         0.00         0.00         0.00         0.00         0.00         0.00       122.81         0.00        29.52          0.00     1,924.87       301.63     2,226.50       153.33     2,073.17
6885          1.00         0.00         0.00         0.00         0.00         0.00         0.00         0.00         0.00       350.60         0.00        33.49          0.00     2,133.03       320.18     2,453.21       385.09     2,068.12
7893          1.00         0.00         0.00         0.00         0.00         0.00         0.00         0.00         0.00         0.00         0.00        24.82         57.51       871.38       177.73     1,049.11        25.82     1,023.29
7907          1.00         0.00         0.00         0.00         0.00         0.00         0.00         0.00         0.00       108.14         0.00        41.74          0.00     1,746.85       277.44     2,024.29       150.88     1,873.41
4775          1.00         0.00         0.00         0.00         0.00         0.00       144.20         0.00         0.00        63.41         0.00        24.65          0.00     1,871.02       153.15     2,024.17       233.26     1,790.91
4832          1.00         0.00         0.00         0.00         0.00         0.00         0.00         0.00         0.00         0.00         0.00        21.86         52.85       914.15       179.91     1,094.06        22.86     1,071.20
7824          1.00        56.00         0.00         0.00         0.00         0.00         0.00         0.00         0.00         0.00         0.00        20.69         57.51       871.38       177.73     1,049.11        77.69       971.42
3321          1.00         0.00         0.00         0.00         0.00         0.00         0.00         0.00         0.00       222.78         0.00        62.57          0.00     2,374.35       389.02     2,763.37       286.35     2,477.02
7965          1.00         0.00         0.00         0.00         0.00         0.00         0.00         0.00         0.00        11.19         0.00        34.53          0.00     1,246.79       180.28     1,427.07        46.72     1,380.35
2112          0.00         0.00         0.00         0.00         0.00         0.00         0.00         0.00         0.00         0.00         0.00         0.00          0.00         0.00         0.00         0.00         0.00         0.00
0624          1.00         0.00         0.00         0.00         0.00         0.00         0.00         0.00         0.00       171.53         0.00        52.14          0.00     2,061.75       430.35     2,492.10       224.67     2,267.43
6877          1.00         0.00         0.00       194.15         0.00         0.00         0.00         0.00         0.00         0.00         0.00        27.44         15.14     1,134.45       179.05     1,313.50       222.59     1,090.91
4385          1.00         0.00         0.00         0.00         0.00         0.00         0.00         0.00         0.00        48.74         0.00        35.82          0.00     1,504.95       199.19     1,704.14        85.56     1,618.58
0366          1.00         0.00         0.00         0.00         0.00         0.00         0.00         0.00         0.00       343.09         0.00        87.52          0.00     3,000.58       565.72     3,566.30       431.61     3,134.69
7917          0.00         0.00         0.00         0.00         0.00         0.00         0.00         0.00         0.00         0.00         0.00         0.00          0.00         0.00         0.00         0.00         0.00         0.00
6206          1.00         0.00         0.00         0.00         0.00         0.00         0.00         0.00         0.00       171.19         0.00        36.03          0.00     2,071.05       308.62     2,379.67       208.22     2,171.45
7618          1.00         0.00         0.00         0.00         0.00         0.00         0.00         0.00         0.00       171.61         0.00        27.26          0.00     2,184.53       242.93     2,427.46       199.87     2,227.59
 
*** GLO     174.00       224.00     1,066.50       556.25         0.00     5,725.10     3,056.21       385.22         0.00    13,647.42         0.00     5,464.16      2,572.10   266,919.18                306,142.76    30,298.86   275,843.90
  




































































