EJECUTIVOS EN SERVICIOS DE ALIMENTOS, S.A. DE C.V.                                                                      Pagina: 0001
R.F.C.:                                                                                                                    5/NOV/19
REPORTE DE SUELDOS SEMANALES DEDUCCIONES


 
Codigo Desc Vales   Desc Zapatos Otras Deducc Desc Fonacot Pension Alim Desc Infonav Faltas       Inca Enferme Inca Riesgo  ISPT         Ajus ISPT    IMSS          Sub P/Empleo Tot Per Grav Tot Per Exce Total Percep Total Deducc Neto Pagado
..........................................................................................................................................................................................................................................
7505          1.00         0.00         0.00         0.00         0.00         0.00         0.00         0.00         0.00         0.00         0.00        23.90         44.39       871.38       164.61     1,035.99        24.90     1,011.09
7652          0.00         0.00         0.00         0.00         0.00         0.00         0.00         0.00         0.00         0.00         0.00         0.00          0.00         0.00         0.00         0.00         0.00         0.00
6600          1.00         0.00         0.00         0.00         0.00         0.00         0.00         0.00         0.00         0.00         0.00        21.87         32.66       961.51       253.00     1,214.51        22.87     1,191.64
5933          1.00         0.00         0.00         0.00         0.00         0.00         0.00         0.00         0.00         0.00         0.00        22.53         64.27       871.38       184.49     1,055.87        23.53     1,032.34
7170          1.00         0.00         0.00         0.00         0.00         0.00         0.00         0.00         0.00         0.00         0.00        25.19         64.26       871.38       184.48     1,055.86        26.19     1,029.67
5618          1.00         0.00         0.00         0.00         0.00         0.00         0.00         0.00         0.00         0.00         0.00        22.97         52.72       905.88       217.44     1,123.32        23.97     1,099.35
3890          1.00         0.00         0.00         0.00         0.00         0.00         0.00         0.00         0.00       178.37         0.00        55.00          0.00     2,104.51       319.12     2,423.63       234.37     2,189.26
3652          1.00         0.00         0.00         0.00         0.00       383.82         0.00         0.00         0.00       151.39         0.00        50.17          0.00     1,935.94       290.55     2,226.49       586.38     1,640.11
2530          1.00         0.00         0.00         0.00         0.00       144.63       124.60         0.00         0.00         0.00         0.00        17.75         59.39       832.45       222.31     1,054.76       287.98       766.78
7668          1.00         0.00         0.00         0.00         0.00         0.00         0.00         0.00         0.00         0.00         0.00        27.41         19.50     1,022.83       167.15     1,189.98        28.41     1,161.57
1123          1.00         0.00         0.00         0.00         0.00         0.00         0.00         0.00         0.00        16.09         0.00        31.65          0.00     1,291.87       187.49     1,479.36        48.74     1,430.62
7593          1.00         0.00         0.00         0.00         0.00         0.00         0.00         0.00         0.00         0.00         0.00        22.29         36.63       871.38       156.85     1,028.23        23.29     1,004.94
7669          1.00         0.00         0.00         0.00         0.00         0.00         0.00         0.00         0.00         0.00         0.00        25.25          7.69     1,137.24       228.73     1,365.97        26.25     1,339.72
7259          1.00         0.00         0.00         0.00         0.00         0.00         0.00         0.00         0.00         0.00         0.00        22.71         38.26       871.38       158.48     1,029.86        23.71     1,006.15
7312          1.00         0.00         0.00         0.00         0.00         0.00       104.13         0.00         0.00         0.00         0.00        20.39         45.10       780.28       190.07       970.35       125.52       844.83
7338          1.00         0.00         0.00         0.00         0.00         0.00         0.00         0.00         0.00         0.00         0.00        22.55         38.25       871.38       158.47     1,029.85        23.55     1,006.30
7600          1.00         0.00         0.00         0.00         0.00         0.00         0.00         0.00         0.00         0.00         0.00        21.82         32.41       861.38       152.63     1,014.01        22.82       991.19
5677          1.00         0.00         0.00         0.00         0.00         0.00         0.00         0.00         0.00         0.00         0.00        27.58          7.21     1,141.81       184.53     1,326.34        28.58     1,297.76
4008          1.00         0.00         0.00         0.00         0.00         0.00         0.00         0.00         0.00       162.81         0.00        47.32          0.00     2,007.27       301.96     2,309.23       211.13     2,098.10
6210          1.00         0.00         0.00         0.00         0.00         0.00         0.00         0.00         0.00        15.99         0.00        25.30          0.00     1,355.01       153.59     1,508.60        42.29     1,466.31
0849          1.00         0.00         0.00         0.00         0.00         0.00         0.00         0.00         0.00         0.00         0.00        25.95         20.63       976.11       159.20     1,135.31        26.95     1,108.36
7536          1.00         0.00         0.00         0.00         0.00         0.00       124.60         0.00         0.00         0.00         0.00        20.89         46.18       787.95       164.60       952.55       146.49       806.06
7430          1.00         0.00         0.00         0.00         0.00         0.00         0.00         0.00         0.00       123.52         0.00        40.87          0.00     1,697.31       365.79     2,063.10       165.39     1,897.71
7677          1.00         0.00         0.00         0.00         0.00         0.00       382.39         0.00         0.00         0.00         0.00        26.97         28.22     1,234.25       159.71     1,393.96       410.36       983.60
5181          1.00         0.00         0.00         0.00         0.00         0.00         0.00         0.00         0.00         0.00         0.00        22.74         38.27       871.38       158.49     1,029.87        23.74     1,006.13
7655          1.00         0.00         0.00         0.00         0.00         0.00         0.00         0.00         0.00         0.00         0.00        19.48         45.02       861.38       165.24     1,026.62        20.48     1,006.14
7057          1.00         0.00         0.00         0.00         0.00         0.00         0.00         0.00         0.00         0.00         0.00        23.63         31.67       861.38       151.89     1,013.27        24.63       988.64
5558          1.00         0.00         0.00         0.00         0.00         0.00         0.00         0.00         0.00         0.00         0.00        23.56         27.88     1,033.82       320.53     1,354.35        24.56     1,329.79
4746          1.00         0.00         0.00         0.00         0.00       337.44         0.00         0.00         0.00        73.68         0.00        29.99          0.00     1,569.93       321.38     1,891.31       442.11     1,449.20
7643          1.00         0.00         0.00         0.00         0.00         0.00         0.00         0.00         0.00         0.00         0.00        20.64         38.90       861.38       159.12     1,020.50        21.64       998.86
7573          1.00         0.00         0.00         0.00         0.00         0.00         0.00         0.00         0.00         0.00         0.00        25.81         38.89       861.38       159.11     1,020.49        26.81       993.68
7663          1.00         0.00         0.00         0.00         0.00         0.00         0.00         0.00         0.00         0.00         0.00        18.65         28.94     1,017.13       304.91     1,322.04        19.65     1,302.39
7407          1.00         0.00         0.00         0.00         0.00         0.00         0.00         0.00         0.00         0.00         0.00        26.34         26.08       960.38       279.80     1,240.18        27.34     1,212.84
1424          1.00         0.00       250.00         0.00         0.00       457.22         0.00         0.00         0.00     1,540.74         0.00        80.82          0.00     8,607.56       724.99     9,332.55     2,329.78     7,002.77
5280          1.00         0.00         0.00       316.08         0.00       439.54         0.00         0.00         0.00       152.32         0.00        48.39          0.00     1,920.48       289.67     2,210.15       957.33     1,252.82
7671          0.00         0.00         0.00         0.00         0.00         0.00         0.00         0.00         0.00         0.00         0.00         0.00          0.00         0.00         0.00         0.00         0.00         0.00
6461          1.00         0.00        75.00         0.00         0.00         0.00         0.00         0.00         0.00        45.21         0.00        28.51          0.00     1,472.58       289.86     1,762.44       149.72     1,612.72
6765          1.00         0.00         0.00         0.00         0.00         0.00         0.00         0.00         0.00         0.00         0.00        37.52          8.63     1,281.87       196.12     1,477.99        38.52     1,439.47
7674          1.00         0.00         0.00         0.00         0.00         0.00         0.00         0.00         0.00         0.00         0.00        18.65         44.47       861.38       164.69     1,026.07        19.65     1,006.42
7012          1.00         0.00         0.00         0.00         0.00         0.00       104.13         0.00         0.00         0.00         0.00        21.46         45.11       780.28       145.58       925.86       126.59       799.27
6657          1.00         0.00         0.00         0.00         0.00         0.00         0.00         0.00         0.00         0.00         0.00        18.65         38.90       861.38       159.12     1,020.50        19.65     1,000.85
5000          1.00         0.00         0.00         0.00         0.00         0.00         0.00         0.00         0.00         2.57         0.00        27.47          0.00     1,231.63       263.54     1,495.17        31.04     1,464.13
7586          1.00         0.00         0.00         0.00         0.00         0.00         0.00         0.00         0.00         0.00         0.00        24.20         35.61       871.38       155.83     1,027.21        25.20     1,002.01

















































EJECUTIVOS EN SERVICIOS DE ALIMENTOS, S.A. DE C.V.                                                                      Pagina: 0002
R.F.C.:                                                                                                                    5/NOV/19
REPORTE DE SUELDOS SEMANALES DEDUCCIONES


 
Codigo Desc Vales   Desc Zapatos Otras Deducc Desc Fonacot Pension Alim Desc Infonav Faltas       Inca Enferme Inca Riesgo  ISPT         Ajus ISPT    IMSS          Sub P/Empleo Tot Per Grav Tot Per Exce Total Percep Total Deducc Neto Pagado
..........................................................................................................................................................................................................................................
7649          1.00         0.00         0.00         0.00         0.00         0.00         0.00         0.00         0.00         0.00         0.00        20.38         38.96       861.38       159.18     1,020.56        21.38       999.18
5644          1.00         0.00         0.00         0.00         0.00       331.25         0.00         0.00         0.00        11.75         0.00        28.72          0.00     1,251.94       282.74     1,534.68       372.72     1,161.96
7519          1.00         0.00         0.00         0.00         0.00         0.00         0.00         0.00         0.00         0.00         0.00        25.17         33.33       871.38       153.55     1,024.93        26.17       998.76
6638          1.00         0.00         0.00         0.00         0.00         0.00         0.00       249.20         0.00         0.00         0.00        13.32         51.28       730.02       123.41       853.43       263.52       589.91
6690          1.00         0.00         0.00         0.00         0.00         0.00         0.00         0.00         0.00         0.00         0.00        23.80         36.75       894.76       244.01     1,138.77        24.80     1,113.97
7168          1.00         0.00         0.00         0.00         0.00         0.00         0.00         0.00         0.00         0.00         0.00        24.08         27.64       904.76       225.73     1,130.49        25.08     1,105.41
7666          0.00         0.00         0.00         0.00         0.00         0.00       104.13         0.00         0.00         0.00         0.00        16.69         43.00       880.75        43.00       923.75       120.82       802.93
6958          1.00         0.00         0.00         0.00         0.00         0.00         0.00         0.00         0.00         0.00         0.00        26.37          8.73     1,125.72       128.95     1,254.67        27.37     1,227.30
4314          1.00         0.00         0.00         0.00         0.00         0.00         0.00         0.00         0.00       137.09         0.00        42.89          0.00     1,780.46       317.04     2,097.50       180.98     1,916.52
7485          1.00         0.00         0.00         0.00         0.00         0.00         0.00         0.00         0.00         0.00         0.00        25.28         38.27       871.38       158.49     1,029.87        26.28     1,003.59
7676          0.00         0.00         0.00         0.00         0.00         0.00         0.00         0.00         0.00         0.00         0.00        18.65         28.19       991.60        28.19     1,019.79        18.65     1,001.14
7632          1.00         0.00         0.00         0.00         0.00         0.00         0.00         0.00         0.00         0.00         0.00        20.80         38.27       871.38       202.99     1,074.37        21.80     1,052.57
4287          1.00         0.00       100.00         0.00         0.00         0.00         0.00         0.00         0.00        15.50         0.00        30.87          0.00     1,286.40       155.32     1,441.72       147.37     1,294.35
6427          1.00         0.00         0.00         0.00         0.00         0.00         0.00         0.00         0.00         0.00         0.00        21.92         34.89       924.17       165.15     1,089.32        22.92     1,066.40
7673          1.00         0.00         0.00         0.00         0.00         0.00         0.00         0.00         0.00         0.00         0.00        18.65         44.47       861.38       164.69     1,026.07        19.65     1,006.42
6504          1.00         0.00         0.00         0.00         0.00         0.00         0.00         0.00         0.00         0.00         0.00        21.44         36.84       893.63       179.31     1,072.94        22.44     1,050.50
5745          1.00         0.00         0.00         0.00         0.00         0.00         0.00         0.00         0.00         0.00         0.00        20.59         38.26       871.38       202.98     1,074.36        21.59     1,052.77
7617          1.00         0.00         0.00         0.00         0.00         0.00         0.00         0.00         0.00        51.07         0.00        29.42          0.00     1,526.36       220.34     1,746.70        81.49     1,665.21
7604          1.00         0.00         0.00         0.00         0.00         0.00       104.13         0.00         0.00         0.00         0.00        18.39         43.10       802.53       165.82       968.35       123.52       844.83
7660          1.00         0.00         0.00         0.00         0.00         0.00         0.00         0.00         0.00         0.00         0.00        18.65         24.77       982.63       222.86     1,205.49        19.65     1,185.84
7061          1.00         0.00         0.00         0.00         0.00         0.00         0.00         0.00         0.00         0.00         0.00        28.89         64.48       871.38       265.20     1,136.58        29.89     1,106.69
7634          1.00         0.00         0.00         0.00         0.00         0.00       159.78         0.00         0.00        13.61         0.00        31.45          0.00     1,341.87       210.24     1,552.11       205.84     1,346.27
7627          1.00         0.00         0.00         0.00         0.00         0.00       104.13         0.00         0.00         0.00         0.00        21.45         48.44       780.28       148.91       929.19       126.58       802.61
7633          1.00         0.00         0.00         0.00         0.00         0.00         0.00         0.00         0.00         0.00         0.00        19.81         43.45       883.63       185.92     1,069.55        20.81     1,048.74
7428          1.00         0.00         0.00         0.00         0.00         0.00         0.00         0.00         0.00         0.00         0.00        22.53         64.27       871.38       184.49     1,055.87        23.53     1,032.34
7661          1.00         0.00         0.00         0.00         0.00         0.00       104.13         0.00         0.00         0.00         0.00        16.69         44.84       780.28       145.31       925.59       121.82       803.77
7670          1.00         0.00         0.00         0.00         0.00         0.00       104.13         0.00         0.00         0.00         0.00        16.69         62.85       510.89       123.13       634.02       121.82       512.20
2897          1.00         0.00         0.00         0.00         0.00         0.00         0.00         0.00         0.00         0.00         0.00        19.86         38.90       861.38       159.12     1,020.50        20.86       999.64
7558          1.00         0.00         0.00         0.00         0.00         0.00         0.00         0.00         0.00         0.00         0.00        23.47         38.90       861.38       159.12     1,020.50        24.47       996.03
6360          1.00         0.00         0.00         0.00         0.00         0.00         0.00         0.00         0.00         0.00         0.00        20.12         38.90       861.38       159.12     1,020.50        21.12       999.38
7614          1.00         0.00         0.00         0.00         0.00         0.00         0.00         0.00         0.00         0.00         0.00        22.54          9.35     1,115.86       129.57     1,245.43        23.54     1,221.89
3318          1.00         0.00         0.00         0.00         0.00       500.52         0.00         0.00         0.00       191.06         0.00        57.96          0.00     2,183.88       313.42     2,497.30       750.54     1,746.76
5139          1.00         0.00         0.00         0.00         0.00       759.20         0.00         0.00         0.00       842.92         0.00        68.92          0.00     5,410.60       293.88     5,704.48     1,672.04     4,032.44
6083          1.00         0.00         0.00         0.00         0.00         0.00         0.00         0.00         0.00         0.00         0.00        25.22         32.74       957.55       196.37     1,153.92        26.22     1,127.70
7616          1.00         0.00         0.00         0.00         0.00         0.00         0.00         0.00         0.00         0.00         0.00        24.02         16.88       904.76       170.47     1,075.23        25.02     1,050.21
6766          1.00         0.00         0.00         0.00         0.00         0.00         0.00         0.00         0.00        97.12         0.00        42.02          0.00     1,479.37       248.97     1,728.34       140.14     1,588.20
4137          1.00         0.00         0.00         0.00         0.00         0.00         0.00         0.00         0.00       416.78         0.00        91.50          0.00     3,345.57       692.93     4,038.50       509.28     3,529.22
7542          1.00         0.00         0.00         0.00         0.00         0.00         0.00         0.00         0.00         0.00         0.00        25.17         44.35       871.38       164.57     1,035.95        26.17     1,009.78
3780          1.00         0.00         0.00         0.00         0.00         0.00         0.00         0.00         0.00       103.80         0.00        34.90          0.00     1,474.50       318.93     1,793.43       139.70     1,653.73
7678          1.00         0.00         0.00         0.00         0.00         0.00         0.00         0.00         0.00         0.00         0.00        18.65         38.26       871.38       158.48     1,029.86        19.65     1,010.21
6205          1.00         0.00         0.00         0.00         0.00         0.00         0.00         0.00         0.00         0.00         0.00        24.77         34.71       927.01       255.05     1,182.06        25.77     1,156.29
5027          1.00         0.00         0.00         0.00         0.00         0.00         0.00         0.00         0.00         0.00         0.00        30.31          6.29     1,150.17       136.55     1,286.72        31.31     1,255.41
6839          1.00         0.00         0.00         0.00         0.00         0.00         0.00         0.00         0.00         0.00         0.00        21.44         60.70       927.01       236.54     1,163.55        22.44     1,141.11

















































EJECUTIVOS EN SERVICIOS DE ALIMENTOS, S.A. DE C.V.                                                                      Pagina: 0003
R.F.C.:                                                                                                                    5/NOV/19
REPORTE DE SUELDOS SEMANALES DEDUCCIONES


 
Codigo Desc Vales   Desc Zapatos Otras Deducc Desc Fonacot Pension Alim Desc Infonav Faltas       Inca Enferme Inca Riesgo  ISPT         Ajus ISPT    IMSS          Sub P/Empleo Tot Per Grav Tot Per Exce Total Percep Total Deducc Neto Pagado
..........................................................................................................................................................................................................................................
5646          1.00         0.00         0.00         0.00         0.00         0.00         0.00         0.00         0.00         0.00         0.00        22.71         64.27       871.38       184.49     1,055.87        23.71     1,032.16
6978          1.00         0.00         0.00         0.00         0.00         0.00         0.00         0.00         0.00         0.00         0.00        23.45         38.26       871.38       158.48     1,029.86        24.45     1,005.41
6658          1.00         0.00         0.00         0.00         0.00       462.28         0.00         0.00         0.00         0.00         0.00        29.63          8.62     1,118.70       170.01     1,288.71       492.91       795.80
4458          1.00         0.00         0.00         0.00         0.00         0.00         0.00         0.00         0.00       363.08         0.00        40.94          0.00     2,015.32       429.82     2,445.14       405.02     2,040.12
7619          1.00         0.00         0.00         0.00         0.00         0.00         0.00         0.00         0.00         0.00         0.00        22.30         37.57       883.63       180.04     1,063.67        23.30     1,040.37
7647          1.00         0.00         0.00         0.00         0.00         0.00         0.00         0.00         0.00         0.00         0.00        20.05         38.27       871.38       158.49     1,029.87        21.05     1,008.82
6791          1.00         0.00         0.00         0.00         0.00         0.00         0.00         0.00         0.00         0.00         0.00        20.21         28.55     1,023.17       292.31     1,315.48        21.21     1,294.27
7574          0.00         0.00         0.00         0.00         0.00         0.00         0.00         0.00         0.00         0.00         0.00         0.00          0.00         0.00         0.00         0.00         0.00         0.00
5679          1.00         0.00         0.00         0.00         0.00         0.00         0.00         0.00         0.00         1.17         0.00        31.16          0.00     1,220.68       234.39     1,455.07        33.33     1,421.74
7530          1.00         0.00         0.00         0.00         0.00         0.00         0.00         0.00         0.00         0.00         0.00        22.98         38.01       872.51       169.35     1,041.86        23.98     1,017.88
6028          1.00         0.00         0.00         0.00         0.00       399.30         0.00         0.00         0.00        28.78         0.00        27.96          0.00     1,408.52       289.86     1,698.38       457.04     1,241.34
6565          1.00         0.00         0.00         0.00         0.00         0.00         0.00         0.00         0.00         0.00         0.00        24.50         38.02       871.38       158.24     1,029.62        25.50     1,004.12
3676          1.00         0.00         0.00         0.00         0.00         0.00         0.00         0.00         0.00        67.11         0.00        33.81          0.00     1,673.83       438.34     2,112.17       101.92     2,010.25
7269          1.00         0.00         0.00         0.00         0.00         0.00         0.00         0.00         0.00         0.00         0.00        21.42         38.27       871.38       158.49     1,029.87        22.42     1,007.45
2522          1.00         0.00         0.00         0.00         0.00         0.00         0.00         0.00         0.00         0.00         0.00        23.94         32.57       960.38       286.29     1,246.67        24.94     1,221.73
5506          1.00         0.00         0.00         0.00         0.00       224.80         0.00         0.00         0.00         0.00         0.00        26.58          9.08     1,124.48       208.12     1,332.60       252.38     1,080.22
0236          1.00         0.00         0.00         0.00         0.00       523.01         0.00         0.00         0.00       162.81         0.00        52.95          0.00     2,007.27       301.96     2,309.23       739.77     1,569.46
7080          1.00         0.00         0.00         0.00         0.00         0.00         0.00         0.00         0.00        31.23         0.00        36.48          0.00     1,431.09       377.84     1,808.93        68.71     1,740.22
5965          1.00         0.00         0.00         0.00         0.00         0.00         0.00         0.00         0.00         0.00         0.00        27.75          8.53     1,129.61       170.06     1,299.67        28.75     1,270.92
5447          1.00         0.00         0.00         0.00         0.00         0.00         0.00         0.00         0.00         0.00         0.00        22.50         38.95       861.38       159.17     1,020.55        23.50       997.05
6685          1.00         0.00         0.00         0.00         0.00         0.00         0.00         0.00         0.00         0.00         0.00        23.95         36.90       893.63       179.37     1,073.00        24.95     1,048.05
5549          1.00         0.00         0.00         0.00         0.00         0.00         0.00         0.00         0.00         0.00         0.00        23.21         38.26       871.38       202.98     1,074.36        24.21     1,050.15
6349          1.00         0.00         0.00         0.00         0.00         0.00         0.00         0.00         0.00         0.00         0.00        21.44         38.26       871.38       158.48     1,029.86        22.44     1,007.42
7484          1.00         0.00         0.00         0.00         0.00         0.00       312.39         0.00       104.13         0.00         0.00        13.15         44.69       685.91       129.37       815.28       430.67       384.61
0854          1.00         0.00         0.00         0.00         0.00       326.19         0.00         0.00         0.00        46.85         0.00        35.56          0.00     1,487.60       269.61     1,757.21       409.60     1,347.61
7295          1.00         0.00         0.00         0.00         0.00         0.00         0.00         0.00         0.00         0.00         0.00        25.84         38.26       871.38       158.48     1,029.86        26.84     1,003.02
6832          1.00         0.00         0.00         0.00         0.00         0.00         0.00         0.00         0.00         0.00         0.00        25.33         38.27       871.38       202.99     1,074.37        26.33     1,048.04
4807          1.00         0.00         0.00         0.00         0.00         0.00         0.00         0.00         0.00     1,868.43         0.00       112.83          0.00    10,141.73       564.20    10,705.93     1,982.26     8,723.67
7610          1.00         0.00         0.00         0.00         0.00         0.00         0.00         0.00         0.00         0.00         0.00        22.24         27.85     1,038.26       181.44     1,219.70        23.24     1,196.46
6821          1.00         0.00         0.00         0.00         0.00         0.00         0.00         0.00         0.00        14.51         0.00        26.55          0.00     1,418.37       329.12     1,747.49        42.06     1,705.43
3169          1.00         0.00         0.00         0.00         0.00         0.00         0.00         0.00         0.00         0.00         0.00        22.84         38.26       871.38       158.48     1,029.86        23.84     1,006.02
6944          1.00         0.00         0.00         0.00         0.00         0.00         0.00         0.00         0.00         0.00         0.00        29.87         23.19     1,129.61       220.77     1,350.38        30.87     1,319.51
5902          0.00         0.00         0.00         0.00         0.00         0.00         0.00         0.00         0.00         0.00         0.00         0.00          0.00         0.00         0.00         0.00         0.00         0.00
4514          1.00         0.00         0.00         0.00         0.00       333.25         0.00         0.00         0.00       657.54         0.00        31.50          0.00     4,069.82       176.10     4,245.92     1,023.29     3,222.63
7104          1.00         0.00         0.00         0.00         0.00         0.00         0.00         0.00         0.00         0.00         0.00        18.65         38.91       861.38       159.13     1,020.51        19.65     1,000.86
6014          1.00         0.00         0.00         0.00         0.00         0.00         0.00         0.00         0.00         0.00         0.00        26.82          0.59     1,202.48       234.98     1,437.46        27.82     1,409.64
7551          1.00         0.00         0.00         0.00         0.00         0.00         0.00         0.00         0.00         0.00         0.00        24.90         38.27       871.38       158.49     1,029.87        25.90     1,003.97
7645          0.00         0.00         0.00         0.00         0.00         0.00         0.00         0.00         0.00         0.00         0.00         0.00          0.00         0.00         0.00         0.00         0.00         0.00
6985          1.00         0.00         0.00         0.00         0.00         0.00         0.00         0.00         0.00       754.88         0.00        67.20          0.00     4,993.98       507.78     5,501.76       823.08     4,678.68
3827          1.00         0.00         0.00         0.00         0.00         0.00         0.00         0.00         0.00         0.00         0.00        26.89         27.13     1,045.43       313.13     1,358.56        27.89     1,330.67
5412          1.00         0.00         0.00         0.00         0.00         0.00         0.00         0.00         0.00         0.00         0.00        19.90         38.90       861.38       159.12     1,020.50        20.90       999.60
4504          1.00         0.00         0.00         0.00         0.00         0.00         0.00         0.00         0.00       193.62         0.00        58.75          0.00     2,199.89       318.38     2,518.27       253.37     2,264.90
7395          1.00         0.00         0.00         0.00         0.00         0.00         0.00         0.00         0.00         0.00         0.00        24.79         32.56       960.38       241.78     1,202.16        25.79     1,176.37

















































EJECUTIVOS EN SERVICIOS DE ALIMENTOS, S.A. DE C.V.                                                                      Pagina: 0004
R.F.C.:                                                                                                                    5/NOV/19
REPORTE DE SUELDOS SEMANALES DEDUCCIONES


 
Codigo Desc Vales   Desc Zapatos Otras Deducc Desc Fonacot Pension Alim Desc Infonav Faltas       Inca Enferme Inca Riesgo  ISPT         Ajus ISPT    IMSS          Sub P/Empleo Tot Per Grav Tot Per Exce Total Percep Total Deducc Neto Pagado
..........................................................................................................................................................................................................................................
0214          1.00         0.00         0.00         0.00         0.00         0.00         0.00         0.00         0.00       510.35         0.00       111.04          0.00     3,783.66       564.20     4,347.86       622.39     3,725.47
7376          1.00         0.00         0.00         0.00         0.00         0.00         0.00         0.00         0.00         0.00         0.00        25.49         38.11       871.38       158.33     1,029.71        26.49     1,003.22
7212          1.00         0.00         0.00         0.00         0.00       357.68         0.00         0.00         0.00         0.00         0.00        21.92         38.02       871.38       158.24     1,029.62       380.60       649.02
6321          1.00         0.00         0.00         0.00         0.00         0.00         0.00         0.00         0.00         0.00         0.00        21.68         34.24       934.17       164.50     1,098.67        22.68     1,075.99
5232          1.00         0.00         0.00         0.00         0.00         0.00         0.00         0.00         0.00         0.00         0.00        29.21         19.99     1,024.17       150.25     1,174.42        30.21     1,144.21
4958          1.00         0.00         0.00         0.00         0.00         0.00         0.00         0.00         0.00         0.00         0.00        29.86         38.27       871.38       158.49     1,029.87        30.86       999.01
7620          0.00         0.00         0.00         0.00         0.00         0.00         0.00         0.00         0.00         0.00         0.00        23.60         30.64       991.60        30.64     1,022.24        23.60       998.64
7675          1.00         0.00         0.00         0.00         0.00         0.00         0.00         0.00         0.00         0.00         0.00        18.65         38.27       871.38       202.99     1,074.37        19.65     1,054.72
3979          1.00         0.00         0.00         0.00         0.00         0.00         0.00         0.00         0.00     1,779.10         0.00        99.63          0.00     9,723.50       519.23    10,242.73     1,879.73     8,363.00
0442          0.00         0.00         0.00         0.00         0.00         0.00         0.00         0.00         0.00         0.00         0.00         0.00          0.00         0.00         0.00         0.00         0.00         0.00
7330          0.00         0.00         0.00         0.00         0.00         0.00         0.00         0.00         0.00         0.00         0.00         0.00          0.00         0.00         0.00         0.00         0.00         0.00
7243          1.00         0.00         0.00         0.00         0.00         0.00         0.00         0.00         0.00         0.00         0.00        22.43         30.36       994.88       250.70     1,245.58        23.43     1,222.15
7397          1.00         0.00         0.00         0.00         0.00         0.00       104.13         0.00         0.00         0.00         0.00        20.76         48.72       780.28       149.19       929.47       125.89       803.58
7679          1.00         0.00         0.00         0.00         0.00         0.00         0.00         0.00         0.00         0.00         0.00        10.66         34.47       350.55        82.55       433.10        11.66       421.44
7421          1.00         0.00         0.00         0.00         0.00         0.00         0.00         0.00         0.00         0.00         0.00        24.20         56.67       904.76       210.26     1,115.02        25.20     1,089.82
7595          1.00         0.00         0.00         0.00         0.00         0.00       104.13         0.00         0.00         0.00         0.00        20.19         44.71       780.28       145.18       925.46       125.32       800.14
7298          1.00         0.00         0.00         0.00         0.00         0.00         0.00         0.00         0.00        51.56         0.00        36.29          0.00     1,530.97       270.37     1,801.34        88.85     1,712.49
5396          1.00         0.00         0.00         0.00         0.00         0.00         0.00         0.00         0.00         0.00         0.00        26.91         29.72     1,004.88       227.81     1,232.69        27.91     1,204.78
7672          0.00         0.00         0.00         0.00         0.00         0.00         0.00         0.00         0.00         0.00         0.00         0.00          0.00         0.00         0.00         0.00         0.00         0.00
5704          1.00         0.00         0.00         0.00         0.00         0.00         0.00         0.00         0.00        21.67         0.00        34.39          0.00     1,343.12       197.29     1,540.41        57.06     1,483.35
7503          1.00         0.00         0.00         0.00         0.00         0.00         0.00         0.00         0.00         0.00         0.00        20.66         29.06       871.38       149.28     1,020.66        21.66       999.00
7190          1.00         0.00         0.00         0.00         0.00         0.00         0.00         0.00         0.00         0.00         0.00        22.09         38.26       871.38       158.48     1,029.86        23.09     1,006.77
7588          1.00         0.00         0.00         0.00         0.00         0.00         0.00         0.00         0.00         0.00         0.00        22.53         58.81       871.38       179.03     1,050.41        23.53     1,026.88
5588          1.00         0.00         0.00         0.00         0.00         0.00         0.00         0.00         0.00         0.00         0.00        22.62         35.41       915.88       200.13     1,116.01        23.62     1,092.39
6203          1.00         0.00         0.00         0.00         0.00         0.00         0.00         0.00         0.00         0.00         0.00        23.42         38.31       871.38       203.03     1,074.41        24.42     1,049.99
6582          1.00         0.00         0.00         0.00         0.00         0.00         0.00         0.00         0.00         0.00         0.00        21.84         33.21       950.38       242.43     1,192.81        22.84     1,169.97
7667          1.00         0.00         0.00         0.00         0.00         0.00         0.00         0.00         0.00         0.00         0.00        18.65         38.26       871.38       202.98     1,074.36        19.65     1,054.71
7226          1.00         0.00         0.00         0.00         0.00         0.00         0.00         0.00         0.00         0.00         0.00        22.59         64.27       871.38       184.49     1,055.87        23.59     1,032.28
7664          1.00         0.00         0.00         0.00         0.00         0.00         0.00         0.00         0.00         0.00         0.00        18.65         38.27       871.38       158.49     1,029.87        19.65     1,010.22
7613          1.00         0.00         0.00         0.00         0.00         0.00       124.60         0.00         0.00         0.00         0.00        19.61         47.28       765.70       143.45       909.15       145.21       763.94
3326          1.00         0.00         0.00         0.00         0.00         0.00         0.00         0.00         0.00       647.81         0.00        34.54          0.00     4,235.01       209.19     4,444.20       683.35     3,760.85
3960          1.00         0.00       123.00         0.00         0.00       283.45         0.00         0.00         0.00        40.21         0.00        30.90          0.00     1,426.58       368.31     1,794.89       478.56     1,316.33
2233          0.00         0.00         0.00         0.00         0.00         0.00         0.00         0.00         0.00         0.00         0.00         0.00          0.00         0.00         0.00         0.00         0.00         0.00
0449          1.00         0.00       250.00         0.00         0.00       389.82         0.00         0.00         0.00        22.32         0.00        33.49          0.00     1,262.17       197.92     1,460.09       696.63       763.46
6934          1.00         0.00         0.00         0.00         0.00         0.00         0.00         0.00         0.00       342.84         0.00        84.39          0.00     2,999.45       460.71     3,460.16       428.23     3,031.93
7137          1.00         0.00         0.00         0.00         0.00         0.00         0.00         0.00         0.00        55.95         0.00        36.99          0.00     1,571.20       253.40     1,824.60        93.94     1,730.66
6682          1.00         0.00         0.00         0.00         0.00         0.00       124.60         0.00         0.00         0.00         0.00        17.95         50.20       765.70       146.37       912.07       143.55       768.52
1269          1.00         0.00         0.00         0.00         0.00         0.00         0.00         0.00         0.00         0.00         0.00        23.96         38.90       861.38       159.12     1,020.50        24.96       995.54
6006          1.00         0.00         0.00         0.00         0.00         0.00         0.00         0.00         0.00         0.00         0.00        23.92         64.26       871.38       184.48     1,055.86        24.92     1,030.94
6918          1.00         0.00         0.00         0.00         0.00         0.00         0.00         0.00         0.00         0.00         0.00        22.83         38.26       871.38       158.48     1,029.86        23.83     1,006.03
1419          1.00         0.00         0.00         0.00         0.00       268.68         0.00         0.00         0.00       666.79         0.00        32.96          0.00     4,154.80       189.70     4,344.50       969.43     3,375.07
7545          1.00         0.00         0.00         0.00         0.00         0.00         0.00         0.00         0.00        31.23         0.00        35.28          0.00     1,431.09       377.84     1,808.93        67.51     1,741.42
5905          1.00         0.00         0.00         0.00         0.00         0.00         0.00         0.00         0.00        17.59         0.00        36.56          0.00     1,305.66       189.70     1,495.36        55.15     1,440.21

















































EJECUTIVOS EN SERVICIOS DE ALIMENTOS, S.A. DE C.V.                                                                      Pagina: 0005
R.F.C.:                                                                                                                    5/NOV/19
REPORTE DE SUELDOS SEMANALES DEDUCCIONES


 
Codigo Desc Vales   Desc Zapatos Otras Deducc Desc Fonacot Pension Alim Desc Infonav Faltas       Inca Enferme Inca Riesgo  ISPT         Ajus ISPT    IMSS          Sub P/Empleo Tot Per Grav Tot Per Exce Total Percep Total Deducc Neto Pagado
..........................................................................................................................................................................................................................................
7638          1.00         0.00         0.00         0.00         0.00         0.00         0.00         0.00         0.00         0.00         0.00        19.83         38.90       861.38       159.12     1,020.50        20.83       999.67
3525          1.00         0.00         0.00         0.00         0.00         0.00         0.00         0.00         0.00         0.00         0.00        27.01         10.96     1,090.76       166.28     1,257.04        28.01     1,229.03
7626          1.00         0.00         0.00         0.00         0.00        94.00       416.52         0.00         0.00         0.00         0.00        12.29         72.54       685.91       112.72       798.63       523.81       274.82
2451          1.00         0.00         0.00         0.00         0.00         0.00         0.00         0.00         0.00         0.00         0.00        22.95         36.85       893.63       223.82     1,117.45        23.95     1,093.50
6885          1.00         0.00         0.00         0.00         0.00         0.00         0.00         0.00         0.00         0.00         0.00        23.53         16.89     1,205.13       203.86     1,408.99        24.53     1,384.46
7231          1.00         0.00         0.00         0.00         0.00         0.00         0.00         0.00         0.00         0.00         0.00        18.65         29.72     1,004.88       183.31     1,188.19        19.65     1,168.54
4775          1.00         0.00         0.00         0.00         0.00         0.00       104.13         0.00         0.00         0.00         0.00        19.85         68.80       835.91       224.89     1,060.80       124.98       935.82
7528          1.00         0.00         0.00         0.00         0.00         0.00         0.00         0.00         0.00         0.00         0.00        24.64         36.84       893.63       179.31     1,072.94        25.64     1,047.30
7658          1.00         0.00         0.00         0.00         0.00         0.00         0.00         0.00         0.00         0.00         0.00        18.65         47.85       904.76       201.44     1,106.20        19.65     1,086.55
5671          1.00         0.00         0.00         0.00         0.00         0.00         0.00         0.00         0.00       148.28         0.00        47.43          0.00     1,883.24       283.71     2,166.95       196.71     1,970.24
4832          1.00         0.00         0.00         0.00         0.00         0.00         0.00         0.00         0.00         0.00         0.00        23.97         36.13       904.76       189.72     1,094.48        24.97     1,069.51
6567          1.00         0.00         0.00         0.00         0.00         0.00         0.00         0.00         0.00         0.00         0.00        20.24         38.91       861.38       159.13     1,020.51        21.24       999.27
3321          1.00         0.00         0.00         0.00         0.00         0.00         0.00         0.00         0.00       387.41         0.00        51.64          0.00     3,388.06       318.91     3,706.97       440.05     3,266.92
2112          1.00         0.00         0.00         0.00         0.00         0.00       104.13         0.00         0.00         0.00         0.00        20.30         45.10       780.28       145.57       925.85       125.43       800.42
0624          1.00         0.00         0.00         0.00         0.00         0.00         0.00         0.00         0.00       152.40         0.00        50.31          0.00     1,921.18       289.78     2,210.96       203.71     2,007.25
6877          1.00         0.00         0.00       141.34         0.00         0.00         0.00         0.00         0.00         0.00         0.00        26.16          9.99     1,105.86       130.21     1,236.07       168.50     1,067.57
4385          1.00         0.00         0.00         0.00         0.00         0.00         0.00         0.00         0.00         0.00         0.00        28.80          3.22     1,178.33       172.55     1,350.88        29.80     1,321.08
7378          1.00         0.00         0.00         0.00         0.00         0.00       124.60         0.00         0.00         0.00         0.00        18.28         41.87       854.70       227.04     1,081.74       143.88       937.86
0366          1.00         0.00         0.00         0.00         0.00         0.00         0.00         0.00         0.00       343.09         0.00        85.23          0.00     3,000.58       462.49     3,463.07       429.32     3,033.75
6206          1.00         0.00         0.00         0.00         0.00         0.00         0.00         0.00         0.00         3.20         0.00        27.45          0.00     1,173.33       277.36     1,450.69        31.65     1,419.04
7618          1.00         0.00         0.00         0.00         0.00         0.00         0.00         0.00         0.00         0.00         0.00        22.13         49.04       861.38       169.26     1,030.64        23.13     1,007.51
 
*** GLO     181.00         0.00       798.00       457.42         0.00     7,016.08     3,039.51       249.20       104.13    13,755.20         0.00     5,365.51      4,939.03   248,189.91                288,312.71    30,966.05   257,346.66
  




































































