EJECUTIVOS EN SERVICIOS DE ALIMENTOS, S.A. DE C.V.                                                                      Pagina: 0001
R.F.C.:                                                                                                                    2/NOV/19
REPORTE DE SUELDOS SEMANALES DEDUCCIONES


 
Codigo Desc Vales   Desc Zapatos Otras Deducc Desc Fonacot Pension Alim Desc Infonav Faltas       Inca Enferme Inca Riesgo  ISPT         Ajus ISPT    IMSS          Sub P/Empleo Tot Per Grav Tot Per Exce Total Percep Total Deducc Neto Pagado
..........................................................................................................................................................................................................................................
7879          1.00         0.00         0.00         0.00         0.00         0.00         0.00         0.00         0.00         0.00         0.00        20.08         28.38     1,025.88       187.22     1,213.10        21.08     1,192.02
6600          1.00         0.00         0.00         0.00         0.00         0.00         0.00         0.00         0.00         0.00         0.00        26.88         30.45     1,007.15       260.51     1,267.66        27.88     1,239.78
7685          1.00         0.00         0.00         0.00         0.00         0.00       120.51         0.00         0.00        73.88         0.00        28.90          0.00     1,896.51       222.05     2,118.56       224.29     1,894.27
7331          1.00         0.00         0.00         0.00         0.00         0.00         0.00         0.00         0.00       143.30         0.00        27.09          0.00     2,087.42       165.28     2,252.70       171.39     2,081.31
5933          1.00         0.00         0.00         0.00         0.00         0.00         0.00         0.00         0.00         0.00         0.00        33.56         35.53       914.15       162.59     1,076.74        34.56     1,042.18
7170          1.00         0.00         0.00         0.00         0.00         0.00         0.00         0.00         0.00       112.01         0.00        33.61          0.00     1,914.15       127.06     2,041.21       146.62     1,894.59
5201          1.00         0.00         0.00         0.00         0.00       335.50         0.00         0.00         0.00        47.98         0.00        37.61          0.00     1,498.02       220.48     1,718.50       422.09     1,296.41
3890          1.00         0.00         0.00         0.00         0.00         0.00         0.00         0.00         0.00       178.36         0.00        54.41          0.00     2,104.51       319.12     2,423.63       233.77     2,189.86
7834          1.00         0.00         0.00         0.00         0.00         0.00       120.51         0.00         0.00         0.00         0.00        26.95         42.06       915.61       161.60     1,077.21       148.46       928.75
3652          1.00         0.00         0.00         0.00         0.00       456.67         0.00         0.00         0.00       225.27         0.00        57.41          0.00     2,397.67       425.21     2,822.88       740.35     2,082.53
1123          1.00         0.00         0.00         0.00         0.00         0.00         0.00         0.00         0.00        28.15         0.00        37.64          0.00     1,402.68       244.73     1,647.41        66.79     1,580.62
7593          1.00         0.00         0.00         0.00         0.00         0.00         0.00         0.00         0.00         0.00         0.00        30.46          6.13     1,168.82       216.87     1,385.69        31.46     1,354.23
7931          0.00         0.00         0.00         0.00         0.00         0.00       288.40         0.00         0.00         0.00         0.00        12.06         38.29       725.35        38.29       763.64       300.46       463.18
7865          1.00         0.00         0.00         0.00         0.00         0.00         0.00         0.00         0.00         0.00         0.00        20.94         19.70       935.76       204.29     1,140.05        21.94     1,118.11
7259          1.00         0.00         0.00         0.00         0.00         0.00         0.00         0.00         0.00         0.00         0.00        26.90         36.26       904.15       163.32     1,067.47        27.90     1,039.57
7312          1.00         0.00         0.00         0.00         0.00         0.00         0.00         0.00         0.00         0.00         0.00        23.77         32.33       964.06       218.87     1,182.93        24.77     1,158.16
7338          1.00         0.00         0.00         0.00         0.00         0.00         0.00         0.00         0.00         0.00         0.00        29.47         22.64     1,014.04       165.68     1,179.72        30.47     1,149.25
5677          1.00         0.00         0.00         0.00         0.00         0.00         0.00         0.00         0.00         0.00         0.00        34.77        143.74     1,345.64       341.44     1,687.08        35.77     1,651.31
7737          1.00         0.00         0.00         0.00         0.00         0.00       120.51         0.00         0.00         0.00         0.00        19.69         66.23       880.50       172.41     1,052.91       141.20       911.71
6210          1.00         0.00       200.00         0.00         0.00         0.00         0.00         0.00         0.00         0.00         0.00        28.01         31.13     1,081.53       196.81     1,278.34       229.01     1,049.33
6213          0.00         0.00         0.00         0.00         0.00         0.00         0.00         0.00         0.00         0.00         0.00         0.00          0.00         0.00         0.00         0.00         0.00         0.00
7896          1.00         0.00         0.00         0.00         0.00         0.00         0.00         0.00         0.00         0.00         0.00        20.08         30.11       897.13       176.08     1,073.21        21.08     1,052.13
7812          1.00         0.00         0.00         0.00         0.00         0.00         0.00         0.00         0.00         0.00         0.00        18.65        100.73       871.38       220.95     1,092.33        19.65     1,072.68
0849          1.00         0.00         0.00         0.00         0.00         0.00         0.00         0.00         0.00       118.11         0.00        35.49          0.00     2,089.04       143.04     2,232.08       154.60     2,077.48
7536          1.00         0.00         0.00         0.00         0.00         0.00         0.00         0.00         0.00        86.06         0.00        24.87          0.00     1,942.78       165.68     2,108.46       111.93     1,996.53
7430          1.00         0.00         0.00         0.00         0.00         0.00         0.00         0.00         0.00       214.50         0.00        56.73          0.00     2,328.16       477.71     2,805.87       272.23     2,533.64
5181          1.00         0.00         0.00         0.00         0.00         0.00         0.00         0.00         0.00         0.00         0.00        27.20         55.03       914.15       182.09     1,096.24        28.20     1,068.04
5429          1.00         0.00         0.00         0.00         0.00         0.00         0.00         0.00         0.00        42.45         0.00        14.41          0.00       538.91       194.02       732.93        57.86       675.07
7655          1.00         0.00         0.00         0.00         0.00         0.00         0.00         0.00         0.00       102.13         0.00        21.02          0.00     1,981.40       204.31     2,185.71       124.15     2,061.56
7057          1.00         0.00         0.00         0.00         0.00         0.00         0.00         0.00         0.00         0.00         0.00        32.01         12.37     1,068.63       229.55     1,298.18        33.01     1,265.17
5558          1.00         0.00         0.00         0.00         0.00         0.00         0.00         0.00         0.00         0.00         0.00        29.68          9.10     1,119.92       268.01     1,387.93        30.68     1,357.25
4746          1.00         0.00         0.00         0.00         0.00       344.19         0.00         0.00         0.00        79.07         0.00        32.99          0.00     1,522.89       274.35     1,797.24       457.25     1,339.99
7934          1.00         0.00         0.00         0.00         0.00         0.00         0.00         0.00         0.00         0.00         0.00        10.66         34.47       350.55        82.55       433.10        11.66       421.44
7663          1.00         0.00         0.00         0.00         0.00         0.00         0.00         0.00         0.00        51.12         0.00        26.73          0.00     1,421.85       261.84     1,683.69        78.85     1,604.84
7407          1.00         0.00         0.00         0.00         0.00         0.00       241.02         0.00         0.00         0.00         0.00        24.41         45.91       809.90       130.86       940.76       266.43       674.33
7828          0.00         0.00         0.00         0.00         0.00         0.00         0.00         0.00         0.00         0.00         0.00        28.37         24.16     1,099.10        24.16     1,123.26        28.37     1,094.89
7773          1.00         0.00         0.00         0.00         0.00         0.00         0.00         0.00         0.00         0.00         0.00        23.20         31.07       984.92       171.00     1,155.92        24.20     1,131.72
7839          1.00         0.00         0.00         0.00         0.00         0.00         0.00         0.00         0.00       419.91         0.00        59.79          0.00     3,395.94       521.45     3,917.39       480.70     3,436.69
7922          1.00         0.00         0.00         0.00         0.00         0.00         0.00         0.00         0.00         0.00         0.00        18.65         41.20       979.89       161.42     1,141.31        19.65     1,121.66
1424          1.00         0.00         0.00         0.00         0.00       466.38         0.00         0.00         0.00       304.55         0.00        75.10          0.00     2,820.15       549.77     3,369.92       847.03     2,522.89
5280          1.00         0.00         0.00       362.10         0.00       435.11         0.00         0.00         0.00       152.33         0.00        48.09          0.00     1,920.48       289.67     2,210.15       998.63     1,211.52
7912          0.00         0.00         0.00         0.00         0.00         0.00         0.00         0.00         0.00         0.00         0.00         0.00          0.00         0.00         0.00         0.00         0.00         0.00
7933          1.00         0.00         0.00         0.00         0.00         0.00         0.00         0.00         0.00         0.00         0.00        13.32         37.80       520.82       109.93       630.75        14.32       616.43

















































EJECUTIVOS EN SERVICIOS DE ALIMENTOS, S.A. DE C.V.                                                                      Pagina: 0002
R.F.C.:                                                                                                                    2/NOV/19
REPORTE DE SUELDOS SEMANALES DEDUCCIONES


 
Codigo Desc Vales   Desc Zapatos Otras Deducc Desc Fonacot Pension Alim Desc Infonav Faltas       Inca Enferme Inca Riesgo  ISPT         Ajus ISPT    IMSS          Sub P/Empleo Tot Per Grav Tot Per Exce Total Percep Total Deducc Neto Pagado
..........................................................................................................................................................................................................................................
7742          1.00         0.00         0.00         0.00         0.00         0.00         0.00         0.00         0.00         0.00         0.00        21.03         36.16       904.15       163.22     1,067.37        22.03     1,045.34
7883          1.00         0.00         0.00         0.00         0.00         0.00         0.00         0.00         0.00         0.00         0.00        23.19         23.34     1,002.69       197.00     1,199.69        24.19     1,175.50
6461          1.00         0.00       300.00         0.00         0.00         0.00         0.00         0.00         0.00        10.77         0.00        28.35          0.00     1,243.04       309.94     1,552.98       340.12     1,212.86
6765          1.00         0.00       300.00         0.00         0.00         0.00         0.00         0.00         0.00       206.81         0.00        33.92          0.00     2,421.23       338.80     2,760.03       541.73     2,218.30
7909          1.00         0.00         0.00         0.00         0.00         0.00         0.00         0.00         0.00         0.00         0.00        18.65         28.38     1,025.88       225.85     1,251.73        19.65     1,232.08
5000          1.00         0.00         0.00         0.00         0.00         0.00         0.00         0.00         0.00         4.81         0.00        29.55          0.00     1,188.13       170.90     1,359.03        35.36     1,323.67
7915          1.00         0.00         0.00         0.00         0.00         0.00         0.00         0.00         0.00         0.00         0.00        18.65         36.69     1,005.64       234.16     1,239.80        19.65     1,220.15
7925          1.00         0.00         0.00         0.00         0.00         0.00         0.00         0.00         0.00        17.15         0.00        27.97          0.00     1,246.79       180.28     1,427.07        46.12     1,380.95
5644          1.00         0.00       150.00         0.00         0.00       337.88         0.00         0.00         0.00        25.42         0.00        28.41          0.00     1,377.55       296.26     1,673.81       542.71     1,131.10
6638          1.00         0.00         0.00         0.00         0.00         0.00         0.00         0.00         0.00         0.00         0.00        32.37         35.52       914.15       162.58     1,076.73        33.37     1,043.36
7800          1.00         0.00         0.00         0.00         0.00         0.00         0.00         0.00         0.00         0.00         0.00        21.69         35.79       910.01       246.13     1,156.14        22.69     1,133.45
6690          1.00         0.00         0.00         0.00         0.00         0.00         0.00         0.00         0.00         0.00         0.00        27.54         17.30     1,097.28       388.98     1,486.26        28.54     1,457.72
7168          1.00         0.00         0.00         0.00         0.00         0.00         0.00         0.00         0.00         0.00         0.00        23.00         24.08       991.40       241.26     1,232.66        24.00     1,208.66
7901          1.00         0.00         0.00         0.00         0.00         0.00         0.00         0.00         0.00         0.00         0.00        18.65         38.27       871.38       158.49     1,029.87        19.65     1,010.22
7786          1.00         0.00         0.00         0.00         0.00         0.00         0.00         0.00         0.00         0.00         0.00        25.12         38.91       861.38       159.13     1,020.51        26.12       994.39
4314          1.00         0.00         0.00         0.00         0.00         0.00         0.00         0.00         0.00       168.30         0.00        49.43          0.00     2,041.59       332.39     2,373.98       218.73     2,155.25
7935          1.00         0.00         0.00         0.00         0.00         0.00         0.00         0.00         0.00         0.00         0.00        15.99         24.94       869.56       318.53     1,188.09        16.99     1,171.10
7848          1.00         0.00       100.00         0.00         0.00         0.00       288.40         0.00         0.00         0.00         0.00        16.92         69.34       769.22       141.47       910.69       406.32       504.37
7632          1.00         0.00         0.00         0.00         0.00         0.00         0.00         0.00         0.00        88.62         0.00        30.26          0.00     1,946.34       159.24     2,105.58       119.88     1,985.70
7873          1.00         0.00         0.00         0.00         0.00         0.00         0.00         0.00         0.00        78.77         0.00        21.10          0.00     1,871.38       120.22     1,991.60       100.87     1,890.73
6504          0.00         0.00         0.00         0.00         0.00         0.00         0.00         0.00         0.00         0.00         0.00         0.00          0.00         0.00         0.00         0.00         0.00         0.00
7905          0.00         0.00         0.00         0.00         0.00         0.00         0.00         0.00         0.00         0.00         0.00         0.00          0.00         0.00         0.00         0.00         0.00         0.00
7936          1.00         0.00         0.00         0.00         0.00         0.00         0.00         0.00         0.00         0.00         0.00        10.66         22.29       491.17        82.57       573.74        11.66       562.08
7801          1.00         0.00         0.00         0.00         0.00         0.00       120.51         0.00         0.00         0.00         0.00        23.78         44.03       796.38       144.50       940.88       145.29       795.59
7918          1.00         0.00         0.00         0.00         0.00         0.00         0.00         0.00         0.00         0.00         0.00        18.65         37.23       979.89       208.95     1,188.84        19.65     1,169.19
7061          1.00         0.00         0.00         0.00         0.00         0.00         0.00         0.00         0.00        20.03         0.00        35.32          0.00     1,328.08       209.81     1,537.89        56.35     1,481.54
7847          1.00         0.00         0.00         0.00         0.00         0.00         0.00         0.00         0.00         0.00         0.00        20.38         38.91       861.38       159.13     1,020.51        21.38       999.13
7633          1.00         0.00         0.00         0.00         0.00         0.00         0.00         0.00         0.00        85.08         0.00        29.69          0.00     1,904.15       127.06     2,031.21       115.77     1,915.44
7906          1.00         0.00         0.00         0.00         0.00         0.00         0.00         0.00         0.00       140.10         0.00        39.88          0.00     1,808.11       420.38     2,228.49       180.98     2,047.51
7914          1.00         0.00         0.00         0.00         0.00         0.00         0.00         0.00         0.00         0.00         0.00        18.65         38.27       871.38       158.49     1,029.87        19.65     1,010.22
2897          1.00         0.00         0.00         0.00         0.00         0.00         0.00         0.00         0.00         0.00         0.00        26.47         35.53       914.15       162.59     1,076.74        27.47     1,049.27
7614          1.00         0.00         0.00         0.00         0.00         0.00         0.00         0.00         0.00        39.61         0.00        48.18          0.00     1,421.09       315.13     1,736.22        88.79     1,647.43
3318          1.00         0.00         0.00         0.00         0.00       510.55         0.00         0.00         0.00       191.07         0.00        65.82          0.00     2,183.88       313.42     2,497.30       768.44     1,728.86
7804          1.00         0.00         0.00         0.00         0.00         0.00         0.00         0.00         0.00       121.10         0.00        37.71          0.00     1,865.95       481.17     2,347.12       159.81     2,187.31
7921          1.00         0.00         0.00         0.00         0.00         0.00         0.00         0.00         0.00         0.00         0.00        18.65         20.82     1,042.36       192.54     1,234.90        19.65     1,215.25
6083          1.00         0.00         0.00         0.00         0.00         0.00         0.00         0.00         0.00         0.00         0.00        34.46         39.01     1,041.31       302.80     1,344.11        35.46     1,308.65
6766          1.00         0.00         0.00         0.00         0.00         0.00         0.00         0.00         0.00         0.00         0.00        26.88          4.67     1,165.06       199.18     1,364.24        27.88     1,336.36
4137          1.00         0.00         0.00         0.00         0.00         0.00         0.00         0.00         0.00       371.81         0.00        92.87          0.00     3,135.04       482.40     3,617.44       465.68     3,151.76
7913          1.00         0.00         0.00         0.00         0.00         0.00         0.00         0.00         0.00         0.00         0.00        18.65         38.26       871.38       158.48     1,029.86        19.65     1,010.21
7542          1.00         0.00         0.00         0.00         0.00         0.00         0.00         0.00         0.00        78.74         0.00        30.79          0.00     1,914.15       127.06     2,041.21       110.53     1,930.68
3780          1.00         0.00         0.00         0.00         0.00         0.00         0.00         0.00         0.00       461.04         0.00        39.48          0.00     3,264.91       643.37     3,908.28       501.52     3,406.76
6205          1.00         0.00         0.00         0.00         0.00         0.00         0.00         0.00         0.00         0.00         0.00        27.97         51.83       964.06       238.37     1,202.43        28.97     1,173.46
5027          1.00         0.00         0.00         0.00         0.00         0.00         0.00         0.00         0.00       156.01         0.00        39.42          0.00     2,230.04       143.04     2,373.08       196.43     2,176.65

















































EJECUTIVOS EN SERVICIOS DE ALIMENTOS, S.A. DE C.V.                                                                      Pagina: 0003
R.F.C.:                                                                                                                    2/NOV/19
REPORTE DE SUELDOS SEMANALES DEDUCCIONES


 
Codigo Desc Vales   Desc Zapatos Otras Deducc Desc Fonacot Pension Alim Desc Infonav Faltas       Inca Enferme Inca Riesgo  ISPT         Ajus ISPT    IMSS          Sub P/Empleo Tot Per Grav Tot Per Exce Total Percep Total Deducc Neto Pagado
..........................................................................................................................................................................................................................................
7818          1.00         0.00         0.00         0.00         0.00         0.00         0.00         0.00         0.00         0.00         0.00        27.56         23.27     1,004.04       166.31     1,170.35        28.56     1,141.79
7815          1.00         0.00         0.00         0.00         0.00         0.00         0.00         0.00         0.00        82.25         0.00        25.27          0.00     1,925.76       236.09     2,161.85       108.52     2,053.33
6839          1.00         0.00         0.00         0.00         0.00         0.00         0.00         0.00         0.00       132.41         0.00        21.32          0.00     1,991.40       204.31     2,195.71       154.73     2,040.98
5646          1.00         0.00         0.00         0.00         0.00         0.00         0.00         0.00         0.00        94.93         0.00        33.15          0.00     1,939.90       152.81     2,092.71       129.08     1,963.63
7708          1.00         0.00         0.00         0.00         0.00         0.00       120.51         0.00         0.00         0.00         0.00        24.73         63.31       832.13       169.49     1,001.62       146.24       855.38
7869          1.00         0.00         0.00         0.00         0.00         0.00         0.00         0.00         0.00         0.00         0.00        23.38         32.35       964.06       218.89     1,182.95        24.38     1,158.57
7882          1.00         0.00         0.00         0.00         0.00         0.00         0.00         0.00         0.00         0.00         0.00        20.14         44.95       861.38       165.17     1,026.55        21.14     1,005.41
5679          1.00         0.00         0.00         0.00         0.00         0.00         0.00         0.00         0.00        23.03         0.00        36.06          0.00     1,355.64       260.41     1,616.05        60.09     1,555.96
7892          1.00         0.00         0.00         0.00         0.00         0.00         0.00         0.00         0.00         0.00         0.00        23.62         41.76     1,014.04       184.80     1,198.84        24.62     1,174.22
7530          1.00         0.00         0.00         0.00         0.00         0.00         0.00         0.00         0.00       135.87         0.00        21.99          0.00     1,991.40       204.31     2,195.71       158.86     2,036.85
6028          1.00         0.00         0.00         0.00         0.00       407.29         0.00         0.00         0.00       104.72         0.00        31.78          0.00     1,758.68       296.26     2,054.94       544.79     1,510.15
6565          0.00         0.00         0.00         0.00         0.00         0.00         0.00         0.00         0.00         0.00         0.00         0.00          0.00         0.00         0.00         0.00         0.00         0.00
7753          1.00         0.00         0.00         0.00         0.00         0.00         0.00         0.00         0.00         0.00         0.00        29.12         23.27     1,004.04       166.31     1,170.35        30.12     1,140.23
3676          1.00         0.00         0.00         0.00         0.00         0.00         0.00         0.00         0.00       146.07         0.00        39.30          0.00     1,863.03       432.87     2,295.90       186.37     2,109.53
3221          1.00         0.00         0.00         0.00         0.00         0.00         0.00         0.00         0.00        89.30         0.00        31.22          0.00     1,616.84       491.17     2,108.01       121.52     1,986.49
7741          1.00         0.00         0.00         0.00         0.00         0.00         0.00         0.00         0.00         0.00         0.00        26.31         32.04       968.53       274.97     1,243.50        27.31     1,216.19
7779          1.00         0.00         0.00         0.00         0.00         0.00         0.00         0.00         0.00        70.22         0.00        27.42          0.00     1,626.34       277.74     1,904.08        98.64     1,805.44
7845          1.00         0.00         0.00         0.00         0.00         0.00         0.00         0.00         0.00       392.70         0.00        30.94          0.00     2,520.04       220.29     2,740.33       424.64     2,315.69
7920          1.00         0.00         0.00         0.00         0.00         0.00         0.00         0.00         0.00         0.00         0.00        18.65         25.73     1,067.38       313.32     1,380.70        19.65     1,361.05
2522          1.00         0.00         0.00         0.00         0.00         0.00         0.00         0.00         0.00        98.05         0.00        27.76          0.00     1,952.78       217.18     2,169.96       126.81     2,043.15
7938          1.00         0.00         0.00         0.00         0.00         0.00         0.00         0.00         0.00         0.00         0.00        10.66         28.95       436.76        89.23       525.99        11.66       514.33
0236          1.00         0.00         0.00         0.00         0.00       533.49         0.00         0.00         0.00       246.36         0.00        52.25          0.00     2,505.91       704.70     3,210.61       833.10     2,377.51
7080          1.00         0.00         0.00         0.00         0.00         0.00         0.00         0.00         0.00        64.21         0.00        38.50          0.00     1,647.16       340.29     1,987.45       103.71     1,883.74
5965          1.00         0.00         0.00         0.00         0.00         0.00         0.00         0.00         0.00        13.13         0.00        29.92          0.00     1,264.64       247.41     1,512.05        44.05     1,468.00
5447          1.00         0.00         0.00         0.00         0.00         0.00         0.00         0.00         0.00       122.33         0.00        31.26          0.00     2,004.04       143.04     2,147.08       154.59     1,992.49
7932          1.00         0.00         0.00         0.00         0.00         0.00         0.00         0.00         0.00         0.00         0.00        13.32         29.89       582.35       110.26       692.61        14.32       678.29
7937          1.00         0.00         0.00         0.00         0.00         0.00         0.00         0.00         0.00         0.00         0.00        10.66         28.95       436.76        89.23       525.99        11.66       514.33
6685          1.00         0.00         0.00         0.00         0.00         0.00         0.00         0.00         0.00         0.00         0.00        29.07         23.17     1,107.28       266.10     1,373.38        30.07     1,343.31
7927          1.00         0.00         0.00         0.00         0.00         0.00         0.00         0.00         0.00         0.00         0.00        18.65         38.90       861.38       159.12     1,020.50        19.65     1,000.85
5549          1.00         0.00         0.00         0.00         0.00         0.00         0.00         0.00         0.00         0.00         0.00        31.96          5.65     1,155.94       255.02     1,410.96        32.96     1,378.00
7911          1.00         0.00         0.00         0.00         0.00         0.00         0.00         0.00         0.00         0.00         0.00        18.65         16.71     1,106.74       252.80     1,359.54        19.65     1,339.89
7874          1.00         0.00         0.00         0.00         0.00         0.00         0.00         0.00         0.00         0.00         0.00        23.32         51.83       964.06       186.87     1,150.93        24.32     1,126.61
0854          1.00         0.00         0.00         0.00         0.00       332.71         0.00         0.00         0.00       134.96         0.00        41.65          0.00     1,760.86       331.45     2,092.31       510.32     1,581.99
7295          1.00         0.00         0.00         0.00         0.00         0.00         0.00         0.00         0.00        93.28         0.00        30.97          0.00     1,914.15       127.06     2,041.21       125.25     1,915.96
6832          1.00         0.00       150.00         0.00         0.00         0.00         0.00         0.00         0.00         0.00         0.00        30.42         36.13       920.59       169.62     1,090.21       181.42       908.79
4807          1.00         0.00         0.00         0.00         0.00         0.00         0.00         0.00         0.00       510.36         0.00       112.04          0.00     3,783.66       586.18     4,369.84       623.40     3,746.44
6821          1.00         0.00         0.00         0.00         0.00         0.00         0.00         0.00         0.00         5.06         0.00        28.55          0.00     1,254.64       308.62     1,563.26        34.61     1,528.65
3169          1.00         0.00         0.00         0.00         0.00         0.00         0.00         0.00         0.00        87.51         0.00        25.86          0.00     1,914.15       127.06     2,041.21       114.37     1,926.84
7930          1.00         0.00         0.00         0.00         0.00         0.00         0.00         0.00         0.00         0.00         0.00        15.99         27.62       827.72       123.79       951.51        16.99       934.52
4514          1.00         0.00         0.00         0.00         0.00       364.81         0.00         0.00         0.00        52.96         0.00        34.49          0.00     1,543.78       244.73     1,788.51       453.26     1,335.25
6379          1.00         0.00         0.00         0.00         0.00         0.00         0.00         0.00         0.00         0.00         0.00        18.65         38.26       871.38       158.48     1,029.86        19.65     1,010.21
7814          1.00         0.00         0.00         0.00         0.00         0.00         0.00         0.00         0.00       137.21         0.00        26.09          0.00     2,004.04       143.04     2,147.08       164.30     1,982.78
7754          1.00         0.00         0.00         0.00         0.00         0.00         0.00         0.00         0.00         0.00         0.00        21.82         28.80     1,025.88       187.64     1,213.52        22.82     1,190.70

















































EJECUTIVOS EN SERVICIOS DE ALIMENTOS, S.A. DE C.V.                                                                      Pagina: 0004
R.F.C.:                                                                                                                    2/NOV/19
REPORTE DE SUELDOS SEMANALES DEDUCCIONES


 
Codigo Desc Vales   Desc Zapatos Otras Deducc Desc Fonacot Pension Alim Desc Infonav Faltas       Inca Enferme Inca Riesgo  ISPT         Ajus ISPT    IMSS          Sub P/Empleo Tot Per Grav Tot Per Exce Total Percep Total Deducc Neto Pagado
..........................................................................................................................................................................................................................................
7717          1.00         0.00         0.00         0.00         0.00         0.00         0.00         0.00         0.00        15.88         0.00        33.96          0.00     1,431.09       315.13     1,746.22        50.84     1,695.38
6014          1.00         0.00         0.00         0.00         0.00         0.00         0.00         0.00         0.00        42.72         0.00        32.26          0.00     1,449.71       291.77     1,741.48        75.98     1,665.50
7775          1.00         0.00         0.00         0.00         0.00         0.00         0.00         0.00         0.00         0.00         0.00        25.42         25.72     1,067.38       313.31     1,380.69        26.42     1,354.27
7551          1.00         0.00         0.00         0.00         0.00         0.00         0.00         0.00         0.00        52.80         0.00        35.25          0.00     1,542.32       439.35     1,981.67        89.05     1,892.62
7715          1.00         0.00         0.00         0.00         0.00         0.00         0.00         0.00         0.00         0.00         0.00        28.66         40.03       952.78       257.21     1,209.99        29.66     1,180.33
3827          1.00         0.00         0.00         0.00         0.00         0.00       120.51         0.00         0.00       115.43         0.00        26.27          0.00     2,028.35       318.85     2,347.20       263.21     2,083.99
5412          1.00         0.00         0.00         0.00         0.00         0.00         0.00         0.00         0.00         0.00         0.00        30.21         32.04       968.53       223.47     1,192.00        31.21     1,160.79
4504          1.00         0.00         0.00         0.00         0.00         0.00         0.00         0.00         0.00       193.63         0.00        73.23          0.00     2,199.89       318.38     2,518.27       267.86     2,250.41
7395          1.00         0.00         0.00         0.00         0.00         0.00         0.00         0.00         0.00         0.00         0.00        31.86         32.33       964.06       167.37     1,131.43        32.86     1,098.57
0214          1.00         0.00         0.00         0.00         0.00         0.00         0.00         0.00         0.00       510.36         0.00       110.55          0.00     3,783.66       586.18     4,369.84       621.91     3,747.93
7849          1.00         0.00         0.00         0.00         0.00         0.00         0.00         0.00         0.00        78.28         0.00        20.18          0.00     1,900.01       158.84     2,058.85        99.46     1,959.39
6321          0.00         0.00         0.00         0.00         0.00         0.00         0.00         0.00         0.00         0.00         0.00         0.00          0.00         0.00         0.00         0.00         0.00         0.00
5232          1.00         0.00         0.00         0.00         0.00         0.00         0.00         0.00         0.00        80.16         0.00        46.41          0.00     1,793.79       246.04     2,039.83       127.57     1,912.26
4958          1.00         0.00         0.00         0.00         0.00         0.00         0.00         0.00         0.00        92.13         0.00        30.51          0.00     1,914.15       127.06     2,041.21       123.64     1,917.57
7880          1.00         0.00         0.00         0.00         0.00         0.00         0.00         0.00         0.00         8.92         0.00        23.58          0.00     1,100.30       178.15     1,278.45        33.50     1,244.95
3979          1.00         0.00         0.00         0.00         0.00         0.00         0.00         0.00         0.00       420.97         0.00       103.06          0.00     3,365.20       519.23     3,884.43       525.03     3,359.40
7902          1.00         0.00         0.00         0.00         0.00         0.00         0.00         0.00         0.00         0.00         0.00        18.65         18.35     1,080.99       177.19     1,258.18        19.65     1,238.53
0442          1.00         0.00         0.00         0.00         0.00         0.00         0.00         0.00         0.00       394.26         0.00        34.10          0.00     2,534.41       415.11     2,949.52       429.36     2,520.16
7857          1.00         0.00         0.00         0.00         0.00         0.00         0.00         0.00         0.00       142.16         0.00        47.09          0.00     1,827.09       355.81     2,182.90       190.25     1,992.65
7330          0.00         0.00         0.00         0.00         0.00         0.00         0.00         0.00         0.00         0.00         0.00         0.00          0.00         0.00         0.00         0.00         0.00         0.00
7719          1.00         0.00         0.00         0.00         0.00         0.00         0.00         0.00         0.00        77.16         0.00        30.56          0.00     1,914.15       127.06     2,041.21       108.72     1,932.49
7924          0.00         0.00         0.00         0.00         0.00         0.00         0.00         0.00         0.00         0.00         0.00         0.00          0.00         0.00         0.00         0.00         0.00         0.00
7846          1.00         0.00         0.00         0.00         0.00         0.00         0.00         0.00         0.00         0.00         0.00        24.24         42.91     1,014.04       185.95     1,199.99        25.24     1,174.75
7421          1.00         0.00         0.00         0.00         0.00         0.00         0.00         0.00         0.00         0.00         0.00        29.22         48.65       952.78       214.33     1,167.11        30.22     1,136.89
7928          1.00         0.00         0.00         0.00         0.00         0.00         0.00         0.00         0.00         0.00         0.00        18.65         38.90       861.38       159.12     1,020.50        19.65     1,000.85
7926          0.00         0.00         0.00         0.00         0.00         0.00         0.00         0.00         0.00         0.00         0.00        27.97         53.81       715.39        53.81       769.20        27.97       741.23
7776          1.00         0.00         0.00         0.00         0.00         0.00         0.00         0.00         0.00        34.94         0.00        28.36          0.00     1,861.38       120.22     1,981.60        64.30     1,917.30
7823          1.00         0.00         0.00         0.00         0.00         0.00         0.00         0.00         0.00         0.00         0.00        21.33         38.27       871.38       158.49     1,029.87        22.33     1,007.54
7298          1.00         0.00         0.00         0.00         0.00         0.00         0.00         0.00         0.00        46.00         0.00        36.47          0.00     1,479.76       219.16     1,698.92        83.47     1,615.45
5396          1.00         0.00         0.00         0.00         0.00         0.00         0.00         0.00         0.00       135.09         0.00        33.69          0.00     2,010.72       275.11     2,285.83       169.78     2,116.05
5704          1.00         0.00         0.00         0.00         0.00         0.00         0.00         0.00         0.00        24.04         0.00        32.96          0.00     1,364.95       199.19     1,564.14        58.00     1,506.14
7503          1.00         0.00         0.00         0.00         0.00         0.00         0.00         0.00         0.00         0.00         0.00        18.65         29.67     1,005.64       227.14     1,232.78        19.65     1,213.13
7588          1.00         0.00         0.00         0.00         0.00         0.00         0.00         0.00         0.00        92.13         0.00        30.74          0.00     1,914.15       127.06     2,041.21       123.87     1,917.34
7821          1.00         0.00         0.00         0.00         0.00         0.00       241.02         0.00         0.00         0.00         0.00        23.86         63.27       876.68       158.90     1,035.58       265.88       769.70
5588          1.00         0.00         0.00         0.00         0.00         0.00         0.00         0.00         0.00         0.00         0.00        27.74         55.02       914.15       182.08     1,096.23        28.74     1,067.49
6203          1.00         0.00         0.00         0.00         0.00         0.00         0.00         0.00         0.00        80.65         0.00        24.35          0.00     1,261.73       186.54     1,448.27       106.00     1,342.27
6582          1.00         0.00         0.00         0.00         0.00         0.00         0.00         0.00         0.00         0.00         0.00        26.80         22.82     1,123.02       330.13     1,453.15        27.80     1,425.35
7392          1.00         0.00         0.00         0.00         0.00         0.00         0.00         0.00         0.00        46.44         0.00        29.10          0.00     1,570.78       242.93     1,813.71        76.54     1,737.17
7226          1.00         0.00         0.00         0.00         0.00         0.00         0.00         0.00         0.00       124.76         0.00        32.96          0.00     2,014.04       143.04     2,157.08       158.72     1,998.36
7664          1.00         0.00         0.00         0.00         0.00         0.00         0.00         0.00       288.40         0.00         0.00        20.22         58.28       794.89       134.51       929.40       309.62       619.78
7885          1.00         0.00         0.00         0.00         0.00         0.00         0.00         0.00         0.00         0.00         0.00        21.46         23.68     1,000.14       324.14     1,324.28        22.46     1,301.82
3326          1.00         0.00         0.00         0.00         0.00       352.72         0.00         0.00         0.00        47.98         0.00        37.79          0.00     1,498.02       220.48     1,718.50       439.49     1,279.01
0449          1.00         0.00         0.00         0.00         0.00       447.60         0.00         0.00         0.00       184.76         0.00        46.29          0.00     2,494.29       220.29     2,714.58       679.65     2,034.93

















































EJECUTIVOS EN SERVICIOS DE ALIMENTOS, S.A. DE C.V.                                                                      Pagina: 0005
R.F.C.:                                                                                                                    2/NOV/19
REPORTE DE SUELDOS SEMANALES DEDUCCIONES


 
Codigo Desc Vales   Desc Zapatos Otras Deducc Desc Fonacot Pension Alim Desc Infonav Faltas       Inca Enferme Inca Riesgo  ISPT         Ajus ISPT    IMSS          Sub P/Empleo Tot Per Grav Tot Per Exce Total Percep Total Deducc Neto Pagado
..........................................................................................................................................................................................................................................
6934          1.00         0.00         0.00         0.00         0.00         0.00         0.00         0.00         0.00       342.85         0.00        84.19          0.00     2,999.45       460.71     3,460.16       428.04     3,032.12
7137          1.00         0.00         0.00         0.00         0.00         0.00         0.00         0.00         0.00        52.37         0.00        36.53          0.00     1,538.38       199.19     1,737.57        89.90     1,647.67
7923          1.00         0.00         0.00         0.00         0.00         0.00         0.00         0.00         0.00        87.67         0.00        30.90          0.00     1,788.27       403.00     2,191.27       119.57     2,071.70
6682          1.00         0.00         0.00         0.00         0.00         0.00         0.00         0.00         0.00         0.00         0.00        20.52         45.98       861.38       166.20     1,027.58        21.52     1,006.06
1269          1.00         0.00         0.00         0.00         0.00         0.00         0.00         0.00         0.00         0.00         0.00        29.21         34.52       929.90       187.33     1,117.23        30.21     1,087.02
7890          1.00         0.00         0.00         0.00         0.00         0.00         0.00         0.00         0.00         0.00         0.00        21.46         30.84       884.26       215.43     1,099.69        22.46     1,077.23
1419          1.00         0.00         0.00         0.00         0.00       268.68         0.00         0.00         0.00        68.19         0.00        39.46          0.00     1,607.73       268.33     1,876.06       377.33     1,498.73
7868          0.00         0.00         0.00         0.00         0.00         0.00         0.00         0.00         0.00         0.00         0.00         0.00          0.00         0.00         0.00         0.00         0.00         0.00
7887          1.00         0.00         0.00         0.00         0.00         0.00       120.51         0.00         0.00         0.00         0.00        17.95         44.86       796.38       145.33       941.71       139.46       802.25
3525          1.00         0.00         0.00         0.00         0.00         0.00         0.00         0.00         0.00         8.38         0.00        32.51          0.00     1,220.96       240.42     1,461.38        41.89     1,419.49
6885          1.00         0.00         0.00         0.00         0.00         0.00         0.00         0.00         0.00        19.88         0.00        32.74          0.00     1,467.78       345.93     1,813.71        53.62     1,760.09
7893          1.00         0.00         0.00         0.00         0.00         0.00         0.00         0.00         0.00         0.00         0.00        19.98         38.26       871.38       158.48     1,029.86        20.98     1,008.88
7907          1.00         0.00         0.00         0.00         0.00         0.00         0.00         0.00         0.00       131.22         0.00        39.88          0.00     1,726.43       257.02     1,983.45       172.10     1,811.35
4775          1.00         0.00         0.00         0.00         0.00         0.00         0.00         0.00         0.00       132.70         0.00        30.17          0.00     1,942.78       165.68     2,108.46       163.87     1,944.59
4832          1.00         0.00         0.00         0.00         0.00         0.00         0.00         0.00         0.00         0.00         0.00        28.01         35.52       914.15       162.58     1,076.73        29.01     1,047.72
7824          1.00         0.00         0.00         0.00         0.00         0.00         0.00         0.00         0.00         0.00         0.00        26.99         38.27       871.38       158.49     1,029.87        27.99     1,001.88
3321          1.00         0.00         0.00         0.00         0.00         0.00         0.00         0.00         0.00       209.00         0.00        63.70          0.00     2,297.40       312.06     2,609.46       273.70     2,335.76
2112          1.00         0.00         0.00         0.00         0.00         0.00       120.51         0.00         0.00        71.16         0.00        27.60          0.00     1,832.13       106.18     1,938.31       220.27     1,718.04
0624          1.00         0.00         0.00         0.00         0.00         0.00         0.00         0.00         0.00       149.03         0.00        53.30          0.00     1,921.18       289.78     2,210.96       203.33     2,007.63
6877          1.00         0.00         0.00       194.15         0.00         0.00         0.00         0.00         0.00         0.00         0.00        30.78          7.98     1,134.45       171.89     1,306.34       225.93     1,080.41
4385          1.00         0.00         0.00         0.00         0.00         0.00         0.00         0.00         0.00        52.15         0.00        35.42          0.00     1,536.31       230.54     1,766.85        88.57     1,678.28
0366          1.00         0.00         0.00         0.00         0.00         0.00         0.00         0.00         0.00       420.16         0.00        86.30          0.00     3,361.39       462.49     3,823.88       507.46     3,316.42
7917          1.00         0.00         0.00         0.00         0.00         0.00       120.51         0.00         0.00         0.00         0.00        16.69         54.55       796.38       155.02       951.40       138.20       813.20
6206          1.00         0.00         0.00         0.00         0.00         0.00         0.00         0.00         0.00        39.24         0.00        31.37          0.00     1,417.66       308.62     1,726.28        71.61     1,654.67
4366          1.00         0.00         0.00         0.00         0.00         0.00         0.00         0.00         0.00         0.00         0.00        29.75         29.17     1,014.04       172.21     1,186.25        30.75     1,155.50
7618          1.00         0.00         0.00         0.00         0.00         0.00         0.00         0.00         0.00       129.53         0.00        24.89          0.00     1,946.34       159.24     2,105.58       155.42     1,950.16
 
*** GLO     186.00         0.00     1,200.00       556.25         0.00     5,593.58     2,143.43         0.00       288.40    12,436.52         0.00     5,947.24      3,359.63   270,620.64                315,012.90    28,351.42   286,661.48
  































































