EJECUTIVOS EN SERVICIOS DE ALIMENTOS, S.A. DE C.V.                                                                      Pagina: 0001
R.F.C.:                                                                                                                    5/NOV/19
REPORTE DE SUELDOS SEMANALES DEDUCCIONES


 
Codigo Desc Vales   Desc Zapatos Otras Deducc Desc Fonacot Pension Alim Desc Infonav Faltas       Inca Enferme Inca Riesgo  ISPT         Ajus ISPT    IMSS          Sub P/Empleo Tot Per Grav Tot Per Exce Total Percep Total Deducc Neto Pagado
..........................................................................................................................................................................................................................................
5761          1.00         0.00         0.00         0.00         0.00         0.00         0.00       312.39         0.00         0.00         0.00        12.83         42.15       717.37       102.43       819.80       326.22       493.58
7505          1.00         0.00         0.00         0.00         0.00         0.00         0.00         0.00         0.00         0.00         0.00        21.06         38.26       871.38       158.48     1,029.86        22.06     1,007.80
6600          1.00         0.00         0.00         0.00         0.00         0.00         0.00         0.00         0.00         0.00         0.00        20.97         37.47       883.63       179.94     1,063.57        21.97     1,041.60
7685          1.00         0.00         0.00         0.00         0.00         0.00         0.00         0.00         0.00         0.00         0.00        21.58         37.55       882.51       168.89     1,051.40        22.58     1,028.82
5933          1.00         0.00         0.00         0.00         0.00         0.00         0.00         0.00         0.00        28.37         0.00        21.94          0.00     1,404.76       153.59     1,558.35        51.31     1,507.04
7170          1.00         0.00         0.00         0.00         0.00         0.00         0.00         0.00         0.00         0.00         0.00        22.83          3.93     1,171.76       224.27     1,396.03        23.83     1,372.20
5618          1.00         0.00         0.00         0.00         0.00         0.00       124.60         0.00         0.00         0.00         0.00        22.67         50.19       765.70       146.36       912.06       148.27       763.79
5201          1.00         0.00         0.00         0.00         0.00       279.44         0.00         0.00         0.00        30.84         0.00        37.48          0.00     1,427.46       209.19     1,636.65       348.76     1,287.89
3890          1.00         0.00         0.00         0.00         0.00         0.00         0.00         0.00         0.00       178.36         0.00        54.71          0.00     2,104.51       319.12     2,423.63       234.07     2,189.56
7688          1.00         0.00         0.00         0.00         0.00         0.00         0.00         0.00         0.00         0.00         0.00        20.19         38.90       861.38       159.12     1,020.50        21.19       999.31
6654          1.00         0.00         0.00         0.00         0.00         0.00         0.00         0.00         0.00         1.51         0.00        24.10          0.00     1,221.92       257.33     1,479.25        26.61     1,452.64
3652          1.00         0.00         0.00         0.00         0.00       383.82         0.00         0.00         0.00       154.00         0.00        53.17          0.00     1,935.94       367.50     2,303.44       591.99     1,711.45
1123          1.00         0.00         0.00         0.00         0.00         0.00         0.00         0.00         0.00        46.02         0.00        34.93          0.00     1,480.01       328.59     1,808.60        81.95     1,726.65
7593          1.00         0.00         0.00         0.00         0.00         0.00         0.00         0.00         0.00         0.00         0.00        23.86         36.83       893.63       223.80     1,117.43        24.86     1,092.57
7702          1.00         0.00         0.00         0.00         0.00         0.00         0.00         0.00         0.00         0.00         0.00        20.04         81.05       291.17       121.23       412.40        21.04       391.36
7669          1.00         0.00         0.00         0.00         0.00         0.00         0.00         0.00         0.00       191.49         0.00        30.60          0.00     2,186.54       293.91     2,480.45       223.09     2,257.36
7259          1.00         0.00         0.00         0.00         0.00         0.00         0.00         0.00         0.00         0.00         0.00        20.22         38.90       861.38       159.12     1,020.50        21.22       999.28
7312          1.00         0.00         0.00         0.00         0.00         0.00         0.00         0.00         0.00         0.00         0.00        21.43         36.12       904.76       189.71     1,094.47        22.43     1,072.04
7338          1.00         0.00         0.00         0.00         0.00         0.00         0.00         0.00         0.00         0.00         0.00        21.05         38.26       871.38       158.48     1,029.86        22.05     1,007.81
7600          1.00         0.00         0.00         0.00         0.00         0.00         0.00         0.00         0.00         0.00         0.00        22.36         38.90       861.38       159.12     1,020.50        23.36       997.14
5677          1.00         0.00         0.00         0.00         0.00         0.00         0.00         0.00         0.00         0.73         0.00        28.65          0.00     1,214.68       250.19     1,464.87        30.38     1,434.49
4008          1.00         0.00         0.00         0.00         0.00         0.00         0.00         0.00         0.00       327.55         0.00        58.09          0.00     2,927.84       417.03     3,344.87       386.64     2,958.23
7690          1.00         0.00         0.00         0.00         0.00         0.00         0.00         0.00         0.00         0.00         0.00        20.05         37.55       882.51       168.89     1,051.40        21.05     1,030.35
6210          1.00         0.00         0.00         0.00         0.00         0.00         0.00         0.00         0.00        75.11         0.00        26.54          0.00     1,671.38       164.72     1,836.10       102.65     1,733.45
7701          1.00         0.00         0.00         0.00         0.00         0.00         0.00         0.00         0.00        15.50         0.00        28.84          0.00     1,286.45       294.17     1,580.62        45.34     1,535.28
7697          1.00         0.00         0.00         0.00         0.00         0.00         0.00         0.00         0.00        73.75         0.00        46.96          0.00     1,658.84       326.64     1,985.48       121.71     1,863.77
0849          1.00         0.00         0.00         0.00         0.00         0.00         0.00         0.00         0.00         0.00         0.00        26.56         19.62     1,061.11       158.19     1,219.30        27.56     1,191.74
7536          1.00         0.00         0.00         0.00         0.00         0.00         0.00         0.00         0.00         0.00         0.00        20.74         37.47       883.63       179.94     1,063.57        21.74     1,041.83
7430          1.00         0.00         0.00         0.00         0.00         0.00         0.00         0.00         0.00       170.19         0.00        45.34          0.00     2,053.46       463.42     2,516.88       216.53     2,300.35
5181          1.00         0.00         0.00         0.00         0.00         0.00         0.00         0.00         0.00         0.00         0.00        21.67         38.26       871.38       202.98     1,074.36        22.67     1,051.69
7655          1.00         0.00         0.00         0.00         0.00         0.00         0.00         0.00         0.00         0.00         0.00        21.00         38.90       861.38       159.12     1,020.50        22.00       998.50
7057          1.00         0.00         0.00         0.00         0.00         0.00         0.00         0.00         0.00        23.65         0.00        24.47          0.00     1,361.38       120.22     1,481.60        49.12     1,432.48
5558          1.00         0.00         0.00         0.00         0.00         0.00         0.00         0.00         0.00         0.00         0.00        21.85         37.47       883.63       179.94     1,063.57        22.85     1,040.72
4746          1.00         0.00         0.00         0.00         0.00       337.44         0.00         0.00         0.00        27.58         0.00        31.93          0.00     1,397.47       195.95     1,593.42       397.95     1,195.47
7643          1.00         0.00         0.00         0.00         0.00         0.00         0.00         0.00         0.00         0.00         0.00        20.10         38.90       861.38       159.12     1,020.50        21.10       999.40
7573          1.00         0.00         0.00         0.00         0.00         0.00         0.00         0.00         0.00         0.00         0.00        21.32         37.47       883.63       179.94     1,063.57        22.32     1,041.25
7663          1.00         0.00         0.00         0.00         0.00         0.00         0.00         0.00         0.00         0.00         0.00        22.08         38.90       861.38       159.12     1,020.50        23.08       997.42
7407          1.00         0.00         0.00         0.00         0.00         0.00         0.00         0.00         0.00        24.74         0.00        25.09          0.00     1,371.38       120.22     1,491.60        50.83     1,440.77
7704          1.00         0.00         0.00         0.00         0.00         0.00         0.00         0.00         0.00         0.00         0.00        19.21         38.90       861.38       159.12     1,020.50        20.21     1,000.29
1424          1.00         0.00         0.00         0.00         0.00       457.22         0.00         0.00         0.00       277.54         0.00        92.91          0.00     2,679.97       409.59     3,089.56       828.67     2,260.89
5280          1.00         0.00         0.00         0.00         0.00       439.54         0.00         0.00         0.00       152.32         0.00        50.52          0.00     1,920.48       289.67     2,210.15       643.38     1,566.77
6461          1.00         0.00       200.00         0.00         0.00         0.00         0.00         0.00         0.00        51.40         0.00        34.93          0.00     1,529.52       425.09     1,954.61       287.33     1,667.28
6765          1.00         0.00         0.00         0.00         0.00         0.00         0.00         0.00         0.00        20.12         0.00        35.24          0.00     1,328.91       234.52     1,563.43        56.36     1,507.07

















































EJECUTIVOS EN SERVICIOS DE ALIMENTOS, S.A. DE C.V.                                                                      Pagina: 0002
R.F.C.:                                                                                                                    5/NOV/19
REPORTE DE SUELDOS SEMANALES DEDUCCIONES


 
Codigo Desc Vales   Desc Zapatos Otras Deducc Desc Fonacot Pension Alim Desc Infonav Faltas       Inca Enferme Inca Riesgo  ISPT         Ajus ISPT    IMSS          Sub P/Empleo Tot Per Grav Tot Per Exce Total Percep Total Deducc Neto Pagado
..........................................................................................................................................................................................................................................
7694          1.00         0.00         0.00         0.00         0.00         0.00         0.00         0.00         0.00         0.00         0.00        21.39         32.56       960.38       197.28     1,157.66        22.39     1,135.27
6657          1.00         0.00         0.00         0.00         0.00         0.00         0.00         0.00         0.00         0.00         0.00        20.03         37.47       883.63       224.44     1,108.07        21.03     1,087.04
5000          1.00         0.00         0.00         0.00         0.00         0.00         0.00         0.00         0.00       196.98         0.00        28.35          0.00     2,220.89       465.31     2,686.20       226.33     2,459.87
7586          1.00         0.00         0.00         0.00         0.00         0.00         0.00         0.00         0.00       154.31         0.00        28.57          0.00     1,938.76       220.34     2,159.10       183.88     1,975.22
7649          1.00         0.00         0.00         0.00         0.00         0.00         0.00         0.00         0.00         0.00         0.00        20.76         38.90       861.38       159.12     1,020.50        21.76       998.74
5644          1.00         0.00         0.00         0.00         0.00       331.25         0.00         0.00         0.00         0.00         0.00        31.10          2.49     1,185.00       228.29     1,413.29       363.35     1,049.94
7519          1.00         0.00         0.00         0.00         0.00         0.00         0.00         0.00         0.00       143.42         0.00        31.55          0.00     1,838.63       220.34     2,058.97       175.97     1,883.00
6638          1.00         0.00         0.00         0.00         0.00         0.00         0.00         0.00         0.00         0.00         0.00        20.20         38.90       861.38       159.12     1,020.50        21.20       999.30
6690          1.00         0.00         0.00         0.00         0.00         0.00         0.00         0.00         0.00         0.00         0.00        21.85         31.07       983.76       206.91     1,190.67        22.85     1,167.82
7168          1.00         0.00         0.00         0.00         0.00         0.00       104.13         0.00         0.00         0.00         0.00        19.58         48.27       780.28       193.24       973.52       124.71       848.81
7684          1.00         0.00         0.00         0.00         0.00         0.00         0.00         0.00         0.00         0.00         0.00        23.95         38.26       871.38       202.98     1,074.36        24.95     1,049.41
7681          1.00         0.00         0.00         0.00         0.00         0.00         0.00         0.00         0.00         0.00         0.00        21.26         38.90       861.38       159.12     1,020.50        22.26       998.24
6958          1.00         0.00         0.00         0.00         0.00         0.00       124.60         0.00         0.00         0.00         0.00        24.93         30.56     1,036.77       171.23     1,208.00       150.53     1,057.47
6542          1.00         0.00         0.00         0.00         0.00         0.00         0.00         0.00         0.00         0.00         0.00        24.07         33.92       939.26       232.01     1,171.27        25.07     1,146.20
4314          1.00         0.00         0.00         0.00         0.00         0.00         0.00         0.00         0.00       130.43         0.00        43.56          0.00     1,719.29       317.04     2,036.33       174.99     1,861.34
7485          1.00         0.00         0.00         0.00         0.00         0.00         0.00         0.00         0.00        28.37         0.00        22.31          0.00     1,404.76       198.09     1,602.85        51.68     1,551.17
7632          1.00         0.00         0.00         0.00         0.00         0.00         0.00         0.00         0.00         0.00         0.00        21.24         37.19       888.07       174.09     1,062.16        22.24     1,039.92
4287          1.00         0.00         0.00         0.00         0.00         0.00       163.22         0.00         0.00         0.00         0.00        28.14         26.44     1,150.37       150.69     1,301.06       192.36     1,108.70
7673          1.00         0.00         0.00         0.00         0.00         0.00       124.60         0.00         0.00         0.00         0.00        20.58         50.19       765.70       146.36       912.06       146.18       765.88
7696          1.00         0.00         0.00         0.00         0.00         0.00         0.00         0.00         0.00         0.00         0.00        23.37         38.26       871.38       158.48     1,029.86        24.37     1,005.49
6504          1.00         0.00         0.00         0.00         0.00         0.00         0.00         0.00         0.00        24.74         0.00        22.62          0.00     1,371.38       120.22     1,491.60        48.36     1,443.24
5745          1.00         0.00         0.00         0.00         0.00         0.00         0.00         0.00         0.00         0.00         0.00        20.64         37.55       882.51       168.89     1,051.40        21.64     1,029.76
7617          1.00         0.00         0.00         0.00         0.00         0.00         0.00         0.00         0.00         0.00         0.00        32.84          8.71     1,125.86       128.93     1,254.79        33.84     1,220.95
7604          1.00         0.00         0.00         0.00         0.00         0.00       104.13         0.00         0.00         0.00         0.00        19.13         48.27       780.28       148.74       929.02       124.26       804.76
7061          1.00         0.00         0.00         0.00         0.00         0.00       104.13         0.00         0.00         0.00         0.00        23.02         48.27       780.28       148.74       929.02       128.15       800.87
7700          0.00         0.00         0.00         0.00         0.00         0.00         0.00         0.00         0.00         0.00         0.00         0.00          0.00         0.00         0.00         0.00         0.00         0.00
7627          1.00         0.00         0.00         0.00         0.00         0.00         0.00         0.00         0.00         0.00         0.00        21.28         38.26       871.38       202.98     1,074.36        22.28     1,052.08
7698          1.00         0.00         0.00         0.00         0.00         0.00         0.00         0.00         0.00         0.00         0.00        22.40         38.90       861.38       159.12     1,020.50        23.40       997.10
7633          1.00         0.00         0.00         0.00         0.00         0.00         0.00         0.00         0.00         0.00         0.00        20.93         37.47       883.63       179.94     1,063.57        21.93     1,041.64
3894          1.00         0.00         0.00         0.00         0.00         0.00       104.13         0.00         0.00         0.00         0.00        17.93         48.27       780.28       148.74       929.02       123.06       805.96
7428          1.00         0.00         0.00         0.00         0.00         0.00         0.00         0.00         0.00        24.74         0.00        22.37          0.00     1,371.38       120.22     1,491.60        48.11     1,443.49
2897          1.00         0.00         0.00         0.00         0.00         0.00       124.60         0.00         0.00         0.00         0.00        18.30         50.19       765.70       146.36       912.06       143.90       768.16
7558          1.00         0.00         0.00         0.00         0.00         0.00         0.00         0.00         0.00         0.00         0.00        21.78         37.47       883.63       179.94     1,063.57        22.78     1,040.79
6360          1.00         0.00         0.00         0.00         0.00         0.00         0.00         0.00         0.00         0.00         0.00        21.09         38.90       861.38       159.12     1,020.50        22.09       998.41
7614          1.00         0.00         0.00         0.00         0.00         0.00         0.00         0.00         0.00         0.00         0.00        26.53          9.35     1,115.86       129.57     1,245.43        27.53     1,217.90
3318          1.00         0.00         0.00         0.00         0.00       500.52         0.00         0.00         0.00       191.06         0.00        59.93          0.00     2,183.88       313.42     2,497.30       752.51     1,744.79
7706          1.00         0.00         0.00         0.00         0.00         0.00         0.00         0.00         0.00         0.00         0.00        19.98         36.83       893.63       179.30     1,072.93        20.98     1,051.95
5139          1.00         0.00         0.00         0.00         0.00       759.20         0.00         0.00         0.00       270.04         0.00        80.08          0.00     2,638.09       293.88     2,931.97     1,110.32     1,821.65
6083          1.00         0.00         0.00         0.00         0.00         0.00         0.00         0.00         0.00        48.29         0.00        23.19          0.00     1,500.92       241.51     1,742.43        72.48     1,669.95
6766          1.00         0.00         0.00         0.00         0.00         0.00         0.00         0.00         0.00         0.00         0.00        42.86          8.47     1,129.61       170.00     1,299.61        43.86     1,255.75
4137          1.00         0.00         0.00         0.00         0.00         0.00         0.00         0.00         0.00       371.80         0.00        93.93          0.00     3,135.04       482.40     3,617.44       466.73     3,150.71
7542          1.00         0.00         0.00         0.00         0.00         0.00         0.00         0.00         0.00         0.00         0.00        21.27         29.72     1,004.88       250.06     1,254.94        22.27     1,232.67
3780          1.00         0.00         0.00         0.00         0.00         0.00         0.00         0.00         0.00        30.84         0.00        40.34          0.00     1,427.46       209.19     1,636.65        72.18     1,564.47

















































EJECUTIVOS EN SERVICIOS DE ALIMENTOS, S.A. DE C.V.                                                                      Pagina: 0003
R.F.C.:                                                                                                                    5/NOV/19
REPORTE DE SUELDOS SEMANALES DEDUCCIONES


 
Codigo Desc Vales   Desc Zapatos Otras Deducc Desc Fonacot Pension Alim Desc Infonav Faltas       Inca Enferme Inca Riesgo  ISPT         Ajus ISPT    IMSS          Sub P/Empleo Tot Per Grav Tot Per Exce Total Percep Total Deducc Neto Pagado
..........................................................................................................................................................................................................................................
7678          1.00         0.00         0.00         0.00         0.00         0.00         0.00         0.00         0.00         0.00         0.00        22.93         38.26       871.38       158.48     1,029.86        23.93     1,005.93
6205          1.00         0.00         0.00         0.00         0.00         0.00         0.00         0.00         0.00        24.74         0.00        21.32          0.00     1,371.38       120.22     1,491.60        47.06     1,444.54
5027          1.00         0.00         0.00         0.00         0.00         0.00         0.00         0.00         0.00       153.68         0.00        27.24          0.00     1,932.92       197.01     2,129.93       181.92     1,948.01
7695          1.00         0.00         0.00         0.00         0.00         0.00       124.60         0.00         0.00         0.00         0.00        20.12         45.92       843.58       264.46     1,108.04       145.72       962.32
6839          1.00         0.00         0.00         0.00         0.00         0.00         0.00         0.00         0.00        30.79         0.00        22.03          0.00     1,427.01       175.84     1,602.85        53.82     1,549.03
5646          1.00         0.00         0.00         0.00         0.00         0.00         0.00         0.00         0.00        28.37         0.00        22.08          0.00     1,404.76       153.59     1,558.35        51.45     1,506.90
7708          1.00         0.00         0.00         0.00         0.00         0.00         0.00         0.00         0.00         0.00         0.00        13.32         29.89       582.35       110.26       692.61        14.32       678.29
6978          1.00         0.00         0.00         0.00         0.00         0.00       104.13         0.00         0.00         0.00         0.00        19.66         48.27       780.28       148.74       929.02       124.79       804.23
6658          1.00         0.00         0.00         0.00         0.00       462.28         0.00         0.00         0.00         0.00         0.00        26.88          9.17     1,118.70       170.56     1,289.26       490.16       799.10
4458          1.00         0.00         0.00         0.00         0.00         0.00         0.00         0.00         0.00        72.54         0.00        41.46          0.00     1,647.76       246.04     1,893.80       115.00     1,778.80
7619          1.00         0.00         0.00         0.00         0.00         0.00         0.00         0.00         0.00         0.00         0.00        20.31         37.47       883.63       179.94     1,063.57        21.31     1,042.26
7647          1.00         0.00         0.00         0.00         0.00         0.00         0.00         0.00         0.00        24.74         0.00        20.84          0.00     1,371.38       120.22     1,491.60        46.58     1,445.02
5679          1.00         0.00         0.00         0.00         0.00         0.00       136.41         0.00         0.00         0.00         0.00        27.55         27.52     1,103.93       232.98     1,336.91       164.96     1,171.95
7530          1.00         0.00         0.00         0.00         0.00         0.00         0.00         0.00         0.00        29.70         0.00        23.26          0.00     1,417.01       175.84     1,592.85        53.96     1,538.89
7692          0.00         0.00         0.00         0.00         0.00         0.00         0.00         0.00         0.00         0.00         0.00         0.00          0.00         0.00         0.00         0.00         0.00         0.00
6028          1.00         0.00         0.00         0.00         0.00       399.30         0.00         0.00         0.00        26.46         0.00        32.38          0.00     1,387.17       289.86     1,677.03       459.14     1,217.89
6565          1.00         0.00         0.00         0.00         0.00         0.00         0.00         0.00         0.00        28.44         0.00        24.21          0.00     1,405.38       186.97     1,592.35        53.65     1,538.70
3676          1.00         0.00         0.00         0.00         0.00         0.00         0.00         0.00         0.00       139.13         0.00        34.77          0.00     1,799.26       328.59     2,127.85       174.90     1,952.95
3221          1.00         0.00         0.00         0.00         0.00         0.00         0.00         0.00         0.00        56.99         0.00        42.89          0.00     1,580.85       309.54     1,890.39       100.88     1,789.51
7269          1.00         0.00         0.00         0.00         0.00         0.00         0.00         0.00         0.00        24.74         0.00        22.60          0.00     1,371.38       120.22     1,491.60        48.34     1,443.26
2522          1.00         0.00         0.00         0.00         0.00         0.00         0.00         0.00         0.00         0.00         0.00        22.11         38.26       871.38       202.98     1,074.36        23.11     1,051.25
5506          1.00         0.00         0.00         0.00         0.00       224.80         0.00         0.00         0.00         0.00         0.00        27.26          1.94     1,190.06       266.56     1,456.62       253.06     1,203.56
0236          1.00         0.00         0.00         0.00         0.00       523.01         0.00         0.00         0.00       162.80         0.00        62.41          0.00     2,007.27       301.96     2,309.23       749.22     1,560.01
7080          1.00        48.00         0.00         0.00         0.00         0.00         0.00         0.00         0.00        62.87         0.00        37.83          0.00     1,634.91       487.59     2,122.50       149.70     1,972.80
5965          1.00         0.00         0.00         0.00         0.00         0.00         0.00         0.00         0.00         0.00         0.00        29.09          8.47     1,129.61       170.00     1,299.61        30.09     1,269.52
5447          1.00         0.00         0.00         0.00         0.00         0.00         0.00         0.00         0.00         0.00         0.00        20.95         38.90       861.38       159.12     1,020.50        21.95       998.55
6685          1.00         0.00         0.00         0.00         0.00         0.00         0.00         0.00         0.00         0.00         0.00        21.55         34.70       927.01       210.54     1,137.55        22.55     1,115.00
5549          1.00         0.00         0.00         0.00         0.00         0.00         0.00         0.00         0.00         0.00         0.00        21.23         37.55       882.51       213.39     1,095.90        22.23     1,073.67
6349          1.00         0.00         0.00         0.00         0.00         0.00         0.00         0.00         0.00        24.74         0.00        20.68          0.00     1,371.38       120.22     1,491.60        46.42     1,445.18
0854          1.00         0.00         0.00         0.00         0.00       326.19         0.00         0.00         0.00        46.84         0.00        37.23          0.00     1,487.60       220.41     1,708.01       411.26     1,296.75
7295          1.00         0.00        10.00         0.00         0.00         0.00         0.00         0.00         0.00         0.00         0.00        23.36         38.26       871.38       158.48     1,029.86        34.36       995.50
7693          1.00         0.00         0.00         0.00         0.00         0.00         0.00         0.00         0.00         0.00         0.00        22.71         38.26       871.38       158.48     1,029.86        23.71     1,006.15
6832          1.00         0.00         0.00         0.00         0.00         0.00         0.00         0.00         0.00         0.00         0.00        21.01         38.26       871.38       158.48     1,029.86        22.01     1,007.85
7687          1.00         0.00         0.00         0.00         0.00       352.63         0.00         0.00         0.00         0.00         0.00        23.16         38.26       871.38       202.98     1,074.36       376.79       697.57
4807          1.00         0.00         0.00         0.00         0.00         0.00         0.00         0.00         0.00       510.35         0.00       130.06          0.00     3,783.66       564.20     4,347.86       641.41     3,706.45
6821          1.00         0.00         0.00         0.00         0.00         0.00       326.45         0.00         0.00         0.00         0.00        23.05         40.74       991.36       202.85     1,194.21       350.50       843.71
7705          1.00         0.00         0.00         0.00         0.00         0.00         0.00         0.00         0.00         0.00         0.00        19.90         38.26       871.38       158.48     1,029.86        20.90     1,008.96
3169          1.00         0.00         0.00         0.00         0.00         0.00         0.00         0.00         0.00        25.95         0.00        22.34          0.00     1,382.51       185.01     1,567.52        49.29     1,518.23
7686          1.00         0.00         0.00         0.00         0.00         0.00         0.00         0.00         0.00         0.00         0.00        20.83         38.26       871.38       158.48     1,029.86        21.83     1,008.03
5902          0.00         0.00         0.00         0.00         0.00         0.00         0.00         0.00         0.00         0.00         0.00         0.00          0.00         0.00         0.00         0.00         0.00         0.00
4514          1.00         0.00         0.00         0.00         0.00       406.84         0.00         0.00         0.00         1.38         0.00        38.49          0.00     1,220.68       176.10     1,396.78       447.71       949.07
7104          1.00         0.00         0.00         0.00         0.00         0.00       124.60         0.00         0.00         0.00         0.00        18.23         50.19       765.70       146.36       912.06       143.83       768.23
6014          1.00         0.00         0.00         0.00         0.00         0.00         0.00         0.00         0.00         0.00         0.00        27.66          0.59     1,202.48       234.98     1,437.46        28.66     1,408.80

















































EJECUTIVOS EN SERVICIOS DE ALIMENTOS, S.A. DE C.V.                                                                      Pagina: 0004
R.F.C.:                                                                                                                    5/NOV/19
REPORTE DE SUELDOS SEMANALES DEDUCCIONES


 
Codigo Desc Vales   Desc Zapatos Otras Deducc Desc Fonacot Pension Alim Desc Infonav Faltas       Inca Enferme Inca Riesgo  ISPT         Ajus ISPT    IMSS          Sub P/Empleo Tot Per Grav Tot Per Exce Total Percep Total Deducc Neto Pagado
..........................................................................................................................................................................................................................................
7551          1.00         0.00         0.00         0.00         0.00         0.00         0.00         0.00         0.00         0.00         0.00        20.78         38.26       871.38       158.48     1,029.86        21.78     1,008.08
6985          1.00         0.00         0.00         0.00         0.00         0.00         0.00         0.00         0.00       245.39         0.00        72.11          0.00     2,500.56       507.78     3,008.34       318.50     2,689.84
3827          1.00         0.00         0.00         0.00         0.00         0.00         0.00         0.00         0.00         0.00         0.00        25.59         31.39       978.67       235.22     1,213.89        26.59     1,187.30
5412          1.00         0.00         0.00         0.00         0.00         0.00         0.00         0.00         0.00         0.00         0.00        20.82         38.90       861.38       159.12     1,020.50        21.82       998.68
4504          1.00         0.00         0.00         0.00         0.00         0.00         0.00         0.00         0.00       453.83         0.00        63.17          0.00     3,519.03       699.15     4,218.18       518.00     3,700.18
7395          1.00         0.00         0.00         0.00         0.00         0.00         0.00         0.00         0.00         0.00         0.00        22.74         33.99       938.13       265.46     1,203.59        23.74     1,179.85
0214          1.00         0.00         0.00         0.00         0.00         0.00         0.00         0.00         0.00       510.35         0.00       112.73          0.00     3,783.66       564.20     4,347.86       624.08     3,723.78
7376          1.00         0.00         0.00         0.00         0.00         0.00       104.13         0.00         0.00         0.00         0.00        20.28          2.96     1,280.28       103.43     1,383.71       125.41     1,258.30
3217          1.00         0.00         0.00         0.00         0.00         0.00         0.00         0.00         0.00         1.38         0.00        33.55          0.00     1,220.68       234.39     1,455.07        35.93     1,419.14
7212          1.00         0.00         0.00         0.00         0.00       357.68         0.00         0.00         0.00        29.58         0.00        22.30          0.00     1,415.88       120.22     1,536.10       410.56     1,125.54
6321          1.00         0.00         0.00         0.00         0.00         0.00         0.00         0.00         0.00         0.00         0.00        22.89         34.24       934.17       164.50     1,098.67        23.89     1,074.78
5232          1.00         0.00         0.00         0.00         0.00         0.00         0.00         0.00         0.00        53.43         0.00        28.24          0.00     1,548.11       154.19     1,702.30        82.67     1,619.63
4958          1.00         0.00        10.00         0.00         0.00         0.00         0.00         0.00         0.00         0.00         0.00        21.23         38.26       871.38       158.48     1,029.86        32.23       997.63
7675          1.00         0.00         0.00         0.00         0.00         0.00         0.00         0.00         0.00         0.00         0.00        20.61         38.26       871.38       202.98     1,074.36        21.61     1,052.75
3979          1.00         0.00         0.00         0.00         0.00         0.00         0.00         0.00         0.00       420.97         0.00       125.37          0.00     3,365.20       519.23     3,884.43       547.34     3,337.09
0442          1.00         0.00         0.00         0.00         0.00         0.00         0.00         0.00         0.00        46.67         0.00        34.90          0.00     1,486.03       311.45     1,797.48        82.57     1,714.91
7699          1.00         0.00         0.00         0.00         0.00         0.00         0.00         0.00         0.00         0.00         0.00        24.05         38.26       871.38       202.98     1,074.36        25.05     1,049.31
7330          0.00         0.00         0.00         0.00         0.00         0.00         0.00         0.00         0.00         0.00         0.00         0.00          0.00         0.00         0.00         0.00         0.00         0.00
7243          1.00         0.00         0.00         0.00         0.00         0.00         0.00         0.00         0.00         0.00         0.00        20.42         38.19       872.51       196.36     1,068.87        21.42     1,047.45
7397          1.00         0.00         0.00         0.00         0.00         0.00         0.00         0.00         0.00         0.00         0.00        21.20         38.26       871.38       158.48     1,029.86        22.20     1,007.66
7679          0.00         0.00         0.00         0.00         0.00         0.00         0.00         0.00         0.00         0.00         0.00         0.00          0.00         0.00         0.00         0.00         0.00         0.00
7421          1.00         0.00         0.00         0.00         0.00         0.00         0.00         0.00         0.00         0.00         0.00        23.25         32.56       960.38       208.40     1,168.78        24.25     1,144.53
7595          1.00         0.00         0.00         0.00         0.00         0.00         0.00         0.00         0.00         0.00         0.00        23.51         38.26       871.38       158.48     1,029.86        24.51     1,005.35
7298          1.00         0.00         0.00         0.00         0.00         0.00         0.00         0.00         0.00        45.99         0.00        36.14          0.00     1,479.76       219.16     1,698.92        83.13     1,615.79
5396          1.00         0.00         0.00         0.00         0.00         0.00         0.00       104.13         0.00         0.00         0.00        20.36         48.27       780.28       148.74       929.02       125.49       803.53
5704          1.00         0.00         0.00         0.00         0.00         0.00         0.00         0.00         0.00        21.66         0.00        34.86          0.00     1,343.12       197.29     1,540.41        57.52     1,482.89
7503          1.00         0.00         0.00         0.00         0.00         0.00         0.00         0.00         0.00         0.00         0.00        21.74         38.26       871.38       202.98     1,074.36        22.74     1,051.62
7190          1.00         0.00         0.00         0.00         0.00         0.00         0.00         0.00         0.00        28.37         0.00        21.63          0.00     1,404.76       153.59     1,558.35        51.00     1,507.35
7642          1.00         0.00         0.00         0.00         0.00         0.00         0.00         0.00         0.00         0.00         0.00        23.34         38.26       871.38       158.48     1,029.86        24.34     1,005.52
7588          1.00         0.00         0.00         0.00         0.00         0.00         0.00         0.00         0.00         0.00         0.00        22.89         38.26       871.38       158.48     1,029.86        23.89     1,005.97
5588          1.00         0.00         0.00         0.00         0.00         0.00         0.00         0.00         0.00         0.00         0.00        21.23         36.12       904.76       189.71     1,094.47        22.23     1,072.24
6203          1.00         0.00         0.00         0.00         0.00         0.00         0.00         0.00         0.00         0.00         0.00        21.66         38.26       871.38       202.98     1,074.36        22.66     1,051.70
6582          1.00         0.00         0.00         0.00         0.00         0.00       124.60         0.00         0.00         0.00         0.00        18.63         50.19       765.70       146.36       912.06       144.23       767.83
7667          1.00         0.00         0.00         0.00         0.00         0.00       104.13         0.00         0.00         0.00         0.00        18.42         44.61       847.04       256.32     1,103.36       123.55       979.81
7691          1.00         0.00         0.00         0.00         0.00         0.00         0.00         0.00         0.00         0.00         0.00        20.46         37.90       876.94       208.18     1,085.12        21.46     1,063.66
7226          1.00         0.00         0.00         0.00         0.00         0.00         0.00         0.00         0.00        48.72         0.00        22.27          0.00     1,504.88       153.59     1,658.47        71.99     1,586.48
7664          1.00         0.00         0.00         0.00         0.00         0.00         0.00         0.00         0.00         0.00         0.00        20.31         38.26       871.38       158.48     1,029.86        21.31     1,008.55
3326          1.00         0.00         0.00         0.00         0.00         0.00         0.00         0.00         0.00        60.77         0.00        42.12          0.00     1,615.60       350.29     1,965.89       103.89     1,862.00
0449          1.00         0.00       350.00         0.00         0.00       389.82         0.00         0.00         0.00       152.62         0.00        33.95          0.00     1,923.19       223.42     2,146.61       927.39     1,219.22
7709          1.00         0.00         0.00         0.00         0.00         0.00         0.00         0.00         0.00         0.00         0.00         7.99         24.04       291.17        64.22       355.39         8.99       346.40
7707          1.00         0.00         0.00         0.00         0.00         0.00         0.00         0.00         0.00         0.00         0.00        18.65         38.90       861.38       159.12     1,020.50        19.65     1,000.85
6934          1.00         0.00         0.00         0.00         0.00         0.00         0.00         0.00         0.00       342.84         0.00        84.50          0.00     2,999.45       460.71     3,460.16       428.34     3,031.82
7137          1.00         0.00         0.00         0.00         0.00         0.00         0.00         0.00         0.00        49.60         0.00        36.47          0.00     1,512.90       195.11     1,708.01        87.07     1,620.94

















































EJECUTIVOS EN SERVICIOS DE ALIMENTOS, S.A. DE C.V.                                                                      Pagina: 0005
R.F.C.:                                                                                                                    5/NOV/19
REPORTE DE SUELDOS SEMANALES DEDUCCIONES


 
Codigo Desc Vales   Desc Zapatos Otras Deducc Desc Fonacot Pension Alim Desc Infonav Faltas       Inca Enferme Inca Riesgo  ISPT         Ajus ISPT    IMSS          Sub P/Empleo Tot Per Grav Tot Per Exce Total Percep Total Deducc Neto Pagado
..........................................................................................................................................................................................................................................
6682          1.00         0.00         0.00         0.00         0.00         0.00       124.60         0.00         0.00         0.00         0.00        18.01         50.19       765.70       173.19       938.89       143.61       795.28
1269          1.00         0.00         0.00         0.00         0.00         0.00         0.00         0.00         0.00         0.00         0.00        20.54         38.90       861.38       159.12     1,020.50        21.54       998.96
6918          1.00         0.00         0.00         0.00         0.00         0.00         0.00         0.00         0.00         0.00         0.00        22.69          5.14     1,160.63       358.98     1,519.61        23.69     1,495.92
1419          1.00         0.00         0.00         0.00         0.00       268.68         0.00         0.00         0.00        22.71         0.00        40.48          0.00     1,352.70       236.73     1,589.43       332.87     1,256.56
7545          1.00        48.00         0.00         0.00         0.00         0.00         0.00         0.00         0.00        59.46         0.00        38.08          0.00     1,603.55       409.19     2,012.74       146.54     1,866.20
5905          1.00         0.00         0.00         0.00         0.00         0.00         0.00         0.00         0.00        52.64         0.00        33.87          0.00     1,540.83       443.77     1,984.60        87.51     1,897.09
7638          1.00         0.00         0.00         0.00         0.00         0.00         0.00         0.00         0.00         0.00         0.00        19.84         38.90       861.38       159.12     1,020.50        20.84       999.66
3525          1.00         0.00         0.00         0.00         0.00         0.00         0.00         0.00         0.00        54.41         0.00        33.02          0.00     1,557.12       271.91     1,829.03        88.43     1,740.60
2451          1.00         0.00         0.00         0.00         0.00         0.00       104.13         0.00         0.00         0.00         0.00        18.92          2.96     1,280.28       103.43     1,383.71       124.05     1,259.66
6885          1.00         0.00         0.00         0.00         0.00         0.00         0.00         0.00         0.00         0.00         0.00        22.69         32.56       960.38       286.28     1,246.66        23.69     1,222.97
7231          1.00         0.00         0.00         0.00         0.00         0.00         0.00         0.00         0.00         0.00         0.00        21.62         38.26       871.38       158.48     1,029.86        22.62     1,007.24
4775          1.00         0.00         0.00         0.00         0.00         0.00         0.00         0.00         0.00        28.37         0.00        22.14          0.00     1,404.76       153.59     1,558.35        51.51     1,506.84
7528          1.00         0.00         0.00         0.00         0.00         0.00         0.00         0.00         0.00         0.00         0.00        21.89         32.56       960.38       286.28     1,246.66        22.89     1,223.77
7658          1.00         0.00         0.00         0.00         0.00         0.00         0.00       312.39         0.00         0.00         0.00        11.61         42.15       717.37       102.43       819.80       325.00       494.80
5671          0.00         0.00         0.00         0.00         0.00         0.00         0.00         0.00         0.00         0.00         0.00         0.00          0.00         0.00         0.00         0.00         0.00         0.00
7703          0.00         0.00         0.00         0.00         0.00         0.00         0.00         0.00         0.00         0.00         0.00         0.00          0.00         0.00         0.00         0.00         0.00         0.00
4832          1.00         0.00         0.00         0.00         0.00         0.00         0.00         0.00         0.00        45.09         0.00        21.76          0.00     1,471.51       220.34     1,691.85        67.85     1,624.00
6567          1.00         0.00         0.00         0.00         0.00         0.00         0.00         0.00         0.00         0.00         0.00        20.14         37.47       883.63       179.94     1,063.57        21.14     1,042.43
3321          1.00         0.00         0.00         0.00         0.00         0.00         0.00         0.00         0.00       168.03         0.00        57.75          0.00     2,039.91       388.45     2,428.36       226.78     2,201.58
2112          1.00         0.00         0.00         0.00         0.00         0.00         0.00         0.00         0.00        24.74         0.00        21.12          0.00     1,371.38       120.22     1,491.60        46.86     1,444.74
0624          1.00         0.00         0.00         0.00         0.00         0.00         0.00         0.00         0.00       152.40         0.00        52.91          0.00     1,921.18       289.78     2,210.96       206.31     2,004.65
6877          1.00         0.00         0.00       150.28         0.00         0.00         0.00         0.00         0.00         0.00         0.00        26.87          9.99     1,105.86       130.21     1,236.07       178.15     1,057.92
4385          1.00         0.00         0.00         0.00         0.00         0.00         0.00         0.00         0.00         0.00         0.00        29.22          3.22     1,178.33       172.55     1,350.88        30.22     1,320.66
7378          1.00         0.00         0.00         0.00         0.00         0.00         0.00         0.00         0.00         0.00         0.00        20.88         36.05       905.88       200.77     1,106.65        21.88     1,084.77
0366          1.00         0.00         0.00         0.00         0.00         0.00         0.00         0.00         0.00       358.83         0.00        88.25          0.00     3,074.30       543.09     3,617.39       448.08     3,169.31
6206          1.00         0.00         0.00         0.00         0.00         0.00         0.00         0.00         0.00        25.39         0.00        29.12          0.00     1,377.36       278.12     1,655.48        55.51     1,599.97
7618          1.00         0.00         0.00         0.00         0.00         0.00         0.00         0.00         0.00         0.00         0.00        20.51         37.83       878.07       174.73     1,052.80        21.51     1,031.29
 
*** GLO     192.00        96.00       570.00       150.28         0.00     7,199.66     2,455.92       728.91         0.00     8,465.28         0.00     5,699.62      3,958.66   241,886.55                283,888.17    25,557.67   258,330.50
  






























































