EJECUTIVOS EN SERVICIOS DE ALIMENTOS, S.A. DE C.V.                                                                      Pagina: 0001
R.F.C.:                                                                                                                    5/NOV/19
REPORTE DE SUELDOS SEMANALES DEDUCCIONES


 
Codigo Desc Vales   Desc Zapatos Otras Deducc Desc Fonacot Pension Alim Desc Infonav Faltas       Inca Enferme Inca Riesgo  ISPT         Ajus ISPT    IMSS          Sub P/Empleo Tot Per Grav Tot Per Exce Total Percep Total Deducc Neto Pagado
..........................................................................................................................................................................................................................................
7505          1.00         0.00         0.00         0.00         0.00         0.00       104.13         0.00         0.00         0.00         0.00        21.39         48.56       780.28       149.03       929.31       126.52       802.79
7652          0.00         0.00         0.00         0.00         0.00         0.00       104.13         0.00         0.00         0.00         0.00        17.93         42.69       880.75        42.69       923.44       122.06       801.38
6600          1.00         0.00         0.00         0.00         0.00         0.00         0.00         0.00         0.00         0.00         0.00        21.87         34.80       928.13       221.77     1,149.90        22.87     1,127.03
5933          1.00         0.00         0.00         0.00         0.00         0.00         0.00         0.00         0.00         0.00         0.00        22.53         27.48       938.13       181.07     1,119.20        23.53     1,095.67
7170          1.00         0.00         0.00         0.00         0.00         0.00         0.00         0.00         0.00         0.00         0.00        25.19         31.76       871.38       151.98     1,023.36        26.19       997.17
5618          1.00         0.00         0.00         0.00         0.00         0.00       373.80         0.00         0.00         0.00         0.00        15.72        102.44       716.60       172.77       889.37       390.52       498.85
3890          1.00         0.00         0.00         0.00         0.00         0.00         0.00         0.00         0.00       178.36         0.00        55.00          0.00     2,104.51       319.12     2,423.63       234.36     2,189.27
3652          1.00         0.00         0.00         0.00         0.00       383.82         0.00         0.00         0.00       151.40         0.00        50.17          0.00     1,935.94       290.55     2,226.49       586.39     1,640.10
2530          1.00         0.00         0.00         0.00         0.00       144.63       124.60         0.00         0.00         0.00         0.00        17.75         56.09       765.70       152.26       917.96       287.98       629.98
7668          1.00         0.00         0.00         0.00         0.00         0.00         0.00         0.00         0.00         1.77         0.00        27.41          0.00     1,224.25       176.68     1,400.93        30.18     1,370.75
1123          1.00         0.00         0.00         0.00         0.00         0.00         0.00         0.00         0.00        16.09         0.00        31.65          0.00     1,291.87       187.49     1,479.36        48.74     1,430.62
7593          1.00         0.00         0.00         0.00         0.00         0.00         0.00         0.00         0.00         0.00         0.00        22.29         57.51       871.38       222.23     1,093.61        23.29     1,070.32
7669          1.00         0.00         0.00         0.00         0.00         0.00         0.00         0.00         0.00         0.00         0.00        25.25          7.69     1,137.24       170.44     1,307.68        26.25     1,281.43
7259          1.00         0.00         0.00         0.00         0.00         0.00         0.00         0.00         0.00         0.00         0.00        22.71         38.27       871.38       158.49     1,029.87        23.71     1,006.16
7312          1.00         0.00         0.00         0.00         0.00         0.00         0.00         0.00         0.00         0.00         0.00        22.79         38.26       871.38       158.48     1,029.86        23.79     1,006.07
7338          1.00         0.00         0.00         0.00         0.00         0.00         0.00         0.00         0.00         0.00         0.00        22.55         38.27       871.38       158.49     1,029.87        23.55     1,006.32
7600          1.00         0.00         0.00         0.00         0.00         0.00         0.00         0.00         0.00         0.00         0.00        21.82         48.05       933.69       240.58     1,174.27        22.82     1,151.45
5677          1.00         0.00         0.00         0.00         0.00         0.00         0.00         0.00         0.00         0.00         0.00        27.58          8.78     1,127.24       171.53     1,298.77        28.58     1,270.19
4008          1.00         0.00         0.00         0.00         0.00         0.00         0.00         0.00         0.00       162.81         0.00        47.32          0.00     2,007.27       301.96     2,309.23       211.13     2,098.10
6210          1.00         0.00         0.00         0.00         0.00         0.00         0.00         0.00         0.00         0.87         0.00        25.30          0.00     1,215.94       214.78     1,430.72        27.17     1,403.55
0849          1.00         0.00         0.00         0.00         0.00         0.00         0.00         0.00         0.00         0.00         0.00        25.95         25.22       976.11       163.79     1,139.90        26.95     1,112.95
7536          1.00         0.00         0.00         0.00         0.00         0.00         0.00         0.00         0.00         0.00         0.00        23.35         28.22     1,028.26       248.56     1,276.82        24.35     1,252.47
7430          1.00         0.00         0.00         0.00         0.00         0.00         0.00         0.00         0.00       150.32         0.00        40.87          0.00     1,929.20       605.43     2,534.63       192.19     2,342.44
5181          1.00         0.00         0.00         0.00         0.00         0.00         0.00         0.00         0.00         0.00         0.00        22.74         38.26       871.38       158.48     1,029.86        23.74     1,006.12
7655          1.00         0.00         0.00         0.00         0.00         0.00         0.00         0.00         0.00         0.00         0.00        19.48         43.85       889.19       191.88     1,081.07        20.48     1,060.59
7057          1.00         0.00         0.00         0.00         0.00         0.00         0.00         0.00         0.00         0.00         0.00        23.63         58.60       861.38       178.82     1,040.20        24.63     1,015.57
5558          1.00         0.00         0.00         0.00         0.00         0.00         0.00         0.00         0.00         0.00         0.00        23.56         31.78       972.63       218.75     1,191.38        24.56     1,166.82
4746          1.00         0.00         0.00         0.00         0.00       337.44         0.00         0.00         0.00         2.81         0.00        29.99          0.00     1,236.79       180.28     1,417.07       371.24     1,045.83
7643          1.00         0.00         0.00         0.00         0.00         0.00         0.00         0.00         0.00         0.00         0.00        20.64         38.90       861.38       159.12     1,020.50        21.64       998.86
7573          1.00         0.00         0.00         0.00         0.00         0.00         0.00         0.00         0.00         0.00         0.00        25.81         37.49       883.63       179.96     1,063.59        26.81     1,036.78
7663          1.00         0.00         0.00         0.00         0.00         0.00         0.00         0.00         0.00         0.00         0.00        18.65         32.32       905.88       197.04     1,102.92        19.65     1,083.27
7407          1.00         0.00         0.00         0.00         0.00         0.00         0.00         0.00         0.00         0.00         0.00        26.34         53.05       871.38       217.77     1,089.15        27.34     1,061.81
1424          1.00         0.00       250.00         0.00         0.00       457.22         0.00         0.00         0.00       334.49         0.00        80.82          0.00     2,960.33       689.95     3,650.28     1,123.53     2,526.75
5280          1.00         0.00         0.00       316.08         0.00       439.54         0.00         0.00         0.00       152.33         0.00        48.39          0.00     1,920.48       289.67     2,210.15       957.34     1,252.81
7671          1.00         0.00         0.00         0.00         0.00         0.00         0.00         0.00         0.00         0.00         0.00        10.66         34.47       350.55        82.55       433.10        11.66       421.44
6461          1.00         0.00         0.00         0.00         0.00         0.00         0.00         0.00         0.00        40.57         0.00        28.51          0.00     1,429.88       346.80     1,776.68        70.08     1,706.60
6765          1.00         0.00         0.00         0.00         0.00         0.00         0.00         0.00         0.00         0.00         0.00        37.52        117.58     1,281.87       305.07     1,586.94        38.52     1,548.42
7674          1.00         0.00         0.00         0.00         0.00         0.00         0.00         0.00         0.00         0.00         0.00        10.66         34.47       350.55        82.55       433.10        11.66       421.44
7012          1.00         0.00         0.00         0.00         0.00         0.00         0.00         0.00         0.00         0.00         0.00        23.99         37.97       871.38       238.69     1,110.07        24.99     1,085.08
6657          1.00         0.00         0.00         0.00         0.00         0.00         0.00         0.00         0.00         0.00         0.00        18.65         37.55       882.51       213.39     1,095.90        19.65     1,076.25
5000          1.00         0.00         0.00         0.00         0.00         0.00         0.00         0.00         0.00         2.58         0.00        27.47          0.00     1,231.63       263.54     1,495.17        31.05     1,464.12
7586          1.00         0.00         0.00         0.00         0.00         0.00         0.00         0.00         0.00         0.00         0.00        24.20         57.51       871.38       177.73     1,049.11        25.20     1,023.91
7649          1.00         0.00         0.00         0.00         0.00         0.00       124.60         0.00         0.00         0.00         0.00        18.23         47.15       765.70       143.32       909.02       143.83       765.19

















































EJECUTIVOS EN SERVICIOS DE ALIMENTOS, S.A. DE C.V.                                                                      Pagina: 0002
R.F.C.:                                                                                                                    5/NOV/19
REPORTE DE SUELDOS SEMANALES DEDUCCIONES


 
Codigo Desc Vales   Desc Zapatos Otras Deducc Desc Fonacot Pension Alim Desc Infonav Faltas       Inca Enferme Inca Riesgo  ISPT         Ajus ISPT    IMSS          Sub P/Empleo Tot Per Grav Tot Per Exce Total Percep Total Deducc Neto Pagado
..........................................................................................................................................................................................................................................
5644          1.00         0.00         0.00         0.00         0.00       331.25         0.00         0.00         0.00        10.97         0.00        28.72          0.00     1,244.82       275.63     1,520.45       371.94     1,148.51
7519          1.00         0.00         0.00         0.00         0.00         0.00         0.00         0.00         0.00        42.05         0.00        25.17          0.00     1,472.13       220.34     1,692.47        68.22     1,624.25
6638          1.00         0.00         0.00         0.00         0.00         0.00         0.00       249.20         0.00         0.00         0.00        13.32         51.26       854.53       123.39       977.92       263.52       714.40
6690          1.00         0.00         0.00         0.00         0.00         0.00         0.00         0.00         0.00         0.00         0.00        23.80         26.56     1,061.63       213.53     1,275.16        24.80     1,250.36
7168          1.00         0.00         0.00         0.00         0.00         0.00       104.13         0.00         0.00         0.00         0.00        21.54         53.16       780.28       198.13       978.41       126.67       851.74
7666          1.00         0.00         0.00         0.00         0.00         0.00       208.26         0.00         0.00         0.00         0.00        14.72         47.92       748.83       128.29       877.12       223.98       653.14
6958          1.00         0.00         0.00         0.00         0.00         0.00         0.00         0.00         0.00         0.00         0.00        26.37          8.73     1,125.72       128.95     1,254.67        27.37     1,227.30
4314          1.00         0.00         0.00         0.00         0.00         0.00         0.00         0.00         0.00       130.44         0.00        42.89          0.00     1,719.29       255.88     1,975.17       174.33     1,800.84
7485          1.00         0.00         0.00         0.00         0.00         0.00         0.00         0.00         0.00         0.00         0.00        25.28         24.02     1,093.88       377.86     1,471.74        26.28     1,445.46
7676          1.00         0.00         0.00         0.00         0.00         0.00         0.00         0.00         0.00         0.00         0.00         7.99         24.04       291.17        64.22       355.39         8.99       346.40
7632          1.00         0.00         0.00         0.00         0.00         0.00         0.00         0.00         0.00         0.00         0.00        20.80         38.26       871.38       158.48     1,029.86        21.80     1,008.06
4287          1.00         0.00       200.00         0.00         0.00         0.00         0.00         0.00         0.00        15.50         0.00        30.87          0.00     1,286.40       155.32     1,441.72       247.37     1,194.35
6427          1.00         0.00         0.00         0.00         0.00         0.00         0.00         0.00         0.00         0.00         0.00        21.92         34.89       924.17       165.15     1,089.32        22.92     1,066.40
7673          1.00         0.00         0.00         0.00         0.00         0.00         0.00         0.00         0.00         0.00         0.00        10.66         34.47       350.55        82.55       433.10        11.66       421.44
6504          1.00         0.00         0.00         0.00         0.00         0.00         0.00         0.00         0.00         0.00         0.00        21.44         57.75       871.38       177.97     1,049.35        22.44     1,026.91
5745          1.00         0.00         0.00         0.00         0.00         0.00         0.00         0.00         0.00         0.00         0.00        20.59         38.26       871.38       158.48     1,029.86        21.59     1,008.27
7617          1.00         0.00         0.00         0.00         0.00         0.00         0.00         0.00         0.00        72.85         0.00        29.42          0.00     1,726.59       220.34     1,946.93       103.27     1,843.66
7604          1.00         0.00         0.00         0.00         0.00         0.00         0.00         0.00         0.00         0.00         0.00        20.56         38.34       871.38       158.56     1,029.94        21.56     1,008.38
7660          1.00         0.00         0.00         0.00         0.00         0.00       104.13         0.00         0.00         0.00         0.00        16.69         51.47       780.28       151.94       932.22       121.82       810.40
6849          1.00         0.00         0.00         0.00         0.00         0.00       312.39         0.00         0.00         0.00         0.00        16.98         68.92       717.37       129.20       846.57       330.37       516.20
7061          1.00         0.00         0.00         0.00         0.00         0.00         0.00         0.00         0.00        13.92         0.00        28.89          0.00     1,271.88       220.34     1,492.22        43.81     1,448.41
0881          1.00         0.00         0.00         0.00         0.00         0.00         0.00         0.00         0.00         0.00         0.00        20.04         38.91       861.38       159.13     1,020.51        21.04       999.47
7634          1.00         0.00         0.00         0.00         0.00         0.00         0.00         0.00         0.00        41.35         0.00        35.15          0.00     1,437.05       210.72     1,647.77        77.50     1,570.27
7627          1.00         0.00         0.00         0.00         0.00         0.00       104.13         0.00         0.00         0.00         0.00        21.45         48.53       780.28       193.50       973.78       126.58       847.20
7633          1.00         0.00         0.00         0.00         0.00         0.00       124.60         0.00         0.00         0.00         0.00        17.72         60.11       765.70       156.28       921.98       143.32       778.66
7650          0.00         0.00         0.00         0.00         0.00         0.00         0.00         0.00         0.00         0.00         0.00         0.00          0.00         0.00         0.00         0.00         0.00         0.00
7428          1.00         0.00        10.00         0.00         0.00         0.00         0.00         0.00         0.00         0.00         0.00        22.53         31.04       882.51       162.38     1,044.89        33.53     1,011.36
7661          1.00         0.00         0.00         0.00         0.00         0.00         0.00         0.00         0.00         0.00         0.00        18.65         38.26       871.38       158.48     1,029.86        19.65     1,010.21
7670          1.00         0.00         0.00         0.00         0.00         0.00       104.13         0.00         0.00         0.00         0.00        11.36         36.11       510.89        96.39       607.28       116.49       490.79
2897          1.00         0.00         0.00         0.00         0.00         0.00         0.00         0.00         0.00         0.00         0.00        19.86         38.91       861.38       159.13     1,020.51        20.86       999.65
7558          1.00         0.00         0.00         0.00         0.00         0.00         0.00         0.00         0.00         0.00         0.00        23.47         38.91       861.38       159.13     1,020.51        24.47       996.04
6360          1.00         0.00         0.00         0.00         0.00         0.00         0.00         0.00         0.00         0.00         0.00        20.12         38.19       872.51       169.53     1,042.04        21.12     1,020.92
7614          1.00         0.00         0.00         0.00         0.00         0.00         0.00         0.00         0.00        62.98         0.00        22.54          0.00     1,624.82       120.22     1,745.04        86.52     1,658.52
3318          1.00         0.00         0.00         0.00         0.00       500.52         0.00         0.00         0.00       191.07         0.00        57.96          0.00     2,183.88       313.42     2,497.30       750.55     1,746.75
5139          1.00         0.00         0.00         0.00         0.00       759.20         0.00         0.00         0.00       270.05         0.00        68.92          0.00     2,638.09       293.88     2,931.97     1,099.17     1,832.80
6083          1.00         0.00         0.00         0.00         0.00         0.00         0.00         0.00         0.00         0.00         0.00        25.22         34.25       934.17       209.01     1,143.18        26.22     1,116.96
7616          1.00         0.00         0.00         0.00         0.00         0.00         0.00         0.00         0.00         0.00         0.00        24.02         44.53       871.38       209.25     1,080.63        25.02     1,055.61
6766          1.00         0.00         0.00         0.00         0.00         0.00         0.00         0.00         0.00       113.32         0.00        42.02          0.00     1,697.98       292.69     1,990.67       156.34     1,834.33
4137          1.00         0.00         0.00         0.00         0.00         0.00         0.00         0.00         0.00       371.81         0.00        91.50          0.00     3,135.04       482.40     3,617.44       464.31     3,153.13
7542          1.00         0.00         0.00         0.00         0.00         0.00         0.00         0.00         0.00         0.00         0.00        25.17         44.69       871.38       164.91     1,036.29        26.17     1,010.12
3780          1.00         0.00         0.00         0.00         0.00         0.00         0.00         0.00         0.00        85.85         0.00        34.90          0.00     1,427.46       271.90     1,699.36       121.75     1,577.61
6205          1.00         0.00         0.00         0.00         0.00         0.00         0.00         0.00         0.00         0.00         0.00        24.77         38.26       871.38       158.48     1,029.86        25.77     1,004.09
5027          1.00         0.00         0.00         0.00         0.00         0.00         0.00         0.00         0.00         0.00         0.00        30.31          6.29     1,150.17       136.55     1,286.72        31.31     1,255.41

















































EJECUTIVOS EN SERVICIOS DE ALIMENTOS, S.A. DE C.V.                                                                      Pagina: 0003
R.F.C.:                                                                                                                    5/NOV/19
REPORTE DE SUELDOS SEMANALES DEDUCCIONES


 
Codigo Desc Vales   Desc Zapatos Otras Deducc Desc Fonacot Pension Alim Desc Infonav Faltas       Inca Enferme Inca Riesgo  ISPT         Ajus ISPT    IMSS          Sub P/Empleo Tot Per Grav Tot Per Exce Total Percep Total Deducc Neto Pagado
..........................................................................................................................................................................................................................................
7245          0.00         0.00         0.00         0.00         0.00         0.00         0.00         0.00         0.00         0.00         0.00         0.00          0.00         0.00         0.00         0.00         0.00         0.00
6839          1.00         0.00         0.00         0.00         0.00         0.00         0.00         0.00         0.00         0.00         0.00        21.44         48.48       927.01       224.32     1,151.33        22.44     1,128.89
5646          1.00         0.00         0.00         0.00         0.00         0.00         0.00         0.00         0.00         0.00         0.00        22.71         31.76       871.38       151.98     1,023.36        23.71       999.65
6978          1.00         0.00         0.00         0.00         0.00         0.00         0.00         0.00         0.00         0.00         0.00        23.45         57.75       871.38       177.97     1,049.35        24.45     1,024.90
6658          1.00         0.00         0.00         0.00         0.00       462.28         0.00         0.00         0.00         0.00         0.00        29.63          4.35     1,118.70       165.74     1,284.44       492.91       791.53
4458          1.00         0.00         0.00         0.00         0.00         0.00         0.00         0.00         0.00         0.00         0.00        40.94         77.78     1,647.76       323.82     1,971.58        41.94     1,929.64
7619          1.00         0.00         0.00         0.00         0.00         0.00         0.00         0.00         0.00         0.00         0.00        22.30         30.17       894.76       183.76     1,078.52        23.30     1,055.22
7647          1.00         0.00         0.00         0.00         0.00         0.00         0.00         0.00         0.00         0.00         0.00        20.05         38.26       871.38       158.48     1,029.86        21.05     1,008.81
6791          1.00         0.00         0.00         0.00         0.00         0.00         0.00         0.00         0.00         0.00         0.00        20.21         32.82       956.42       229.83     1,186.25        21.21     1,165.04
7574          0.00         0.00         0.00         0.00         0.00         0.00         0.00         0.00         0.00         0.00         0.00         0.00          0.00         0.00         0.00         0.00         0.00         0.00
5679          1.00         0.00         0.00         0.00         0.00         0.00       136.41         0.00         0.00         0.00         0.00        27.88         25.35     1,103.93       230.81     1,334.74       165.29     1,169.45
7601          1.00         0.00         0.00         0.00         0.00         0.00         0.00         0.00         0.00         0.00         0.00        22.58         28.61     1,028.26       248.95     1,277.21        23.58     1,253.63
7530          1.00         0.00         0.00         0.00         0.00         0.00       124.60         0.00         0.00         0.00         0.00        20.56         67.22       776.83       174.51       951.34       146.16       805.18
6028          1.00         0.00         0.00         0.00         0.00       399.30         0.00         0.00         0.00        28.78         0.00        27.96          0.00     1,408.52       289.86     1,698.38       457.04     1,241.34
6565          1.00         0.00         0.00         0.00         0.00         0.00       208.26         0.00         0.00         0.00         0.00        19.34         69.18       748.83       149.55       898.38       228.60       669.78
3676          1.00         0.00         0.00         0.00         0.00         0.00         0.00         0.00         0.00        44.93         0.00        33.81          0.00     1,470.01       328.59     1,798.60        79.74     1,718.86
7269          1.00         0.00         0.00         0.00         0.00         0.00         0.00         0.00         0.00         0.00         0.00        21.42         57.76       871.38       177.98     1,049.36        22.42     1,026.94
2522          1.00         0.00         0.00         0.00         0.00         0.00         0.00         0.00         0.00         0.00         0.00        23.94         36.84       893.63       179.31     1,072.94        24.94     1,048.00
5506          1.00         0.00         0.00         0.00         0.00       224.80         0.00         0.00         0.00         0.00         0.00        26.58          3.53     1,175.49       253.57     1,429.06       252.38     1,176.68
0236          1.00         0.00         0.00         0.00         0.00       523.01         0.00         0.00         0.00       162.81         0.00        52.95          0.00     2,007.27       301.96     2,309.23       739.77     1,569.46
7080          1.00         0.00         0.00         0.00         0.00         0.00       146.75         0.00         0.00         0.00         0.00        32.64         11.49     1,185.11       170.02     1,355.13       180.39     1,174.74
5965          1.00         0.00         0.00         0.00         0.00         0.00         0.00         0.00         0.00         0.00         0.00        27.75          8.52     1,129.61       170.05     1,299.66        28.75     1,270.91
5447          1.00         0.00         0.00         0.00         0.00         0.00         0.00         0.00         0.00         0.00         0.00        22.50         38.98       861.38       159.20     1,020.58        23.50       997.08
7665          1.00         0.00         0.00         0.00         0.00         0.00       124.60         0.00         0.00         0.00         0.00        16.69         69.42       445.15       117.50       562.65       142.29       420.36
6685          1.00         0.00         0.00         0.00         0.00         0.00       104.13         0.00         0.00         0.00         0.00        21.43         45.15       780.28       252.96     1,033.24       126.56       906.68
5549          1.00         0.00         0.00         0.00         0.00         0.00         0.00         0.00         0.00         0.00         0.00        23.21         38.27       871.38       202.99     1,074.37        24.21     1,050.16
6349          1.00         0.00         0.00         0.00         0.00         0.00         0.00         0.00         0.00         0.00         0.00        21.44         38.27       871.38       158.49     1,029.87        22.44     1,007.43
7484          0.00         0.00         0.00         0.00         0.00         0.00         0.00         0.00         0.00         0.00         0.00         0.00          0.00         0.00         0.00         0.00         0.00         0.00
0854          1.00         0.00         0.00         0.00         0.00       326.19         0.00         0.00         0.00        46.85         0.00        35.56          0.00     1,487.60       466.41     1,954.01       409.60     1,544.41
7295          1.00         0.00         0.00         0.00         0.00         0.00         0.00         0.00         0.00         0.00         0.00        25.84         57.76       871.38       177.98     1,049.36        26.84     1,022.52
6832          1.00         0.00         0.00         0.00         0.00         0.00         0.00         0.00         0.00         0.00         0.00        25.33         38.26       871.38       238.98     1,110.36        26.33     1,084.03
4807          1.00         0.00         0.00         0.00         0.00         0.00         0.00         0.00         0.00       510.36         0.00       112.83          0.00     3,783.66       564.20     4,347.86       624.19     3,723.67
7610          1.00         0.00         0.00         0.00         0.00         0.00         0.00         0.00         0.00         0.00         0.00        22.24         32.09       971.51       185.68     1,157.19        23.24     1,133.95
6821          1.00         0.00         0.00         0.00         0.00         0.00         0.00         0.00         0.00        12.75         0.00        26.55          0.00     1,163.33       205.25     1,368.58        40.30     1,328.28
3169          1.00         0.00         0.00         0.00         0.00         0.00         0.00         0.00         0.00         0.00         0.00        22.84         54.91       915.88       219.63     1,135.51        23.84     1,111.67
6944          1.00         0.00         0.00         0.00         0.00         0.00       136.41         0.00         0.00         0.00         0.00        26.72         31.69     1,027.82       166.68     1,194.50       164.13     1,030.37
5902          0.00         0.00         0.00         0.00         0.00         0.00         0.00         0.00         0.00         0.00         0.00         0.00          0.00         0.00         0.00         0.00         0.00         0.00
4514          1.00         0.00         0.00         0.00         0.00       333.25         0.00         0.00         0.00        27.37         0.00        31.50          0.00     1,395.56       219.82     1,615.38       393.12     1,222.26
7104          1.00         0.00         0.00         0.00         0.00         0.00         0.00         0.00         0.00         0.00         0.00        18.65         32.79       861.38       153.01     1,014.39        19.65       994.74
6014          1.00         0.00         0.00         0.00         0.00         0.00         0.00         0.00         0.00         0.00         0.00        26.82          0.60     1,202.48       234.99     1,437.47        27.82     1,409.65
7551          1.00         0.00         0.00         0.00         0.00         0.00         0.00         0.00         0.00         0.00         0.00        24.90         38.26       871.38       158.48     1,029.86        25.90     1,003.96
7645          0.00         0.00         0.00         0.00         0.00         0.00         0.00         0.00         0.00        11.11         0.00        20.61          0.00     1,246.08        44.50     1,290.58        31.72     1,258.86
6985          1.00         0.00         0.00         0.00         0.00         0.00         0.00         0.00         0.00       257.49         0.00        67.20          0.00     2,568.06       507.78     3,075.84       325.69     2,750.15

















































EJECUTIVOS EN SERVICIOS DE ALIMENTOS, S.A. DE C.V.                                                                      Pagina: 0004
R.F.C.:                                                                                                                    5/NOV/19
REPORTE DE SUELDOS SEMANALES DEDUCCIONES


 
Codigo Desc Vales   Desc Zapatos Otras Deducc Desc Fonacot Pension Alim Desc Infonav Faltas       Inca Enferme Inca Riesgo  ISPT         Ajus ISPT    IMSS          Sub P/Empleo Tot Per Grav Tot Per Exce Total Percep Total Deducc Neto Pagado
..........................................................................................................................................................................................................................................
3827          1.00         0.00         0.00         0.00         0.00         0.00         0.00         0.00         0.00         0.00         0.00        26.89         32.11       967.55       195.74     1,163.29        27.89     1,135.40
5412          1.00         0.00         0.00         0.00         0.00         0.00         0.00         0.00         0.00         0.00         0.00        19.90         36.77       894.76       190.36     1,085.12        20.90     1,064.22
4504          1.00         0.00         0.00         0.00         0.00         0.00         0.00         0.00         0.00       193.63         0.00        58.75          0.00     2,199.89       318.38     2,518.27       253.38     2,264.89
7395          1.00         0.00         0.00         0.00         0.00         0.00         0.00         0.00         0.00         0.00         0.00        24.79         32.57       960.38       286.29     1,246.67        25.79     1,220.88
0214          1.00         0.00         0.00         0.00         0.00         0.00         0.00         0.00         0.00       510.36         0.00       111.04          0.00     3,783.66       564.20     4,347.86       622.40     3,725.46
7376          1.00         0.00         0.00         0.00         0.00         0.00       208.26         0.00         0.00         0.00         0.00        20.12         68.76       748.83       149.13       897.96       229.38       668.58
7212          1.00         0.00         0.00         0.00         0.00       306.59       104.13         0.00         0.00         0.00         0.00        19.61         86.27       780.28       186.74       967.02       431.33       535.69
6321          1.00         0.00         0.00         0.00         0.00         0.00         0.00         0.00         0.00         0.00         0.00        21.68         32.83       956.42       185.34     1,141.76        22.68     1,119.08
5232          1.00         0.00         0.00         0.00         0.00         0.00         0.00         0.00         0.00         0.00         0.00        29.21          6.97     1,143.86       304.78     1,448.64        30.21     1,418.43
4958          1.00         0.00         0.00         0.00         0.00         0.00         0.00         0.00         0.00         0.00         0.00        29.86         38.26       871.38       158.48     1,029.86        30.86       999.00
7620          1.00         0.00         0.00         0.00         0.00         0.00         0.00         0.00         0.00         0.00         0.00        23.60         38.00       871.38       158.22     1,029.60        24.60     1,005.00
7675          1.00         0.00         0.00         0.00         0.00         0.00         0.00         0.00         0.00         0.00         0.00        18.65         38.26       871.38       158.48     1,029.86        19.65     1,010.21
3979          1.00         0.00         0.00         0.00         0.00         0.00         0.00         0.00         0.00       420.97         0.00        99.63          0.00     3,365.20       519.23     3,884.43       521.60     3,362.83
0442          0.00         0.00         0.00         0.00         0.00         0.00         0.00         0.00         0.00         0.00         0.00         0.00          0.00         0.00         0.00         0.00         0.00         0.00
7330          0.00         0.00         0.00         0.00         0.00         0.00         0.00         0.00         0.00         0.00         0.00         0.00          0.00         0.00         0.00         0.00         0.00         0.00
7243          1.00         0.00         0.00         0.00         0.00         0.00         0.00         0.00         0.00         0.00         0.00        22.43         38.91       861.38       159.13     1,020.51        23.43       997.08
7397          1.00         0.00         0.00         0.00         0.00         0.00         0.00         0.00         0.00         0.00         0.00        23.21         44.29       871.38       209.01     1,080.39        24.21     1,056.18
7421          1.00         0.00         0.00         0.00         0.00         0.00         0.00         0.00         0.00        18.06         0.00        24.20          0.00     1,227.38       209.22     1,436.60        43.26     1,393.34
7595          1.00         0.00         0.00         0.00         0.00         0.00       104.13         0.00         0.00         0.00         0.00        20.19         83.37       780.28       183.84       964.12       125.32       838.80
7298          1.00         0.00         0.00         0.00         0.00         0.00         0.00         0.00         0.00        49.71         0.00        36.29          0.00     1,513.90       253.30     1,767.20        87.00     1,680.20
5396          1.00         0.00         0.00         0.00         0.00         0.00         0.00         0.00         0.00         0.00         0.00        26.91         57.76       871.38       222.48     1,093.86        27.91     1,065.95
7672          1.00         0.00         0.00         0.00         0.00         0.00       104.13         0.00         0.00         0.00         0.00         8.69         29.68       375.30        69.86       445.16       113.82       331.34
5704          1.00         0.00         0.00         0.00         0.00         0.00         0.00         0.00         0.00        21.67         0.00        34.39          0.00     1,343.12       197.29     1,540.41        57.06     1,483.35
7503          1.00         0.00         0.00         0.00         0.00         0.00         0.00         0.00         0.00         0.00         0.00        20.66         44.29       871.38       209.01     1,080.39        21.66     1,058.73
7190          1.00         0.00         0.00         0.00         0.00         0.00         0.00         0.00         0.00         0.00         0.00        22.09         57.76       871.38       177.98     1,049.36        23.09     1,026.27
7642          1.00         0.00         0.00         0.00         0.00         0.00       208.26         0.00         0.00         0.00         0.00        17.18         64.66       748.83       145.03       893.86       226.44       667.42
7588          1.00         0.00         0.00         0.00         0.00         0.00         0.00         0.00         0.00         0.00         0.00        22.53         29.98       871.38       150.20     1,021.58        23.53       998.05
5588          1.00         0.00         0.00         0.00         0.00         0.00         0.00         0.00         0.00         0.00         0.00        22.62         35.42       915.88       200.14     1,116.02        23.62     1,092.40
6203          1.00         0.00         0.00         0.00         0.00         0.00         0.00         0.00         0.00         0.00         0.00        23.42         38.34       871.38       203.06     1,074.44        24.42     1,050.02
6582          1.00         0.00         0.00         0.00         0.00         0.00         0.00         0.00         0.00         0.00         0.00        21.84         38.90       861.38       159.12     1,020.50        22.84       997.66
7667          1.00         0.00         0.00         0.00         0.00         0.00         0.00         0.00         0.00         0.00         0.00        18.65         38.27       871.38       158.49     1,029.87        19.65     1,010.22
7226          1.00         0.00         0.00         0.00         0.00         0.00         0.00         0.00         0.00         0.00         0.00        22.59         52.03       871.38       172.25     1,043.63        23.59     1,020.04
7664          1.00         0.00         0.00         0.00         0.00         0.00         0.00         0.00         0.00         0.00         0.00        18.65         38.26       871.38       158.48     1,029.86        19.65     1,010.21
7613          1.00         0.00         0.00         0.00         0.00         0.00         0.00         0.00         0.00         0.00         0.00        21.92         36.06       905.88       200.78     1,106.66        22.92     1,083.74
3326          1.00         0.00         0.00         0.00         0.00         0.00         0.00         0.00         0.00        40.31         0.00        34.54          0.00     1,427.46       209.19     1,636.65        75.85     1,560.80
3960          1.00         0.00       100.00         0.00         0.00       283.45         0.00         0.00         0.00        73.39         0.00        30.90          0.00     1,470.66       309.54     1,780.20       488.74     1,291.46
2233          0.00         0.00         0.00         0.00         0.00         0.00         0.00         0.00         0.00         0.00         0.00         0.00          0.00         0.00         0.00         0.00         0.00         0.00
0449          1.00         0.00       300.00         0.00         0.00       389.82         0.00         0.00         0.00        21.91         0.00        33.49          0.00     1,258.39       134.14     1,392.53       746.22       646.31
6934          1.00         0.00         0.00         0.00         0.00         0.00         0.00         0.00         0.00       342.85         0.00        84.39          0.00     2,999.45       460.71     3,460.16       428.24     3,031.92
7137          1.00         0.00         0.00         0.00         0.00         0.00         0.00         0.00         0.00        57.53         0.00        36.99          0.00     1,585.77       267.97     1,853.74        95.52     1,758.22
6682          1.00         0.00         0.00         0.00         0.00         0.00       124.60         0.00         0.00         0.00         0.00        17.95         50.20       765.70       146.37       912.07       143.55       768.52
1269          1.00         0.00         0.00         0.00         0.00         0.00         0.00         0.00         0.00         0.00         0.00        23.96         36.77       894.76       190.36     1,085.12        24.96     1,060.16
6006          1.00         0.00         0.00         0.00         0.00         0.00         0.00         0.00         0.00         0.00         0.00        23.92         31.76       871.38       151.98     1,023.36        24.92       998.44

















































EJECUTIVOS EN SERVICIOS DE ALIMENTOS, S.A. DE C.V.                                                                      Pagina: 0005
R.F.C.:                                                                                                                    5/NOV/19
REPORTE DE SUELDOS SEMANALES DEDUCCIONES


 
Codigo Desc Vales   Desc Zapatos Otras Deducc Desc Fonacot Pension Alim Desc Infonav Faltas       Inca Enferme Inca Riesgo  ISPT         Ajus ISPT    IMSS          Sub P/Empleo Tot Per Grav Tot Per Exce Total Percep Total Deducc Neto Pagado
..........................................................................................................................................................................................................................................
6918          1.00         0.00         0.00         0.00         0.00         0.00         0.00         0.00         0.00         0.00         0.00        22.83         38.26       871.38       202.98     1,074.36        23.83     1,050.53
1419          1.00         0.00         0.00         0.00         0.00       268.68         0.00         0.00         0.00        26.12         0.00        32.96          0.00     1,384.05       268.09     1,652.14       328.76     1,323.38
7545          1.00         0.00         0.00         0.00         0.00         0.00       146.75         0.00         0.00         0.00         0.00        31.57         11.49     1,185.11       232.73     1,417.84       179.32     1,238.52
5905          1.00         0.00         0.00         0.00         0.00         0.00         0.00         0.00         0.00        17.59         0.00        36.56          0.00     1,305.66       189.70     1,495.36        55.15     1,440.21
7638          1.00         0.00         0.00         0.00         0.00         0.00         0.00         0.00         0.00         0.00         0.00        19.83         38.91       861.38       159.13     1,020.51        20.83       999.68
3525          1.00         0.00         0.00         0.00         0.00         0.00         0.00         0.00         0.00         0.00         0.00        27.01         10.97     1,090.76       166.29     1,257.05        28.01     1,229.04
7626          1.00         0.00         0.00         0.00         0.00       219.33         0.00         0.00         0.00         0.00         0.00        21.23         38.34       871.38       158.56     1,029.94       241.56       788.38
2451          1.00         0.00         0.00         0.00         0.00         0.00         0.00         0.00         0.00         0.00         0.00        22.95         36.83       893.63       223.80     1,117.43        23.95     1,093.48
6885          1.00         0.00         0.00         0.00         0.00         0.00         0.00         0.00         0.00         0.00         0.00        23.53         38.27       871.38       185.32     1,056.70        24.53     1,032.17
7231          1.00         0.00        10.00         0.00         0.00         0.00         0.00         0.00         0.00         0.00         0.00        18.65         38.27       871.38       158.49     1,029.87        29.65     1,000.22
4775          1.00         0.00         0.00         0.00         0.00         0.00         0.00         0.00         0.00         0.00         0.00        22.18         47.05       949.26       245.14     1,194.40        23.18     1,171.22
7528          1.00         0.00         0.00         0.00         0.00         0.00         0.00         0.00         0.00         0.00         0.00        24.64         32.57       960.38       286.29     1,246.67        25.64     1,221.03
7658          1.00         0.00         0.00         0.00         0.00         0.00         0.00         0.00         0.00         0.00         0.00        18.65         53.71       871.38       173.93     1,045.31        19.65     1,025.66
5671          1.00         0.00         0.00         0.00         0.00         0.00         0.00         0.00         0.00       149.36         0.00        47.43          0.00     1,893.24       663.69     2,556.93       197.79     2,359.14
4832          1.00         0.00         0.00         0.00         0.00         0.00         0.00         0.00         0.00         0.00         0.00        23.97         38.26       871.38       158.48     1,029.86        24.97     1,004.89
7637          0.00         0.00         0.00         0.00         0.00         0.00         0.00         0.00         0.00         0.00         0.00         0.00          0.00         0.00         0.00         0.00         0.00         0.00
6567          1.00         0.00         0.00         0.00         0.00         0.00         0.00         0.00         0.00         0.00         0.00        20.24         38.90       861.38       159.12     1,020.50        21.24       999.26
3321          1.00         0.00         0.00         0.00         0.00         0.00         0.00         0.00         0.00       171.11         0.00        51.64          0.00     2,059.15       299.67     2,358.82       223.75     2,135.07
2112          1.00         0.00         0.00         0.00         0.00         0.00         0.00         0.00         0.00         0.00         0.00        22.68         38.26       871.38       158.48     1,029.86        23.68     1,006.18
0624          1.00         0.00         0.00         0.00         0.00         0.00         0.00         0.00         0.00       150.82         0.00        50.31          0.00     1,921.18       289.78     2,210.96       202.13     2,008.83
6877          1.00         0.00         0.00       141.34         0.00         0.00         0.00         0.00         0.00         0.00         0.00        26.16         10.00     1,105.86       130.22     1,236.08       168.50     1,067.58
4385          1.00         0.00         0.00         0.00         0.00         0.00         0.00         0.00         0.00         0.00         0.00        28.80          3.23     1,178.33       172.56     1,350.89        29.80     1,321.09
7378          1.00         0.00         0.00         0.00         0.00         0.00         0.00         0.00         0.00         0.00         0.00        20.43         32.50       961.51       252.84     1,214.35        21.43     1,192.92
0366          1.00         0.00         0.00         0.00         0.00         0.00         0.00         0.00         0.00       343.09         0.00        85.23          0.00     3,000.58       462.49     3,463.07       429.32     3,033.75
6206          1.00         0.00         0.00         0.00         0.00         0.00         0.00         0.00         0.00        70.06         0.00        27.45          0.00     1,595.97       278.12     1,874.09        98.51     1,775.58
7618          1.00         0.00         0.00         0.00         0.00         0.00       124.60         0.00         0.00         0.00         0.00        19.80         50.21       765.70       146.38       912.08       145.40       766.68
 
*** GLO     187.00         0.00       870.00       457.42         0.00     7,090.32     3,999.05       249.20         0.00     6,397.55         0.00     5,396.69      5,469.94   216,754.97                257,404.60    24,647.23   232,757.37
  































































