EJECUTIVOS EN SERVICIOS DE ALIMENTOS, S.A. DE C.V.                                                                      Pagina: 0001
R.F.C.:                                                                                                                    5/NOV/19
REPORTE DE SUELDOS SEMANALES DEDUCCIONES


 
Codigo Desc Vales   Desc Zapatos Otras Deducc Desc Fonacot Pension Alim Desc Infonav Faltas       Inca Enferme Inca Riesgo  ISPT         Ajus ISPT    IMSS          Sub P/Empleo Tot Per Grav Tot Per Exce Total Percep Total Deducc Neto Pagado
..........................................................................................................................................................................................................................................
5761          0.00         0.00         0.00         0.00         0.00         0.00         0.00         0.00         0.00         0.00         0.00         0.00          0.00         0.00         0.00         0.00         0.00         0.00
7505          1.00         0.00         0.00         0.00         0.00         0.00         0.00         0.00         0.00         0.00         0.00        21.05         38.27       871.38       158.49     1,029.87        22.05     1,007.82
6600          1.00         0.00         0.00         0.00         0.00         0.00         0.00         0.00         0.00         0.00         0.00        20.80         33.21       950.38       242.43     1,192.81        21.80     1,171.01
7685          1.00         0.00         0.00         0.00         0.00         0.00         0.00         0.00         0.00         0.00         0.00        22.83         50.55       871.38       170.77     1,042.15        23.83     1,018.32
7331          1.00         0.00         0.00         0.00         0.00         0.00         0.00         0.00         0.00         0.00         0.00        18.65         36.13       904.76       234.22     1,138.98        19.65     1,119.33
5933          1.00         0.00         0.00         0.00         0.00         0.00         0.00         0.00         0.00         0.00         0.00        27.39         31.15       982.63       195.87     1,178.50        28.39     1,150.11
7170          1.00         0.00         0.00         0.00         0.00         0.00         0.00         0.00         0.00         0.00         0.00        21.51         50.55       871.38       170.77     1,042.15        22.51     1,019.64
5618          1.00         0.00         0.00         0.00         0.00         0.00         0.00         0.00         0.00         0.00         0.00        26.65         39.99       950.38       249.21     1,199.59        27.65     1,171.94
5201          1.00         0.00         0.00         0.00         0.00       312.81         0.00         0.00         0.00        50.54         0.00        33.88          0.00     1,521.53       303.26     1,824.79       398.23     1,426.56
3890          1.00         0.00         0.00         0.00         0.00         0.00         0.00         0.00         0.00       178.37         0.00        54.71          0.00     2,104.51       319.12     2,423.63       234.08     2,189.55
6654          0.00         0.00         0.00         0.00         0.00         0.00         0.00         0.00         0.00         0.00         0.00         0.00          0.00         0.00         0.00         0.00         0.00         0.00
3652          1.00         0.00         0.00         0.00         0.00       380.99         0.00         0.00         0.00       226.63         0.00        50.92          0.00     2,455.38       540.64     2,996.02       659.54     2,336.48
1123          1.00         0.00         0.00         0.00         0.00         0.00         0.00         0.00         0.00        26.33         0.00        33.06          0.00     1,385.94       323.41     1,709.35        60.39     1,648.96
4044          1.00         0.00         0.00         0.00         0.00         0.00         0.00         0.00         0.00        31.24         0.00        29.43          0.00     1,431.09       377.84     1,808.93        61.67     1,747.26
7593          1.00         0.00         0.00         0.00         0.00         0.00         0.00       104.13         0.00        78.05         0.00        17.41          0.00     1,802.53       122.72     1,925.25       200.59     1,724.66
7765          1.00         0.00         0.00         0.00         0.00         0.00         0.00         0.00         0.00         0.00         0.00         7.99         31.16       180.27        55.20       235.47         8.99       226.48
7259          1.00         0.00         0.00         0.00         0.00         0.00         0.00         0.00         0.00         0.00         0.00        23.05         38.90       861.38       159.12     1,020.50        24.05       996.45
7312          1.00         0.00         0.00         0.00         0.00         0.00         0.00         0.00         0.00         0.00         0.00        20.20         38.90       861.38       159.12     1,020.50        21.20       999.30
7338          1.00         0.00         0.00         0.00         0.00         0.00         0.00         0.00         0.00         0.00         0.00        20.10         38.26       871.38       158.48     1,029.86        21.10     1,008.76
5677          1.00         0.00         0.00         0.00         0.00         0.00         0.00         0.00         0.00        26.72         0.00        29.26          0.00     1,389.56       293.91     1,683.47        56.98     1,626.49
7737          1.00         0.00         0.00         0.00         0.00         0.00         0.00         0.00         0.00         0.00         0.00        21.40         38.90       861.38       159.12     1,020.50        22.40       998.10
4008          1.00         0.00         0.00         0.00         0.00         0.00         0.00         0.00         0.00       248.49         0.00        55.71          0.00     2,525.09       417.03     2,942.12       305.20     2,636.92
7690          1.00         0.00         0.00         0.00         0.00         0.00       104.13         0.00         0.00         0.00         0.00        17.94         42.92       780.28       143.39       923.67       123.07       800.60
6210          1.00         0.00         0.00         0.00         0.00         0.00         0.00         0.00         0.00         0.00         0.00        33.41         10.63     1,111.38       130.85     1,242.23        34.41     1,207.82
0849          1.00         0.00         0.00         0.00         0.00         0.00         0.00         0.00         0.00         0.00         0.00        30.95         16.10     1,061.11       154.67     1,215.78        31.95     1,183.83
7536          1.00         0.00         0.00         0.00         0.00         0.00         0.00         0.00         0.00         0.00         0.00        22.69         41.96       950.38       251.18     1,201.56        23.69     1,177.87
5237          1.00         0.00         0.00         0.00         0.00         0.00         0.00         0.00         0.00         0.00         0.00        18.65         38.26       871.38       158.48     1,029.86        19.65     1,010.21
7430          1.00         0.00         0.00         0.00         0.00         0.00         0.00         0.00         0.00       152.19         0.00        46.83          0.00     1,919.20       534.43     2,453.63       200.02     2,253.61
5181          1.00         0.00         0.00         0.00         0.00         0.00         0.00         0.00         0.00         0.00         0.00        20.29         38.26       871.38       158.48     1,029.86        21.29     1,008.57
7655          1.00         0.00         0.00         0.00         0.00         0.00         0.00         0.00         0.00         0.00         0.00        22.48         51.63       861.38       171.85     1,033.23        23.48     1,009.75
7057          1.00         0.00         0.00         0.00         0.00         0.00         0.00         0.00         0.00         0.00         0.00        27.78         38.91       861.38       159.13     1,020.51        28.78       991.73
5558          1.00         0.00         0.00         0.00         0.00         0.00         0.00         0.00         0.00         0.00         0.00        23.29         36.13       904.76       189.72     1,094.48        24.29     1,070.19
4746          1.00         0.00         0.00         0.00         0.00       337.44         0.00         0.00         0.00        37.04         0.00        32.64          0.00     1,397.47       195.95     1,593.42       408.12     1,185.30
7663          1.00         0.00         0.00         0.00         0.00         0.00         0.00         0.00         0.00         0.00         0.00        20.91         38.91       861.38       159.13     1,020.51        21.91       998.60
7407          1.00         0.00         0.00         0.00         0.00         0.00         0.00         0.00         0.00         0.00         0.00        26.38         38.26       871.38       158.48     1,029.86        27.38     1,002.48
6061          1.00         0.00         0.00         0.00         0.00       676.54         0.00         0.00         0.00       124.88         0.00        40.72          0.00     1,668.18       266.46     1,934.64       843.14     1,091.50
7735          0.00         0.00         0.00         0.00         0.00         0.00         0.00         0.00         0.00         0.00         0.00         0.00          0.00         0.00         0.00         0.00         0.00         0.00
7704          1.00         0.00         0.00         0.00         0.00         0.00         0.00         0.00         0.00         0.00         0.00        20.81         35.59       861.38       155.81     1,017.19        21.81       995.38
1424          1.00         0.00         0.00         0.00         0.00       457.22         0.00         0.00         0.00       319.52         0.00        76.61          0.00     2,890.24       619.86     3,510.10       854.35     2,655.75
5280          1.00         0.00         0.00       362.10         0.00       435.11         0.00         0.00         0.00       152.33         0.00        48.39          0.00     1,920.48       289.67     2,210.15       998.93     1,211.22
7742          1.00         0.00         0.00         0.00         0.00         0.00       124.60         0.00         0.00         0.00         0.00        17.68         62.66       765.70       158.83       924.53       143.28       781.25
7740          1.00         0.00         0.00         0.00         0.00         0.00         0.00         0.00         0.00         0.00         0.00        20.61         33.99       938.13       265.45     1,203.58        21.61     1,181.97
6461          1.00         0.00         0.00         0.00         0.00         0.00         0.00         0.00         0.00        38.08         0.00        34.53          0.00     1,493.93       289.86     1,783.79        73.61     1,710.18

















































EJECUTIVOS EN SERVICIOS DE ALIMENTOS, S.A. DE C.V.                                                                      Pagina: 0002
R.F.C.:                                                                                                                    5/NOV/19
REPORTE DE SUELDOS SEMANALES DEDUCCIONES


 
Codigo Desc Vales   Desc Zapatos Otras Deducc Desc Fonacot Pension Alim Desc Infonav Faltas       Inca Enferme Inca Riesgo  ISPT         Ajus ISPT    IMSS          Sub P/Empleo Tot Per Grav Tot Per Exce Total Percep Total Deducc Neto Pagado
..........................................................................................................................................................................................................................................
6765          1.00         0.00         0.00         0.00         0.00         0.00         0.00         0.00         0.00         0.00         0.00        67.46          0.00     1,281.87       187.49     1,469.36        68.46     1,400.90
7694          1.00         0.00         0.00         0.00         0.00         0.00         0.00         0.00         0.00         0.00         0.00        21.28         34.00       938.13       232.09     1,170.22        22.28     1,147.94
7752          1.00         0.00         0.00         0.00         0.00         0.00         0.00         0.00         0.00         0.00         0.00        18.65         38.27       871.38       202.99     1,074.37        19.65     1,054.72
6657          1.00         0.00         0.00         0.00         0.00         0.00       124.60         0.00         0.00         0.00         0.00        19.12         62.66       765.70       158.83       924.53       144.72       779.81
7761          1.00         0.00         0.00         0.00         0.00         0.00         0.00         0.00         0.00         0.00         0.00        13.32         29.89       582.35       110.26       692.61        14.32       678.29
5000          1.00         0.00         0.00         0.00         0.00         0.00         0.00         0.00         0.00         0.00         0.00        29.38          8.47     1,129.61       170.00     1,299.61        30.38     1,269.23
7586          1.00         0.00         0.00         0.00         0.00         0.00         0.00         0.00         0.00         0.00         0.00        31.80         38.26       871.38       158.48     1,029.86        32.80       997.06
7649          1.00        75.00         0.00         0.00         0.00         0.00         0.00         0.00         0.00         0.00         0.00        20.19         38.90       861.38       159.12     1,020.50        96.19       924.31
5644          1.00         0.00       100.00         0.00         0.00       331.25         0.00         0.00         0.00        49.69         0.00        31.64          0.00     1,600.70       289.86     1,890.56       513.58     1,376.98
7519          1.00         0.00         0.00         0.00         0.00         0.00         0.00         0.00         0.00         9.87         0.00        30.80          0.00     1,205.13       220.34     1,425.47        41.67     1,383.80
6638          1.00         0.00         0.00         0.00         0.00         0.00         0.00         0.00       498.40         0.00         0.00         8.68         66.50       658.67        90.54       749.21       508.08       241.13
7734          1.00         0.00         0.00         0.00         0.00         0.00         0.00         0.00         0.00         0.00         0.00        21.31         35.68       915.88       200.40     1,116.28        22.31     1,093.97
6690          1.00         0.00         0.00         0.00         0.00         0.00         0.00         0.00         0.00         0.00         0.00        22.87         30.35       994.88       250.69     1,245.57        23.87     1,221.70
7168          1.00         0.00         0.00         0.00         0.00         0.00         0.00         0.00         0.00         0.00         0.00        21.70         38.27       871.38       202.99     1,074.37        22.70     1,051.67
7681          1.00         0.00         0.00         0.00         0.00         0.00         0.00         0.00         0.00         0.00         0.00        19.83         65.56       520.82       137.69       658.51        20.83       637.68
6958          0.00         0.00         0.00         0.00         0.00         0.00         0.00         0.00         0.00         3.67         0.00        26.35          0.00     1,245.94         0.00     1,245.94        30.02     1,215.92
7762          1.00         0.00         0.00         0.00         0.00         0.00         0.00         0.00         0.00         0.00         0.00        15.99         30.45       783.56       186.54       970.10        16.99       953.11
6927          1.00         0.00         0.00         0.00         0.00         0.00         0.00         0.00         0.00         0.00         0.00        18.65         33.99       938.13       265.46     1,203.59        19.65     1,183.94
7764          1.00         0.00         0.00         0.00         0.00         0.00         0.00         0.00         0.00         0.00         0.00        10.66         34.47       350.55        82.55       433.10        11.66       421.44
4314          1.00         0.00         0.00         0.00         0.00         0.00         0.00         0.00         0.00       152.90         0.00        49.10          0.00     1,925.72       393.50     2,319.22       203.00     2,116.22
7485          1.00         0.00         0.00         0.00         0.00         0.00         0.00         0.00         0.00         0.00         0.00        25.72         14.68     1,138.38       235.02     1,373.40        26.72     1,346.68
7632          1.00         0.00         0.00         0.00         0.00         0.00         0.00         0.00         0.00         0.00         0.00        20.70         18.76       971.50       283.60     1,255.10        21.70     1,233.40
7673          1.00         0.00         0.00         0.00         0.00         0.00       124.60         0.00         0.00         0.00         0.00        19.42         50.64       765.70       146.81       912.51       145.02       767.49
6504          1.00         0.00         0.00         0.00         0.00         0.00         0.00         0.00         0.00         0.00         0.00        26.86         50.54       871.38       170.76     1,042.14        27.86     1,014.28
7617          0.00         0.00         0.00         0.00         0.00         0.00         0.00         0.00         0.00         0.00         0.00         0.00          0.00         0.00         0.00         0.00         0.00         0.00
7760          0.00         0.00         0.00         0.00         0.00        96.41       312.39         0.00         0.00         0.00         0.00        10.10         32.76       623.74        32.76       656.50       418.90       237.60
7604          1.00         0.00         0.00         0.00         0.00         0.00       104.13         0.00         0.00         0.00         0.00        17.96         43.95       802.53       166.67       969.20       123.09       846.11
7061          1.00         0.00         0.00         0.00         0.00         0.00         0.00         0.00         0.00        94.92         0.00        31.39          0.00     1,392.86       186.97     1,579.83       127.31     1,452.52
7627          1.00         0.00         0.00         0.00         0.00         0.00         0.00         0.00         0.00         0.00         0.00        20.86         24.31       960.38       200.15     1,160.53        21.86     1,138.67
7748          0.00         0.00         0.00         0.00         0.00         0.00         0.00         0.00         0.00         0.00         0.00         0.00          0.00         0.00         0.00         0.00         0.00         0.00
7633          1.00         0.00         0.00         0.00         0.00         0.00         0.00         0.00         0.00         0.00         0.00        19.92         48.61       883.63       191.08     1,074.71        20.92     1,053.79
7712          0.00         0.00         0.00         0.00         0.00         0.00         0.00         0.00         0.00         0.00         0.00         0.00          0.00         0.00         0.00         0.00         0.00         0.00
7744          1.00         0.00         0.00         0.00         0.00         0.00         0.00         0.00         0.00       164.66         0.00        44.20          0.00     2,033.81       521.40     2,555.21       209.86     2,345.35
7428          1.00         0.00         0.00         0.00         0.00         0.00         0.00         0.00         0.00         0.00         0.00        27.05         50.54       871.38       170.76     1,042.14        28.05     1,014.09
2897          1.00         0.00         0.00         0.00         0.00         0.00         0.00         0.00         0.00         0.00         0.00        19.86         38.90       861.38       159.12     1,020.50        20.86       999.64
7558          1.00         0.00         0.00         0.00         0.00         0.00         0.00         0.00         0.00         0.00         0.00        21.76         30.35       994.88       250.69     1,245.57        22.76     1,222.81
6360          0.00         0.00         0.00         0.00         0.00         0.00         0.00         0.00         0.00         0.00         0.00         0.00          0.00         0.00         0.00         0.00         0.00         0.00
7614          1.00         0.00         0.00         0.00         0.00         0.00         0.00         0.00         0.00        12.82         0.00        31.82          0.00     1,261.75       155.32     1,417.07        45.64     1,371.43
3318          1.00         0.00         0.00         0.00         0.00       500.52         0.00         0.00         0.00       191.07         0.00        59.25          0.00     2,183.88       313.42     2,497.30       751.84     1,745.46
7706          1.00         0.00         0.00         0.00         0.00         0.00         0.00         0.00         0.00         0.00         0.00        22.03         34.60     1,038.25       266.07     1,304.32        23.03     1,281.29
5139          1.00         0.00       100.00         0.00         0.00       759.20         0.00         0.00         0.00       305.88         0.00        70.68          0.00     2,838.09       493.88     3,331.97     1,236.76     2,095.21
6083          1.00         0.00         0.00         0.00         0.00         0.00         0.00         0.00         0.00         0.00         0.00        25.50         22.53     1,000.92       264.04     1,264.96        26.50     1,238.46
6766          1.00         0.00         0.00         0.00         0.00         0.00         0.00         0.00         0.00         3.19         0.00        28.01          0.00     1,173.33       205.25     1,378.58        32.20     1,346.38

















































EJECUTIVOS EN SERVICIOS DE ALIMENTOS, S.A. DE C.V.                                                                      Pagina: 0003
R.F.C.:                                                                                                                    5/NOV/19
REPORTE DE SUELDOS SEMANALES DEDUCCIONES


 
Codigo Desc Vales   Desc Zapatos Otras Deducc Desc Fonacot Pension Alim Desc Infonav Faltas       Inca Enferme Inca Riesgo  ISPT         Ajus ISPT    IMSS          Sub P/Empleo Tot Per Grav Tot Per Exce Total Percep Total Deducc Neto Pagado
..........................................................................................................................................................................................................................................
4137          1.00         0.00         0.00         0.00         0.00         0.00         0.00         0.00         0.00       371.81         0.00        93.28          0.00     3,135.04       482.40     3,617.44       466.09     3,151.35
7542          1.00         0.00         0.00         0.00         0.00         0.00         0.00         0.00         0.00         0.00         0.00        21.05         38.27       871.38       158.49     1,029.87        22.05     1,007.82
7756          1.00         0.00         0.00         0.00         0.00         0.00         0.00         0.00         0.00         0.00         0.00        18.65         34.84       861.38       155.06     1,016.44        19.65       996.79
7759          1.00         0.00         0.00         0.00         0.00         0.00         0.00         0.00         0.00         0.00         0.00        18.65         35.44       883.63       177.91     1,061.54        19.65     1,041.89
3780          1.00         0.00         0.00         0.00         0.00         0.00         0.00         0.00         0.00        57.37         0.00        35.99          0.00     1,584.24       318.94     1,903.18        94.36     1,808.82
7678          1.00         0.00         0.00         0.00         0.00         0.00         0.00         0.00         0.00         0.00         0.00        24.43         44.95       904.76       198.54     1,103.30        25.43     1,077.87
6205          1.00         0.00         0.00         0.00         0.00         0.00         0.00         0.00         0.00         0.00         0.00        24.96         33.99       938.13       232.08     1,170.21        25.96     1,144.25
5027          1.00         0.00         0.00         0.00         0.00         0.00         0.00         0.00         0.00         0.00         0.00        33.68         16.58     1,183.55       180.21     1,363.76        34.68     1,329.08
6839          1.00         0.00         0.00         0.00         0.00         0.00         0.00         0.00         0.00         0.00         0.00        26.82         42.53       927.01       218.37     1,145.38        27.82     1,117.56
5646          1.00         0.00         0.00         0.00         0.00         0.00         0.00         0.00         0.00         0.00         0.00        27.71         50.54       871.38       331.77     1,203.15        28.71     1,174.44
7750          1.00         0.00         0.00         0.00         0.00         0.00         0.00         0.00         0.00         0.00         0.00        18.65         30.00       938.13       261.47     1,199.60        19.65     1,179.95
7708          1.00         0.00         0.00         0.00         0.00         0.00         0.00         0.00         0.00         0.00         0.00        20.06         38.26       871.38       158.48     1,029.86        21.06     1,008.80
6978          1.00         0.00         0.00         0.00         0.00         0.00         0.00         0.00         0.00        75.47         0.00        22.88          0.00     1,871.38       120.22     1,991.60        99.35     1,892.25
6658          1.00         0.00         0.00         0.00         0.00       264.16       419.24         0.00         0.00         0.00         0.00        17.94         89.09       630.98       121.36       752.34       702.34        50.00
4458          1.00         0.00         0.00         0.00         0.00         0.00         0.00         0.00         0.00        82.62         0.00        39.79          0.00     1,729.44       327.72     2,057.16       123.41     1,933.75
7647          1.00         0.00         0.00         0.00         0.00         0.00         0.00         0.00         0.00         0.00         0.00        26.94         48.58       871.38       168.80     1,040.18        27.94     1,012.24
5679          1.00         0.00         0.00         0.00         0.00         0.00         0.00         0.00         0.00        32.13         0.00        31.04          0.00     1,439.28       365.55     1,804.83        64.17     1,740.66
7530          1.00         0.00         0.00         0.00         0.00         0.00         0.00         0.00         0.00         0.00         0.00        28.41         49.22       883.63       191.69     1,075.32        29.41     1,045.91
6028          1.00         0.00         0.00         0.00         0.00       399.30         0.00         0.00         0.00        59.15         0.00        32.70          0.00     1,600.70       289.86     1,890.56       492.15     1,398.41
6565          1.00         0.00         0.00         0.00         0.00         0.00         0.00         0.00         0.00         0.00         0.00        21.97          5.23     1,082.76       203.32     1,286.08        22.97     1,263.11
7731          1.00         0.00         0.00         0.00         0.00         0.00         0.00         0.00         0.00         0.00         0.00        19.84         38.19       872.51       169.53     1,042.04        20.84     1,021.20
7753          1.00         0.00         0.00         0.00         0.00         0.00         0.00         0.00         0.00         0.00         0.00        18.65         38.91       861.38       159.13     1,020.51        19.65     1,000.86
3676          1.00         0.00         0.00         0.00         0.00         0.00         0.00         0.00         0.00       128.91         0.00        38.66          0.00     1,705.19       328.59     2,033.78       168.57     1,865.21
3221          1.00         0.00         0.00         0.00         0.00         0.00         0.00         0.00         0.00        52.20         0.00        32.26          0.00     1,536.78       368.31     1,905.09        85.46     1,819.63
7741          1.00         0.00         0.00         0.00         0.00         0.00         0.00         0.00         0.00         0.00         0.00        19.84         37.48       883.63       179.95     1,063.58        20.84     1,042.74
7269          1.00         0.00         0.00         0.00         0.00         0.00         0.00         0.00         0.00         0.00         0.00        26.70         50.54       871.38       170.76     1,042.14        27.70     1,014.44
2522          1.00         0.00         0.00         0.00         0.00         0.00         0.00         0.00         0.00         0.00         0.00        23.44         19.37       965.94       278.65     1,244.59        24.44     1,220.15
5506          1.00         0.00         0.00         0.00         0.00       224.80         0.00         0.00         0.00         0.00         0.00        25.40          1.95     1,190.06       266.57     1,456.63       251.20     1,205.43
0236          1.00         0.00         0.00         0.00         0.00       523.01         0.00         0.00         0.00       175.08         0.00        53.02          0.00     2,083.99       378.67     2,462.66       752.11     1,710.55
7080          1.00         0.00         0.00         0.00         0.00         0.00         0.00         0.00         0.00         8.91         0.00        38.71          0.00     1,399.73       346.48     1,746.21        48.62     1,697.59
5965          1.00         0.00       200.00         0.00         0.00         0.00         0.00         0.00         0.00         0.00         0.00        28.79          8.47     1,129.61       170.00     1,299.61       229.79     1,069.82
5447          1.00         0.00         0.00         0.00         0.00         0.00         0.00         0.00         0.00         0.00         0.00        22.58         51.63       861.38       171.85     1,033.23        23.58     1,009.65
7723          1.00         0.00         0.00         0.00         0.00         0.00         0.00         0.00         0.00         0.00         0.00        23.31         38.26       871.38       202.98     1,074.36        24.31     1,050.05
6685          1.00         0.00         0.00         0.00         0.00         0.00         0.00         0.00         0.00         0.00         0.00        26.46         27.23       893.63       169.70     1,063.33        27.46     1,035.87
5549          1.00         0.00         0.00         0.00         0.00         0.00         0.00         0.00         0.00         0.00         0.00        21.23         47.37       882.51       223.21     1,105.72        22.23     1,083.49
0854          1.00         0.00         0.00         0.00         0.00       326.19         0.00         0.00         0.00        46.85         0.00        36.07          0.00     1,487.60       220.41     1,708.01       410.11     1,297.90
7295          1.00         0.00         0.00         0.00         0.00         0.00         0.00         0.00         0.00         0.00         0.00        20.54         49.48       871.38       169.70     1,041.08        21.54     1,019.54
7693          1.00         0.00         0.00         0.00         0.00         0.00       104.13         0.00         0.00         0.00         0.00        21.01         37.94     1,048.58       194.03     1,242.61       126.14     1,116.47
6832          1.00         0.00         0.00         0.00         0.00         0.00         0.00         0.00         0.00         0.00         0.00        20.60         32.57       960.38       286.28     1,246.66        21.60     1,225.06
4807          1.00         0.00         0.00         0.00         0.00         0.00         0.00         0.00         0.00       510.35         0.00       110.46          0.00     3,783.66       564.20     4,347.86       621.81     3,726.05
6821          1.00         0.00         0.00         0.00         0.00         0.00         0.00         0.00         0.00         0.00         0.00        26.52          6.45     1,148.76       197.12     1,345.88        27.52     1,318.36
7763          1.00         0.00         0.00         0.00         0.00         0.00       104.13         0.00         0.00         0.00         0.00        11.36         36.11       510.89        96.39       607.28       116.49       490.79
7751          1.00         0.00        75.00         0.00         0.00         0.00         0.00         0.00         0.00         0.00         0.00        18.65         38.90       861.38       159.12     1,020.50        94.65       925.85

















































EJECUTIVOS EN SERVICIOS DE ALIMENTOS, S.A. DE C.V.                                                                      Pagina: 0004
R.F.C.:                                                                                                                    5/NOV/19
REPORTE DE SUELDOS SEMANALES DEDUCCIONES


 
Codigo Desc Vales   Desc Zapatos Otras Deducc Desc Fonacot Pension Alim Desc Infonav Faltas       Inca Enferme Inca Riesgo  ISPT         Ajus ISPT    IMSS          Sub P/Empleo Tot Per Grav Tot Per Exce Total Percep Total Deducc Neto Pagado
..........................................................................................................................................................................................................................................
7730          0.00         0.00         0.00         0.00         0.00         0.00         0.00         0.00         0.00         0.00         0.00         0.00          0.00         0.00         0.00         0.00         0.00         0.00
3169          1.00         0.00         0.00         0.00         0.00         0.00         0.00         0.00         0.00         0.00         0.00        26.80         50.55       871.38       170.77     1,042.15        27.80     1,014.35
7728          0.00         0.00         0.00         0.00         0.00         0.00       520.65         0.00         0.00         0.00         0.00        10.24         62.84       674.54        62.84       737.38       530.89       206.49
5902          0.00         0.00         0.00         0.00         0.00         0.00         0.00         0.00         0.00         0.00         0.00         0.00          0.00         0.00         0.00         0.00         0.00         0.00
4514          1.00         0.00         0.00         0.00         0.00       331.35         0.00         0.00         0.00       133.27         0.00        31.31          0.00     1,745.33       307.26     2,052.59       496.93     1,555.66
7104          1.00         0.00         0.00         0.00         0.00         0.00         0.00         0.00         0.00         0.00         0.00        19.96         22.27       939.26       220.36     1,159.62        20.96     1,138.66
7754          1.00         0.00         0.00         0.00         0.00         0.00         0.00         0.00         0.00         0.00         0.00        18.65         38.27       871.38       158.49     1,029.87        19.65     1,010.22
7717          1.00         0.00         0.00         0.00         0.00         0.00         0.00         0.00         0.00        71.57         0.00        32.04          0.00     1,540.84       236.73     1,777.57       104.61     1,672.96
6014          1.00         0.00         0.00         0.00         0.00         0.00         0.00         0.00         0.00         0.00         0.00        26.59          0.59     1,202.48       234.98     1,437.46        27.59     1,409.87
7551          1.00         0.00         0.00         0.00         0.00         0.00         0.00         0.00         0.00         0.00         0.00        25.35         50.54       871.38       170.76     1,042.14        26.35     1,015.79
7715          1.00         0.00         0.00         0.00         0.00         0.00       104.13         0.00         0.00         0.00         0.00        19.00         48.27       780.28       193.24       973.52       124.13       849.39
6985          1.00         0.00         0.00         0.00         0.00         0.00         0.00         0.00         0.00       281.33         0.00        60.68          0.00     2,703.06       507.78     3,210.84       343.01     2,867.83
3827          1.00         0.00         0.00         0.00         0.00         0.00         0.00         0.00         0.00         0.00         0.00        29.47         29.04     1,050.98       320.61     1,371.59        30.47     1,341.12
5412          1.00         0.00         0.00         0.00         0.00         0.00         0.00         0.00         0.00         0.00         0.00        20.00         38.90       861.38       159.12     1,020.50        21.00       999.50
7757          1.00         0.00         0.00         0.00         0.00         0.00         0.00         0.00         0.00         0.00         0.00        18.65         29.54       883.63       172.01     1,055.64        19.65     1,035.99
4504          0.00         0.00         0.00         0.00         0.00         0.00         0.00         0.00         0.00         0.00         0.00         0.00          0.00         0.00         0.00         0.00         0.00         0.00
7395          1.00         0.00         0.00         0.00         0.00         0.00         0.00         0.00         0.00         0.00         0.00        23.52         31.15       982.63       229.24     1,211.87        24.52     1,187.35
0214          1.00         0.00         0.00         0.00         0.00         0.00         0.00         0.00         0.00       510.36         0.00       110.44          0.00     3,783.66       564.20     4,347.86       621.80     3,726.06
7376          1.00         0.00         0.00         0.00         0.00         0.00         0.00         0.00         0.00         0.00         0.00        25.55         83.09     1,138.38       270.06     1,408.44        26.55     1,381.89
6321          1.00         0.00         0.00         0.00         0.00         0.00         0.00         0.00         0.00         0.00         0.00        21.72         34.25       934.17       164.51     1,098.68        22.72     1,075.96
5232          1.00         0.00         0.00         0.00         0.00         0.00         0.00         0.00         0.00         0.00         0.00        33.28         31.96     1,024.17       162.22     1,186.39        34.28     1,152.11
4958          1.00         0.00         0.00         0.00         0.00         0.00         0.00         0.00         0.00         0.00         0.00        20.17         50.54       871.38       170.76     1,042.14        21.17     1,020.97
3979          1.00         0.00         0.00         0.00         0.00         0.00         0.00         0.00         0.00       420.97         0.00        98.45          0.00     3,365.20       519.23     3,884.43       520.42     3,364.01
0442          1.00         0.00         0.00         0.00         0.00         0.00         0.00         0.00         0.00       101.29         0.00        36.01          0.00     1,451.47       276.89     1,728.36       138.30     1,590.06
7699          1.00         0.00         0.00         0.00         0.00         0.00         0.00         0.00         0.00         0.00         0.00        23.24         38.26       871.38       202.98     1,074.36        24.24     1,050.12
7330          0.00         0.00         0.00         0.00         0.00         0.00         0.00         0.00         0.00         0.00         0.00         0.00          0.00         0.00         0.00         0.00         0.00         0.00
7719          1.00         0.00         0.00         0.00         0.00         0.00       104.13         0.00         0.00         0.00         0.00        17.95         48.57       780.28       149.04       929.32       123.08       806.24
7397          0.00         0.00         0.00         0.00         0.00         0.00         0.00         0.00         0.00         0.00         0.00         0.00          0.00         0.00         0.00         0.00         0.00         0.00
7421          1.00         0.00         0.00         0.00         0.00         0.00         0.00         0.00         0.00         0.00         0.00        26.45         23.60       927.01       199.44     1,126.45        27.45     1,099.00
7298          1.00         0.00         0.00         0.00         0.00         0.00         0.00         0.00         0.00        49.71         0.00        35.78          0.00     1,513.90       253.30     1,767.20        86.49     1,680.71
7758          1.00         0.00         0.00         0.00         0.00         0.00         0.00         0.00         0.00         0.00         0.00        18.65         33.28       949.25       198.00     1,147.25        19.65     1,127.60
5396          1.00         0.00         0.00         0.00         0.00         0.00         0.00         0.00         0.00         0.00         0.00        27.35         16.34       993.75       303.43     1,297.18        28.35     1,268.83
5704          1.00         0.00         0.00         0.00         0.00         0.00         0.00         0.00         0.00        61.83         0.00        34.52          0.00     1,625.33       338.39     1,963.72        97.35     1,866.37
7503          1.00         0.00         0.00         0.00         0.00         0.00         0.00         0.00         0.00         0.00         0.00        22.23         46.99       938.13       278.46     1,216.59        23.23     1,193.36
7190          1.00         0.00         0.00         0.00         0.00         0.00         0.00         0.00         0.00         0.00         0.00        27.40         43.28       938.13       230.25     1,168.38        28.40     1,139.98
7745          0.00         0.00         0.00         0.00         0.00         0.00         0.00         0.00         0.00         0.00         0.00        20.01         20.91       991.60        20.91     1,012.51        20.01       992.50
7588          1.00         0.00         0.00         0.00         0.00         0.00       104.13         0.00         0.00         0.00         0.00        22.69         70.72       780.28       171.19       951.47       127.82       823.65
5588          1.00         0.00         0.00         0.00         0.00         0.00         0.00         0.00         0.00         0.00         0.00        20.17         38.26       871.38       158.48     1,029.86        21.17     1,008.69
6203          1.00         0.00         0.00         0.00         0.00         0.00       208.26         0.00         0.00         0.00         0.00        16.50         61.99       748.83       186.86       935.69       225.76       709.93
6582          0.00         0.00         0.00         0.00         0.00         0.00         0.00         0.00         0.00         0.00         0.00        22.64         31.20       981.60        31.20     1,012.80        22.64       990.16
7392          1.00         0.00         0.00         0.00         0.00         0.00         0.00         0.00         0.00         0.00         0.00        18.65         35.42       915.88       200.14     1,116.02        19.65     1,096.37
7226          1.00         0.00         0.00         0.00         0.00         0.00         0.00         0.00         0.00        18.02         0.00        25.20          0.00     1,871.38       120.22     1,991.60        44.22     1,947.38
7664          1.00         0.00         0.00         0.00         0.00         0.00         0.00         0.00         0.00         0.00         0.00        24.04         27.95       971.51       181.54     1,153.05        25.04     1,128.01

















































EJECUTIVOS EN SERVICIOS DE ALIMENTOS, S.A. DE C.V.                                                                      Pagina: 0005
R.F.C.:                                                                                                                    5/NOV/19
REPORTE DE SUELDOS SEMANALES DEDUCCIONES


 
Codigo Desc Vales   Desc Zapatos Otras Deducc Desc Fonacot Pension Alim Desc Infonav Faltas       Inca Enferme Inca Riesgo  ISPT         Ajus ISPT    IMSS          Sub P/Empleo Tot Per Grav Tot Per Exce Total Percep Total Deducc Neto Pagado
..........................................................................................................................................................................................................................................
3326          1.00         0.00         0.00         0.00         0.00       352.72         0.00         0.00         0.00        98.69         0.00        34.05          0.00     1,427.46       209.19     1,636.65       486.46     1,150.19
0449          1.00         0.00       250.00         0.00         0.00       386.21         0.00         0.00         0.00         0.00         0.00        42.44         90.49     1,298.39       224.63     1,523.02       679.65       843.37
6934          1.00         0.00         0.00         0.00         0.00         0.00         0.00         0.00         0.00       342.85         0.00        84.50          0.00     2,999.45       460.71     3,460.16       428.35     3,031.81
7137          1.00         0.00         0.00         0.00         0.00         0.00         0.00         0.00         0.00         0.00         0.00        35.86         32.83     1,600.34       315.38     1,915.72        36.86     1,878.86
6682          1.00         0.00         0.00         0.00         0.00         0.00       124.60         0.00         0.00         0.00         0.00        17.70         50.20       765.70       146.37       912.07       143.30       768.77
1269          1.00         0.00         0.00         0.00         0.00         0.00         0.00         0.00         0.00         0.00         0.00        20.34         38.90       861.38       159.12     1,020.50        21.34       999.16
6918          1.00         0.00         0.00         0.00         0.00         0.00         0.00         0.00         0.00         0.00         0.00        25.89         34.70       927.01       210.54     1,137.55        26.89     1,110.66
1419          1.00         0.00         0.00         0.00         0.00       268.68         0.00         0.00         0.00        27.83         0.00        33.72          0.00     1,399.73       236.73     1,636.46       331.23     1,305.23
7545          1.00         0.00         0.00       275.78         0.00         0.00         0.00         0.00         0.00       103.05         0.00        41.82          0.00     1,776.02       330.80     2,106.82       421.65     1,685.17
3525          1.00         0.00         0.00         0.00         0.00         0.00         0.00         0.00         0.00         0.00         0.00        31.79         10.96     1,090.76       166.28     1,257.04        32.79     1,224.25
6885          1.00         0.00         0.00         0.00         0.00         0.00         0.00         0.00         0.00        27.77         0.00        21.85          0.00     1,327.51       320.46     1,647.97        50.62     1,597.35
4775          1.00         0.00         0.00         0.00         0.00         0.00         0.00         0.00         0.00         0.00         0.00        26.87         34.70       927.01       210.54     1,137.55        27.87     1,109.68
7528          1.00         0.00         0.00         0.00         0.00         0.00         0.00         0.00         0.00         0.00         0.00        21.75         38.26       871.38       158.48     1,029.86        22.75     1,007.11
4832          1.00         0.00         0.00         0.00         0.00         0.00         0.00         0.00         0.00         0.00         0.00        25.15         41.31       938.13       228.28     1,166.41        26.15     1,140.26
3321          1.00         0.00         0.00         0.00         0.00         0.00         0.00         0.00         0.00       222.78         0.00        70.13          0.00     2,374.35       389.02     2,763.37       293.91     2,469.46
2112          1.00         0.00         0.00         0.00         0.00         0.00         0.00         0.00         0.00         0.00         0.00        27.11         38.26       871.38       158.48     1,029.86        28.11     1,001.75
0624          1.00         0.00         0.00         0.00         0.00         0.00         0.00         0.00         0.00       184.37         0.00        49.59          0.00     2,142.03       342.49     2,484.52       234.96     2,249.56
6877          1.00         0.00         0.00       150.28         0.00         0.00         0.00         0.00         0.00         0.00         0.00        27.90         13.96     1,080.76       169.28     1,250.04       179.18     1,070.86
4385          1.00         0.00         0.00         0.00         0.00         0.00         0.00         0.00         0.00        18.97         0.00        27.84          0.00     1,318.33       169.33     1,487.66        47.81     1,439.85
0366          1.00         0.00         0.00         0.00         0.00         0.00         0.00         0.00         0.00       343.09         0.00        85.29          0.00     3,000.58       565.72     3,566.30       429.38     3,136.92
7755          1.00         0.00         0.00         0.00         0.00         0.00         0.00         0.00         0.00         0.00         0.00        18.65         33.20       950.38       242.42     1,192.80        19.65     1,173.15
6206          1.00         0.00         0.00         0.00         0.00         0.00         0.00         0.00         0.00         0.00         0.00        29.28          2.18     1,187.91       222.00     1,409.91        30.28     1,379.63
7618          1.00         0.00         0.00         0.00         0.00         0.00         0.00         0.00         0.00         0.00         0.00        22.59         48.12       883.63       190.59     1,074.22        23.59     1,050.63
 
*** GLO     178.00        75.00       725.00       788.16         0.00     7,363.91     2,687.85       104.13       498.40     7,297.68         0.00     5,404.62      4,802.08   220,493.05                262,485.65    25,122.75   237,362.90
  


































































