EJECUTIVOS EN SERVICIOS DE ALIMENTOS, S.A. DE C.V.                                                                      Pagina: 0001
R.F.C.:                                                                                                                    5/NOV/19
REPORTE DE SUELDOS SEMANALES DEDUCCIONES


 
Codigo Desc Vales   Desc Zapatos Otras Deducc Desc Fonacot Pension Alim Desc Infonav Faltas       Inca Enferme Inca Riesgo  ISPT         Ajus ISPT    IMSS          Sub P/Empleo Tot Per Grav Tot Per Exce Total Percep Total Deducc Neto Pagado
..........................................................................................................................................................................................................................................
7505          1.00         0.00         0.00         0.00         0.00         0.00         0.00         0.00         0.00         0.00         0.00        22.09         32.51       960.38       241.73     1,202.11        23.09     1,179.02
6600          1.00         0.00         0.00         0.00         0.00         0.00         0.00         0.00         0.00         0.00         0.00        23.11         34.64       928.13       221.61     1,149.74        24.11     1,125.63
7515          1.00        48.00         0.00         0.00         0.00         0.00         0.00         0.00         0.00         0.00         0.00        23.43         31.14       982.63       262.61     1,245.24        72.43     1,172.81
5933          1.00         0.00         0.00         0.00         0.00         0.00         0.00         0.00         0.00         0.00         0.00        23.75         30.43       993.76       206.27     1,200.03        24.75     1,175.28
7170          1.00         0.00         0.00         0.00         0.00         0.00         0.00         0.00         0.00         0.00         0.00        26.77         26.07       960.38       235.29     1,195.67        27.77     1,167.90
5618          1.00         0.00         0.00         0.00         0.00         0.00         0.00         0.00         0.00         0.00         0.00        20.56         16.28       994.88       270.00     1,264.88        21.56     1,243.32
3890          1.00         0.00         0.00         0.00         0.00         0.00         0.00         0.00         0.00       166.09         0.00        52.13          0.00     2,027.79       306.84     2,334.63       219.22     2,115.41
3652          1.00         0.00         0.00         0.00         0.00       383.82         0.00         0.00         0.00       164.00         0.00        48.31          0.00     2,019.99       433.28     2,453.27       597.13     1,856.14
2530          1.00         0.00         0.00         0.00         0.00       168.73         0.00         0.00         0.00         0.00         0.00        19.82         32.33       861.38       152.55     1,013.93       189.55       824.38
1123          1.00         0.00         0.00         0.00         0.00         0.00         0.00         0.00         0.00        24.84         0.00        33.10          0.00     1,372.22       305.71     1,677.93        58.94     1,618.99
7593          1.00         0.00         0.00         0.00         0.00         0.00         0.00         0.00         0.00         0.00         0.00        20.35         38.27       871.38       202.99     1,074.37        21.35     1,053.02
7607          1.00         0.00         0.00         0.00         0.00         0.00         0.00         0.00         0.00         0.00         0.00        19.21         38.91       861.38       159.13     1,020.51        20.21     1,000.30
7005          1.00         0.00         0.00         0.00         0.00         0.00         0.00         0.00         0.00         0.00         0.00        26.37         52.05       871.38       216.77     1,088.15        27.37     1,060.78
7259          1.00         0.00         0.00         0.00         0.00         0.00         0.00         0.00         0.00         0.00         0.00        21.95         28.29     1,027.13       270.88     1,298.01        22.95     1,275.06
7276          0.00         0.00         0.00         0.00         0.00         0.00         0.00         0.00         0.00        11.16         0.00        27.16          0.00     1,237.53       116.59     1,354.12        38.32     1,315.80
7312          1.00         0.00         0.00         0.00         0.00         0.00         0.00         0.00         0.00         0.00         0.00        26.11         38.26       871.38       202.98     1,074.36        27.11     1,047.25
7338          1.00         0.00         0.00         0.00         0.00         0.00         0.00         0.00         0.00         0.00         0.00        24.76         32.57       960.38       241.79     1,202.17        25.76     1,176.41
7600          1.00         0.00         0.00         0.00         0.00         0.00         0.00         0.00         0.00         0.00         0.00        19.76         38.91       861.38       159.13     1,020.51        20.76       999.75
7581          1.00         0.00         0.00         0.00         0.00         0.00         0.00         0.00         0.00         0.00         0.00        20.71         32.56       960.38       241.78     1,202.16        21.71     1,180.45
5677          1.00         0.00         0.00         0.00         0.00         0.00         0.00         0.00         0.00         4.97         0.00        28.67          0.00     1,253.83       337.63     1,591.46        34.64     1,556.82
6210          1.00         0.00         0.00         0.00         0.00         0.00         0.00         0.00         0.00         0.00         0.00        25.62         50.85       932.57       232.25     1,164.82        26.62     1,138.20
0849          1.00         0.00         0.00         0.00         0.00         0.00         0.00         0.00         0.00        16.74         0.00        27.90          0.00     1,206.85       284.30     1,491.15        45.64     1,445.51
7536          1.00         0.00         0.00         0.00         0.00         0.00         0.00         0.00         0.00         0.00         0.00        22.51         58.40       861.38       178.62     1,040.00        23.51     1,016.49
7430          1.00         0.00         0.00         0.00         0.00         0.00         0.00         0.00         0.00       137.83         0.00        42.38          0.00     1,787.19       463.42     2,250.61       181.21     2,069.40
5181          1.00         0.00         0.00         0.00         0.00         0.00         0.00         0.00         0.00         0.00         0.00        23.37         32.56       960.38       241.78     1,202.16        24.37     1,177.79
7057          1.00         0.00         0.00         0.00         0.00         0.00         0.00         0.00         0.00         0.00         0.00        27.65         33.20       950.38       242.42     1,192.80        28.65     1,164.15
5558          1.00         0.00         0.00         0.00         0.00         0.00         0.00         0.00         0.00         0.00         0.00        27.44         24.66     1,083.88       367.38     1,451.26        28.44     1,422.82
4746          1.00         0.00         0.00         0.00         0.00       337.44         0.00         0.00         0.00        10.10         0.00        31.81          0.00     1,236.79       180.28     1,417.07       380.35     1,036.72
7573          1.00         0.00         0.00         0.00         0.00         0.00         0.00         0.00         0.00         0.00         0.00        20.37         31.79       972.63       263.26     1,235.89        21.37     1,214.52
7407          1.00         0.00         0.00         0.00         0.00         0.00         0.00         0.00         0.00         0.00         0.00        24.23         52.04       871.38       172.26     1,043.64        25.23     1,018.41
2107          1.00         0.00         0.00         0.00         0.00       333.50         0.00         0.00         0.00        24.86         0.00        33.90          0.00     1,372.44       248.43     1,620.87       393.26     1,227.61
1424          1.00         0.00         0.00         0.00         0.00       457.22         0.00         0.00         0.00       297.06         0.00        76.91          0.00     2,785.11       514.72     3,299.83       832.19     2,467.64
5280          1.00         0.00         0.00       316.08         0.00       439.54         0.00         0.00         0.00       152.32         0.00        48.76          0.00     1,920.48       289.67     2,210.15       957.70     1,252.45
6461          1.00         0.00       200.00         0.00         0.00         0.00         0.00         0.00         0.00         0.00         0.00        28.62          2.54     1,184.62       250.59     1,435.21       229.62     1,205.59
6765          1.00         0.00         0.00         0.00         0.00         0.00         0.00         0.00         0.00        52.03         0.00        30.60          0.00     1,622.22       305.71     1,927.93        83.63     1,844.30
7012          1.00        48.00         0.00         0.00         0.00         0.00         0.00         0.00         0.00         0.00         0.00        24.87         26.14       960.38       235.36     1,195.74        73.87     1,121.87
5000          1.00         0.00         0.00         0.00         0.00         0.00         0.00         0.00         0.00         0.00         0.00        26.34          3.51     1,207.35       275.42     1,482.77        27.34     1,455.43
7586          1.00         0.00         0.00         0.00         0.00         0.00         0.00         0.00         0.00         0.00         0.00        20.82         46.34       960.38       255.56     1,215.94        21.82     1,194.12
5644          1.00         0.00        10.00         0.00         0.00       331.25         0.00         0.00         0.00        12.16         0.00        26.75          0.00     1,255.79       276.52     1,532.31       381.16     1,151.15
7519          1.00         0.00         0.00         0.00         0.00         0.00         0.00         0.00         0.00         0.00         0.00        26.25         26.07       960.38       235.29     1,195.67        27.25     1,168.42
7582          1.00         0.00         0.00         0.00         0.00         0.00         0.00         0.00         0.00         0.00         0.00        19.80         32.33       861.38       152.55     1,013.93        20.80       993.13
7292          1.00         0.00         0.00         0.00         0.00         0.00         0.00         0.00         0.00         0.00         0.00        19.84         38.91       861.38       159.13     1,020.51        20.84       999.67
6690          1.00         0.00         0.00         0.00         0.00         0.00         0.00         0.00         0.00         0.00         0.00        26.66         30.96     1,017.13       306.93     1,324.06        27.66     1,296.40

















































EJECUTIVOS EN SERVICIOS DE ALIMENTOS, S.A. DE C.V.                                                                      Pagina: 0002
R.F.C.:                                                                                                                    5/NOV/19
REPORTE DE SUELDOS SEMANALES DEDUCCIONES


 
Codigo Desc Vales   Desc Zapatos Otras Deducc Desc Fonacot Pension Alim Desc Infonav Faltas       Inca Enferme Inca Riesgo  ISPT         Ajus ISPT    IMSS          Sub P/Empleo Tot Per Grav Tot Per Exce Total Percep Total Deducc Neto Pagado
..........................................................................................................................................................................................................................................
0090          1.00         0.00         0.00         0.00         0.00       488.15         0.00         0.00         0.00        40.31         0.00        34.16          0.00     1,427.46       209.19     1,636.65       563.62     1,073.03
7168          1.00         0.00         0.00         0.00         0.00         0.00         0.00         0.00         0.00         0.00         0.00        24.16         24.03     1,093.88       344.50     1,438.38        25.16     1,413.22
6958          1.00         0.00         0.00         0.00         0.00         0.00         0.00         0.00         0.00         0.00         0.00        18.65         36.65       905.88       201.37     1,107.25        19.65     1,087.60
4314          1.00         0.00         0.00         0.00         0.00         0.00         0.00         0.00         0.00         0.00         0.00        45.80         76.69     1,657.76       383.89     2,041.65        46.80     1,994.85
7631          0.00         0.00         0.00         0.00         0.00         0.00       373.80         0.00         0.00         0.00         0.00        10.10         36.82       558.11        36.82       594.93       383.90       211.03
7485          1.00         0.00         0.00         0.00         0.00         0.00         0.00         0.00         0.00         0.00         0.00        26.57         41.78     1,016.01       239.87     1,255.88        27.57     1,228.31
7632          1.00         0.00         0.00         0.00         0.00         0.00         0.00         0.00         0.00         0.00         0.00        13.32         29.89       582.35       154.76       737.11        14.32       722.79
4287          1.00         0.00       200.00         0.00         0.00         0.00         0.00         0.00         0.00         0.00         0.00        28.33         26.55     1,160.76       216.54     1,377.30       229.33     1,147.97
6427          1.00         0.00         0.00         0.00         0.00         0.00         0.00         0.00         0.00         0.00         0.00        21.69         34.24       934.17       209.00     1,143.17        22.69     1,120.48
6504          1.00         0.00         0.00         0.00         0.00         0.00         0.00         0.00         0.00         0.00         0.00        20.12         38.26       871.38       158.48     1,029.86        21.12     1,008.74
5745          1.00         0.00         0.00         0.00         0.00         0.00         0.00         0.00         0.00         0.00         0.00        22.85         38.26       871.38       158.48     1,029.86        23.85     1,006.01
7617          1.00         0.00         0.00         0.00         0.00         0.00         0.00         0.00         0.00         0.00         0.00        18.65          7.20     1,149.50       305.42     1,454.92        19.65     1,435.27
7604          1.00         0.00         0.00         0.00         0.00         0.00         0.00         0.00         0.00         0.00         0.00        19.90         26.14       960.38       235.36     1,195.74        20.90     1,174.84
6849          1.00         0.00         0.00         0.00         0.00         0.00         0.00         0.00         0.00         0.00         0.00        31.72          7.87     1,071.63       272.71     1,344.34        32.72     1,311.62
7061          1.00         0.00         0.00         0.00         0.00         0.00         0.00         0.00         0.00        23.60         0.00        28.40          0.00     1,360.88       309.34     1,670.22        53.00     1,617.22
0881          1.00         0.00         0.00         0.00         0.00         0.00         0.00         0.00         0.00         0.00         0.00        28.62         38.91       861.38       159.13     1,020.51        29.62       990.89
7634          1.00         0.00         0.00         0.00         0.00         0.00         0.00         0.00         0.00         0.00         0.00        14.01          3.88       480.26        74.32       554.58        15.01       539.57
7627          1.00         0.00         0.00         0.00         0.00         0.00         0.00         0.00         0.00         0.00         0.00        18.65         29.47       971.51       249.81     1,221.32        19.65     1,201.67
7633          1.00         0.00         0.00         0.00         0.00         0.00         0.00         0.00         0.00         0.00         0.00         7.99         24.04       291.17        64.22       355.39         8.99       346.40
7622          1.00         0.00         0.00         0.00         0.00         0.00         0.00         0.00         0.00         0.00         0.00        18.65         37.84       878.07       174.74     1,052.81        19.65     1,033.16
7428          1.00        48.00         0.00         0.00         0.00         0.00         0.00         0.00         0.00         0.00         0.00        23.28         32.56       960.38       241.78     1,202.16        72.28     1,129.88
2897          1.00         0.00         0.00         0.00         0.00         0.00         0.00         0.00         0.00         0.00         0.00        22.87         38.91       861.38       159.13     1,020.51        23.87       996.64
7558          1.00         0.00         0.00         0.00         0.00         0.00         0.00         0.00         0.00         0.00         0.00        25.17         34.78       928.13       266.25     1,194.38        26.17     1,168.21
6360          1.00         0.00         0.00         0.00         0.00         0.00         0.00         0.00         0.00         0.00         0.00        20.55         38.91       861.38       159.13     1,020.51        21.55       998.96
7614          1.00         0.00         0.00         0.00         0.00         0.00         0.00         0.00         0.00         0.00         0.00        18.65         28.53       928.14       215.49     1,143.63        19.65     1,123.98
3318          1.00         0.00       250.00         0.00         0.00       500.52         0.00         0.00         0.00       202.33         0.00        55.26          0.00     2,254.30       447.10     2,701.40     1,009.11     1,692.29
5139          1.00         0.00         0.00         0.00         0.00       759.20         0.00         0.00         0.00       270.05         0.00        68.45          0.00     2,638.09       293.88     2,931.97     1,098.70     1,833.27
6083          1.00         0.00         0.00         0.00         0.00         0.00         0.00         0.00         0.00         0.00         0.00        26.40         24.28     1,089.92       354.79     1,444.71        27.40     1,417.31
7616          1.00         0.00         0.00         0.00         0.00         0.00         0.00         0.00         0.00         0.00         0.00        18.65         36.84       893.63       179.31     1,072.94        19.65     1,053.29
6766          1.00         0.00         0.00         0.00         0.00         0.00         0.00         0.00         0.00         0.00         0.00        28.74         10.97     1,090.76       339.64     1,430.40        29.74     1,400.66
4137          1.00         0.00         0.00         0.00         0.00         0.00         0.00         0.00         0.00       318.64         0.00        96.81          0.00     2,886.12       442.57     3,328.69       416.45     2,912.24
7542          1.00         0.00         0.00         0.00         0.00         0.00         0.00         0.00         0.00         0.00         0.00        23.28         52.07       960.38       261.29     1,221.67        24.28     1,197.39
7625          1.00         0.00         0.00         0.00         0.00         0.00         0.00         0.00         0.00         0.00         0.00        18.65         75.70       436.76       135.98       572.74        19.65       553.09
3780          1.00         0.00         0.00         0.00         0.00         0.00         0.00         0.00         0.00        42.01         0.00        34.94          0.00     1,443.14       224.86     1,668.00        77.95     1,590.05
7571          1.00         0.00         0.00         0.00         0.00         0.00       104.13         0.00         0.00         0.00         0.00        18.46         39.39       869.28       228.86     1,098.14       123.59       974.55
6205          1.00         0.00         0.00         0.00         0.00         0.00         0.00         0.00         0.00         0.00         0.00        25.30         34.00       938.13       232.09     1,170.22        26.30     1,143.92
5027          1.00         0.00         0.00         0.00         0.00         0.00         0.00         0.00       208.26         0.00         0.00        21.08         64.12     1,023.81       240.21     1,264.02       230.34     1,033.68
7245          1.00         0.00         0.00         0.00         0.00         0.00       104.13         0.00         0.00         0.00         0.00        17.97         58.00       780.28       158.47       938.75       123.10       815.65
6839          1.00         0.00         0.00         0.00         0.00         0.00         0.00         0.00         0.00         0.00         0.00        22.77         49.19       915.88       213.91     1,129.79        23.77     1,106.02
5646          1.00         0.00         0.00         0.00         0.00         0.00         0.00         0.00         0.00         0.00         0.00        23.37         26.87     1,049.38       291.71     1,341.09        24.37     1,316.72
6978          1.00         0.00         0.00         0.00         0.00         0.00         0.00         0.00         0.00         0.00         0.00        22.77         38.26       871.38       158.48     1,029.86        23.77     1,006.09
6658          1.00         0.00         0.00         0.00         0.00       462.28         0.00         0.00         0.00        18.70         0.00        28.62          0.00     1,315.86       348.55     1,664.41       510.60     1,153.81
4458          1.00         0.00         0.00         0.00         0.00         0.00         0.00         0.00         0.00        33.02         0.00        41.61          0.00     1,588.61       236.57     1,825.18        75.63     1,749.55

















































EJECUTIVOS EN SERVICIOS DE ALIMENTOS, S.A. DE C.V.                                                                      Pagina: 0003
R.F.C.:                                                                                                                    5/NOV/19
REPORTE DE SUELDOS SEMANALES DEDUCCIONES


 
Codigo Desc Vales   Desc Zapatos Otras Deducc Desc Fonacot Pension Alim Desc Infonav Faltas       Inca Enferme Inca Riesgo  ISPT         Ajus ISPT    IMSS          Sub P/Empleo Tot Per Grav Tot Per Exce Total Percep Total Deducc Neto Pagado
..........................................................................................................................................................................................................................................
7619          1.00         0.00         0.00         0.00         0.00         0.00         0.00         0.00         0.00         0.00         0.00        18.65         35.34       917.01       211.18     1,128.19        19.65     1,108.54
7574          1.00         0.00         0.00         0.00         0.00         0.00         0.00         0.00         0.00         0.00         0.00        19.84         37.48       883.63       179.95     1,063.58        20.84     1,042.74
5679          1.00         0.00         0.00         0.00         0.00         0.00         0.00         0.00         0.00         8.03         0.00        30.13          0.00     1,294.92       344.21     1,639.13        39.16     1,599.97
7583          1.00         0.00         0.00         0.00         0.00         0.00         0.00         0.00         0.00         0.00         0.00        20.78         32.57       960.38       241.79     1,202.17        21.78     1,180.39
7601          1.00         0.00         0.00         0.00         0.00         0.00         0.00         0.00         0.00         0.00         0.00        19.71         26.09     1,061.64       279.80     1,341.44        20.71     1,320.73
7530          1.00         0.00         0.00         0.00         0.00         0.00         0.00         0.00         0.00         0.00         0.00        23.37         37.83       878.07       174.73     1,052.80        24.37     1,028.43
7635          1.00         0.00         0.00         0.00         0.00         0.00         0.00         0.00         0.00         0.00         0.00        20.68          3.31     1,004.91       225.81     1,230.72        21.68     1,209.04
7239          1.00         0.00         0.00         0.00         0.00         0.00         0.00         0.00         0.00         0.00         0.00        19.85         32.33       861.38       152.55     1,013.93        20.85       993.08
6028          1.00         0.00         0.00         0.00         0.00       399.30         0.00         0.00         0.00         0.00         0.00        28.79         21.88     1,198.85       284.17     1,483.02       429.09     1,053.93
6565          1.00         0.00         0.00         0.00         0.00         0.00         0.00         0.00         0.00         0.00         0.00        23.95         37.37       871.38       157.59     1,028.97        24.95     1,004.02
3218          1.00         0.00         0.00         0.00         0.00         0.00         0.00         0.00         0.00         0.00         0.00        23.09         28.55     1,023.17       292.31     1,315.48        24.09     1,291.39
3676          1.00         0.00         0.00         0.00         0.00         0.00         0.00         0.00         0.00        60.50         0.00        32.47          0.00     1,613.07       415.45     2,028.52        93.97     1,934.55
0445          1.00         0.00         0.00         0.00         0.00         0.00         0.00         0.00         0.00         0.00         0.00        26.13          8.81     1,124.55       207.86     1,332.41        27.13     1,305.28
5901          0.00         0.00         0.00         0.00         0.00         0.00         0.00         0.00         0.00         0.00         0.00         0.00          0.00         0.00         0.00         0.00         0.00         0.00
7269          1.00         0.00         0.00         0.00         0.00         0.00         0.00         0.00         0.00         0.00         0.00        22.77         38.26       871.38       158.48     1,029.86        23.77     1,006.09
2522          1.00         0.00         0.00         0.00         0.00         0.00         0.00         0.00         0.00         0.00         0.00        24.43         37.55       882.51       213.39     1,095.90        25.43     1,070.47
7555          1.00         0.00         0.00         0.00         0.00         0.00         0.00         0.00         0.00         0.00         0.00        23.59         38.90       861.38       159.12     1,020.50        24.59       995.91
5506          1.00         0.00         0.00         0.00         0.00       224.80         0.00         0.00         0.00         0.00         0.00        25.42          6.70     1,146.34       227.60     1,373.94       251.22     1,122.72
0236          1.00         0.00         0.00         0.00         0.00       523.01         0.00         0.00         0.00       162.81         0.00        53.12          0.00     2,007.27       378.67     2,385.94       739.94     1,646.00
7080          1.00         0.00         0.00         0.00         0.00         0.00         0.00         0.00         0.00       119.55         0.00        33.97          0.00     1,619.24       565.98     2,185.22       154.52     2,030.70
5965          1.00         0.00         0.00         0.00         0.00         0.00         0.00         0.00         0.00         0.00         0.00        26.68          3.51     1,207.35       275.42     1,482.77        27.68     1,455.09
7457          0.00         0.00         0.00         0.00         0.00         0.00         0.00         0.00         0.00         0.00         0.00         0.00          0.00         0.00         0.00         0.00         0.00         0.00
5447          1.00         0.00         0.00         0.00         0.00         0.00         0.00         0.00         0.00         0.00         0.00        22.11         38.90       861.38       159.12     1,020.50        23.11       997.39
6685          1.00         0.00         0.00         0.00         0.00         0.00         0.00         0.00         0.00         0.00         0.00        25.21         32.56       960.38       241.78     1,202.16        26.21     1,175.95
5549          1.00         0.00         0.00         0.00         0.00         0.00         0.00         0.00         0.00         0.00         0.00        23.90         38.26       871.38       202.98     1,074.36        24.90     1,049.46
7554          1.00         0.00         0.00         0.00         0.00         0.00         0.00         0.00         0.00       141.26         0.00        23.69          0.00     2,095.13       309.34     2,404.47       165.95     2,238.52
6349          1.00         0.00         0.00         0.00         0.00         0.00         0.00         0.00         0.00         0.00         0.00        20.12         38.27       871.38       158.49     1,029.87        21.12     1,008.75
7484          1.00         0.00         0.00         0.00         0.00         0.00         0.00         0.00         0.00         0.00         0.00        24.24         32.78       960.38       242.00     1,202.38        25.24     1,177.14
7592          1.00         0.00         0.00         0.00         0.00         0.00       124.60         0.00         0.00         0.00         0.00        22.61         50.92       765.70       147.09       912.79       148.21       764.58
0854          1.00         0.00         0.00         0.00         0.00       326.19         0.00         0.00         0.00        37.39         0.00        36.65          0.00     1,487.60       220.41     1,708.01       401.23     1,306.78
7295          1.00         0.00         0.00         0.00         0.00         0.00         0.00         0.00         0.00         0.00         0.00        24.84         46.35       960.38       255.57     1,215.95        25.84     1,190.11
6832          1.00         0.00         0.00         0.00         0.00         0.00         0.00         0.00         0.00         0.00         0.00        23.17         57.76       871.38       177.98     1,049.36        24.17     1,025.19
4807          1.00         0.00         0.00         0.00         0.00         0.00         0.00         0.00         0.00       458.42         0.00       102.64          0.00     3,540.55       547.28     4,087.83       562.06     3,525.77
7610          1.00         0.00         0.00         0.00         0.00         0.00         0.00         0.00         0.00         0.00         0.00        18.65         22.36     1,127.26       264.95     1,392.21        19.65     1,372.56
6821          1.00         0.00         0.00         0.00         0.00         0.00         0.00         0.00         0.00         0.00         0.00        25.35          5.91     1,153.63       234.09     1,387.72        26.35     1,361.37
3169          1.00         0.00         0.00         0.00         0.00         0.00         0.00         0.00         0.00         0.00         0.00        20.17         57.76       871.38       177.98     1,049.36        21.17     1,028.19
6944          1.00         0.00         0.00         0.00         0.00         0.00       136.41       272.82         0.00         0.00         0.00        16.02         78.99     1,025.68       258.88     1,284.56       426.25       858.31
5902          0.00         0.00         0.00         0.00         0.00         0.00         0.00         0.00         0.00         0.00         0.00         0.00          0.00         0.00         0.00         0.00         0.00         0.00
4514          1.00         0.00         0.00         0.00         0.00       312.94         0.00         0.00         0.00        16.42         0.00        29.57          0.00     1,294.92       285.92     1,580.84       359.93     1,220.91
6014          1.00         0.00         0.00         0.00         0.00         0.00         0.00         0.00         0.00         0.00         0.00        25.62          6.40     1,149.06       220.01     1,369.07        26.62     1,342.45
7551          1.00         0.00         0.00         0.00         0.00         0.00         0.00         0.00         0.00         0.00         0.00        21.92         32.56       960.38       241.78     1,202.16        22.92     1,179.24
6985          1.00         0.00         0.00         0.00         0.00         0.00         0.00         0.00         0.00       338.13         0.00        59.75          0.00     3,018.06       687.78     3,705.84       398.88     3,306.96
3827          1.00         0.00         0.00         0.00         0.00         0.00         0.00         0.00         0.00         0.00         0.00        26.42         24.81       967.55       188.44     1,155.99        27.42     1,128.57

















































EJECUTIVOS EN SERVICIOS DE ALIMENTOS, S.A. DE C.V.                                                                      Pagina: 0004
R.F.C.:                                                                                                                    5/NOV/19
REPORTE DE SUELDOS SEMANALES DEDUCCIONES


 
Codigo Desc Vales   Desc Zapatos Otras Deducc Desc Fonacot Pension Alim Desc Infonav Faltas       Inca Enferme Inca Riesgo  ISPT         Ajus ISPT    IMSS          Sub P/Empleo Tot Per Grav Tot Per Exce Total Percep Total Deducc Neto Pagado
..........................................................................................................................................................................................................................................
5412          1.00         0.00         0.00         0.00         0.00         0.00         0.00         0.00         0.00         0.00         0.00        18.72         48.46       894.76       202.05     1,096.81        19.72     1,077.09
4504          1.00         0.00         0.00         0.00         0.00         0.00         0.00         0.00         0.00       219.08         0.00        58.40          0.00     2,358.98       318.38     2,677.36       278.48     2,398.88
7395          1.00         0.00         0.00         0.00         0.00         0.00         0.00         0.00         0.00         0.00         0.00        24.56         21.08     1,038.25       319.30     1,357.55        25.56     1,331.99
0214          1.00         0.00         0.00         0.00         0.00         0.00         0.00         0.00         0.00       480.25         0.00       105.44          0.00     3,642.75       563.64     4,206.39       586.69     3,619.70
7376          1.00        48.00         0.00         0.00         0.00         0.00         0.00         0.00         0.00         0.00         0.00        26.66         30.50       871.38       150.72     1,022.10        75.66       946.44
7212          1.00         0.00         0.00         0.00         0.00       357.68         0.00         0.00         0.00         0.00         0.00        25.94         32.56       960.38       241.78     1,202.16       384.62       817.54
6321          1.00         0.00         0.00         0.00         0.00         0.00       104.13         0.00         0.00         0.00         0.00        21.84         42.19       832.76       151.05       983.81       126.97       856.84
5232          1.00         0.00         0.00         0.00         0.00         0.00         0.00         0.00         0.00         0.00         0.00        27.60         10.38     1,112.57       255.32     1,367.89        28.60     1,339.29
4958          1.00         0.00         0.00         0.00         0.00         0.00         0.00         0.00         0.00         0.00         0.00        24.86         52.07       960.38       261.29     1,221.67        25.86     1,195.81
7620          1.00         0.00         0.00         0.00         0.00         0.00         0.00         0.00         0.00         0.00         0.00        18.65         32.58       960.38       241.80     1,202.18        19.65     1,182.53
3979          1.00         0.00         0.00         0.00         0.00         0.00         0.00         0.00         0.00       394.31         0.00        93.22          0.00     3,240.39       499.26     3,739.65       488.53     3,251.12
0442          1.00         0.00         0.00         0.00         0.00         0.00         0.00         0.00         0.00        33.90         0.00        34.50          0.00     1,368.62       234.60     1,603.22        69.40     1,533.82
7630          1.00         0.00         0.00         0.00         0.00         0.00         0.00         0.00         0.00         0.00         0.00        15.99         38.40       691.10       134.57       825.67        16.99       808.68
7330          0.00         0.00         0.00         0.00         0.00         0.00         0.00         0.00         0.00         0.00         0.00         0.00          0.00         0.00         0.00         0.00         0.00         0.00
7243          1.00         0.00         0.00         0.00         0.00         0.00         0.00         0.00         0.00         0.00         0.00        24.41         38.90       861.38       159.12     1,020.50        25.41       995.09
7397          1.00         0.00         0.00         0.00         0.00         0.00         0.00         0.00         0.00         0.00         0.00        22.99         31.51       982.63       307.48     1,290.11        23.99     1,266.12
7421          1.00         0.00         0.00         0.00         0.00         0.00         0.00         0.00         0.00         0.00         0.00        25.16         32.56       960.38       241.78     1,202.16        26.16     1,176.00
7595          1.00         0.00         0.00         0.00         0.00         0.00         0.00         0.00         0.00         0.00         0.00        20.06         32.57       960.38       241.79     1,202.17        21.06     1,181.11
7298          1.00         0.00         0.00         0.00         0.00         0.00         0.00         0.00         0.00        45.66         0.00        34.03          0.00     1,563.62       394.32     1,957.94        80.69     1,877.25
5396          1.00         0.00         0.00         0.00         0.00         0.00         0.00         0.00         0.00         0.00         0.00        22.72         29.50       871.38       194.22     1,065.60        23.72     1,041.88
5704          1.00         0.00         0.00         0.00         0.00         0.00         0.00         0.00         0.00        17.59         0.00        34.39          0.00     1,305.66       252.41     1,558.07        52.98     1,505.09
7503          0.00         0.00         0.00         0.00         0.00         0.00         0.00         0.00         0.00         0.00         0.00         0.00          0.00         0.00         0.00         0.00         0.00         0.00
7190          1.00         0.00         0.00         0.00         0.00         0.00       104.13         0.00         0.00         0.00         0.00        18.54         60.10       869.28       249.57     1,118.85       123.67       995.18
7588          1.00         0.00         0.00         0.00         0.00         0.00         0.00         0.00         0.00         0.00         0.00        20.96         32.56       960.38       241.78     1,202.16        21.96     1,180.20
5588          1.00         0.00         0.00         0.00         0.00         0.00         0.00         0.00         0.00         0.00         0.00        23.37         32.56       960.38       241.78     1,202.16        24.37     1,177.79
6203          1.00         0.00         0.00         0.00         0.00         0.00         0.00         0.00         0.00         0.00         0.00        23.32         32.84       960.38       242.06     1,202.44        24.32     1,178.12
6582          1.00         0.00         0.00         0.00         0.00         0.00         0.00         0.00         0.00         0.00         0.00        20.06         38.90       861.38       159.12     1,020.50        21.06       999.44
7226          1.00         0.00         0.00         0.00         0.00         0.00         0.00         0.00         0.00         0.00         0.00        26.27         32.56       960.38       241.78     1,202.16        27.27     1,174.89
7613          1.00         0.00         0.00         0.00         0.00         0.00         0.00         0.00         0.00         0.00         0.00        18.65         32.79       861.38       153.01     1,014.39        19.65       994.74
3326          1.00         0.00         0.00         0.00         0.00         0.00         0.00         0.00         0.00        53.95         0.00        35.32          0.00     1,552.89       334.62     1,887.51        90.27     1,797.24
3960          1.00         0.00         0.00         0.00         0.00       283.45         0.00         0.00         0.00        18.92         0.00        30.83          0.00     1,317.84       361.49     1,679.33       334.20     1,345.13
2233          0.00         0.00         0.00         0.00         0.00         0.00         0.00         0.00         0.00         0.00         0.00         0.00          0.00         0.00         0.00         0.00         0.00         0.00
7584          1.00         0.00         0.00         0.00         0.00         0.00         0.00         0.00         0.00         0.00         0.00        19.83         32.24       861.38       152.46     1,013.84        20.83       993.01
0449          1.00         0.00       300.00         0.00         0.00       389.82         0.00         0.00         0.00         0.00         0.00        37.29          4.84     1,360.44       241.03     1,601.47       728.11       873.36
6934          1.00         0.00         0.00         0.00         0.00         0.00         0.00         0.00         0.00       342.85         0.00        84.39          0.00     2,999.45       460.71     3,460.16       428.24     3,031.92
7137          1.00         0.00         0.00         0.00         0.00         0.00         0.00         0.00         0.00       148.33         0.00        34.75          0.00     2,159.46       369.99     2,529.45       184.08     2,345.37
6682          1.00         0.00         0.00         0.00         0.00         0.00       124.60         0.00         0.00         0.00         0.00        17.70         50.20       765.70       146.37       912.07       143.30       768.77
1269          1.00         0.00         0.00         0.00         0.00         0.00         0.00         0.00         0.00         0.00         0.00        20.36         38.27       871.38       158.49     1,029.87        21.36     1,008.51
6006          1.00         0.00         0.00         0.00         0.00         0.00         0.00         0.00         0.00         0.00         0.00        24.83         32.56       960.38       241.78     1,202.16        25.83     1,176.33
6918          1.00         0.00         0.00         0.00         0.00         0.00         0.00         0.00         0.00         0.00         0.00        18.65         39.27       871.38       159.49     1,030.87        19.65     1,011.22
1419          1.00         0.00         0.00         0.00         0.00       268.68         0.00         0.00         0.00        62.87         0.00        31.82          0.00     1,634.91       424.88     2,059.79       364.37     1,695.42
7605          1.00         0.00         0.00         0.00         0.00         0.00       104.13         0.00         0.00         0.00         0.00        17.80         58.43       869.28       247.90     1,117.18       122.93       994.25
7545          1.00         0.00         0.00         0.00         0.00         0.00         0.00         0.00         0.00       111.02         0.00        35.84          0.00     1,540.84       487.59     2,028.43       147.86     1,880.57

















































EJECUTIVOS EN SERVICIOS DE ALIMENTOS, S.A. DE C.V.                                                                      Pagina: 0005
R.F.C.:                                                                                                                    5/NOV/19
REPORTE DE SUELDOS SEMANALES DEDUCCIONES


 
Codigo Desc Vales   Desc Zapatos Otras Deducc Desc Fonacot Pension Alim Desc Infonav Faltas       Inca Enferme Inca Riesgo  ISPT         Ajus ISPT    IMSS          Sub P/Empleo Tot Per Grav Tot Per Exce Total Percep Total Deducc Neto Pagado
..........................................................................................................................................................................................................................................
5905          1.00         0.00         0.00         0.00         0.00         0.00         0.00         0.00         0.00        99.08         0.00        37.30          0.00     1,431.09       315.13     1,746.22       137.38     1,608.84
7462          1.00         0.00         0.00         0.00         0.00         0.00         0.00         0.00         0.00         0.00         0.00        24.99         27.58     1,038.26       359.17     1,397.43        25.99     1,371.44
3525          1.00         0.00         0.00         0.00         0.00         0.00         0.00         0.00         0.00         0.00         0.00        29.59          0.08     1,207.35       271.99     1,479.34        30.59     1,448.75
7626          1.00         0.00         0.00         0.00         0.00       313.33         0.00         0.00         0.00         0.00         0.00        18.65         28.76       982.63       260.23     1,242.86       332.98       909.88
2451          1.00         0.00         0.00         0.00         0.00         0.00         0.00         0.00         0.00         0.00         0.00        23.76         36.84       893.63       223.81     1,117.44        24.76     1,092.68
6885          1.00         0.00         0.00         0.00         0.00         0.00         0.00         0.00         0.00         0.00         0.00        24.93         25.79       960.38       235.01     1,195.39        25.93     1,169.46
4775          1.00         0.00         0.00         0.00         0.00         0.00       104.13         0.00         0.00         0.00         0.00        23.42         43.58       813.66       177.42       991.08       128.55       862.53
7528          1.00         0.00         0.00         0.00         0.00         0.00         0.00         0.00         0.00         0.00         0.00        25.94         27.58     1,038.26       359.17     1,397.43        26.94     1,370.49
5671          1.00         0.00         0.00         0.00         0.00         0.00         0.00         0.00         0.00       149.36         0.00        47.35          0.00     1,893.24       283.71     2,176.95       197.71     1,979.24
4832          1.00         0.00         0.00         0.00         0.00         0.00         0.00         0.00         0.00         0.00         0.00        24.83         52.07       960.38       261.29     1,221.67        25.83     1,195.84
6567          1.00         0.00         0.00         0.00         0.00         0.00         0.00         0.00         0.00         0.00         0.00        26.88         38.27       871.38       238.99     1,110.37        27.88     1,082.49
3321          1.00         0.00         0.00         0.00         0.00         0.00         0.00         0.00         0.00       204.97         0.00        50.70          0.00     2,270.77       453.58     2,724.35       256.67     2,467.68
2112          1.00         0.00         0.00         0.00         0.00         0.00         0.00         0.00         0.00         0.00         0.00        22.87         32.56       960.38       241.78     1,202.16        23.87     1,178.29
0624          1.00         0.00         0.00         0.00         0.00         0.00         0.00         0.00         0.00       171.53         0.00        62.81          0.00     2,061.75       430.35     2,492.10       235.34     2,256.76
6877          1.00         0.00       250.00       141.34         0.00         0.00         0.00         0.00         0.00         0.00         0.00        30.29          4.31     1,194.86       213.53     1,408.39       422.63       985.76
4385          1.00         0.00         0.00         0.00         0.00         0.00         0.00         0.00         0.00         9.45         0.00        37.24          0.00     1,294.92       285.92     1,580.84        47.69     1,533.15
7378          1.00         0.00         0.00         0.00         0.00         0.00         0.00         0.00         0.00         0.00         0.00        22.59         38.91       861.38       203.63     1,065.01        23.59     1,041.42
0366          1.00         0.00         0.00         0.00         0.00         0.00         0.00         0.00         0.00       319.35         0.00        81.08          0.00     2,889.42       444.70     3,334.12       401.43     2,932.69
6206          1.00         0.00         0.00         0.00         0.00         0.00         0.00         0.00         0.00         0.00         0.00        26.80          3.51     1,207.35       275.42     1,482.77        27.80     1,454.97
7618          1.00         0.00         0.00         0.00         0.00         0.00         0.00         0.00         0.00         0.00         0.00        18.65         38.90       861.38       159.12     1,020.50        19.65     1,000.85
 
*** GLO     184.00       192.00     1,210.00       457.42         0.00     8,060.85     1,384.19       272.82       208.26     6,247.80         0.00     5,378.97      4,616.61   220,830.68                268,478.75    23,596.31   244,882.44
  





































































