EJECUTIVOS EN SERVICIOS DE ALIMENTOS, S.A. DE C.V.                                                                      Pagina: 0001
R.F.C.:                                                                                                                    5/NOV/19
REPORTE DE SUELDOS SEMANALES DEDUCCIONES


 
Codigo Desc Vales   Desc Zapatos Otras Deducc Desc Fonacot Pension Alim Desc Infonav Faltas       Inca Enferme Inca Riesgo  ISPT         Ajus ISPT    IMSS          Sub P/Empleo Tot Per Grav Tot Per Exce Total Percep Total Deducc Neto Pagado
..........................................................................................................................................................................................................................................
7505          1.00         0.00         0.00         0.00         0.00         0.00         0.00         0.00         0.00         0.00         0.00        23.78         23.81     1,103.04       255.85     1,358.89        24.78     1,334.11
6600          1.00         0.00         0.00         0.00         0.00         0.00         0.00         0.00         0.00         0.00         0.00        20.85         31.67       883.63       200.97     1,084.60        21.85     1,062.75
7685          1.00         0.00         0.00         0.00         0.00         0.00         0.00         0.00         0.00         0.00         0.00        23.18         28.80       871.38       149.02     1,020.40        24.18       996.22
7331          1.00         0.00         0.00         0.00         0.00         0.00         0.00         0.00         0.00         0.00         0.00        23.90         24.52       982.63       255.99     1,238.62        24.90     1,213.72
5933          1.00         0.00         0.00         0.00         0.00         0.00         0.00         0.00         0.00         0.00         0.00        26.71         47.82       960.38       257.04     1,217.42        27.71     1,189.71
7170          1.00         0.00         0.00         0.00         0.00         0.00         0.00         0.00         0.00         0.00         0.00        26.04          1.82     1,127.26       244.41     1,371.67        27.04     1,344.63
7774          1.00         0.00         0.00         0.00         0.00         0.00       124.60         0.00         0.00         0.00         0.00        18.87         47.12       765.70       143.29       908.99       144.47       764.52
5618          1.00         0.00         0.00         0.00         0.00         0.00         0.00         0.00         0.00         0.00         0.00        31.37         32.18     1,104.17       339.20     1,443.37        32.37     1,411.00
5201          1.00         0.00         0.00         0.00         0.00       312.81         0.00         0.00         0.00        89.16         0.00        34.58          0.00     1,615.61       460.04     2,075.65       437.55     1,638.10
3890          1.00         0.00         0.00         0.00         0.00         0.00         0.00         0.00         0.00       178.36         0.00        54.71          0.00     2,104.51       319.12     2,423.63       234.07     2,189.56
6654          0.00         0.00         0.00         0.00         0.00         0.00         0.00         0.00         0.00         0.00         0.00         0.00          0.00         0.00         0.00         0.00         0.00         0.00
3652          1.00         0.00         0.00         0.00         0.00       380.99         0.00         0.00         0.00       166.56         0.00        62.07          0.00     2,051.37       367.50     2,418.87       610.62     1,808.25
1123          1.00         0.00         0.00         0.00         0.00         0.00         0.00         0.00         0.00        57.96         0.00        31.26          0.00     1,589.76       391.31     1,981.07        90.22     1,890.85
4044          1.00         0.00         0.00         0.00         0.00         0.00         0.00         0.00         0.00        31.24         0.00        32.10          0.00     1,431.09       377.84     1,808.93        64.34     1,744.59
7593          1.00         0.00         0.00         0.00         0.00         0.00         0.00         0.00         0.00         0.00         0.00        25.10         16.03     1,060.51       369.87     1,430.38        26.10     1,404.28
7802          1.00         0.00         0.00         0.00         0.00         0.00       104.13         0.00         0.00         0.00         0.00        16.69         48.22       869.28       237.69     1,106.97       121.82       985.15
7259          1.00         0.00         0.00         0.00         0.00         0.00         0.00         0.00         0.00         0.00         0.00        19.86         10.43     1,306.38       219.65     1,526.03        20.86     1,505.17
7312          1.00         0.00         0.00         0.00         0.00         0.00         0.00         0.00         0.00         0.00         0.00        22.04         38.31       871.38       158.53     1,029.91        23.04     1,006.87
7338          1.00         0.00         0.00         0.00         0.00         0.00         0.00         0.00         0.00         0.00         0.00        23.65         29.30     1,014.04       172.34     1,186.38        24.65     1,161.73
5677          1.00         0.00         0.00         0.00         0.00         0.00         0.00         0.00         0.00         7.70         0.00        33.88          0.00     1,214.68       206.47     1,421.15        42.58     1,378.57
7737          1.00         0.00         0.00         0.00         0.00         0.00         0.00         0.00         0.00         0.00         0.00        20.50         32.33       861.38       152.55     1,013.93        21.50       992.43
4008          1.00         0.00         0.00         0.00         0.00         0.00         0.00         0.00         0.00       205.76         0.00        57.48          0.00     2,275.77       512.92     2,788.69       264.24     2,524.45
6210          1.00         0.00         0.00         0.00         0.00         0.00         0.00         0.00         0.00         1.76         0.00        30.26          0.00     1,160.14       186.96     1,347.10        33.02     1,314.08
6213          1.00         0.00         0.00         0.00         0.00         0.00         0.00         0.00         0.00         1.91         0.00        24.45          0.00     1,093.04       232.04     1,325.08        27.36     1,297.72
7812          1.00         0.00         0.00         0.00         0.00         0.00         0.00         0.00         0.00         0.00         0.00        13.32         37.80       520.82       109.93       630.75        14.32       616.43
0849          1.00         0.00         0.00         0.00         0.00         0.00         0.00         0.00         0.00         0.00         0.00        34.79         11.07     1,089.04       154.11     1,243.15        35.79     1,207.36
7806          1.00         0.00         0.00         0.00         0.00         0.00       373.80         0.00         0.00         0.00         0.00        12.76         49.92       694.35        98.00       792.35       387.56       404.79
7536          1.00         0.00         0.00         0.00         0.00         0.00         0.00         0.00         0.00         0.00         0.00        23.52         36.06       905.88       200.78     1,106.66        24.52     1,082.14
5237          1.00         0.00         0.00         0.00         0.00         0.00         0.00         0.00         0.00         0.00         0.00        20.08         26.14       960.38       235.36     1,195.74        21.08     1,174.66
7430          1.00         0.00         0.00         0.00         0.00         0.00         0.00         0.00         0.00       237.37         0.00        58.63          0.00     2,455.72       605.43     3,061.15       297.00     2,764.15
5181          1.00         0.00       250.00         0.00         0.00         0.00         0.00         0.00         0.00         0.00         0.00        25.35         32.56       960.38       241.78     1,202.16       276.35       925.81
7655          1.00         0.00         0.00         0.00         0.00         0.00         0.00         0.00         0.00         0.00         0.00        25.88         34.25       861.38       154.47     1,015.85        26.88       988.97
7057          1.00         0.00         0.00         0.00         0.00         0.00         0.00         0.00         0.00         0.00         0.00        23.85         28.02       950.38       237.24     1,187.62        24.85     1,162.77
6986          0.00         0.00         0.00         0.00         0.00         0.00         0.00         0.00         0.00         0.00         0.00         0.00          0.00         0.00         0.00         0.00         0.00         0.00
5558          1.00         0.00         0.00         0.00         0.00         0.00         0.00         0.00         0.00         0.39         0.00        23.74          0.00     1,147.54       321.04     1,468.58        25.13     1,443.45
4746          1.00         0.00         0.00         0.00         0.00       337.44         0.00         0.00         0.00        29.29         0.00        35.29          0.00     1,413.15       211.63     1,624.78       403.02     1,221.76
7663          1.00         0.00         0.00         0.00         0.00         0.00         0.00         0.00         0.00         0.00         0.00        21.42         27.16     1,044.94       219.69     1,264.63        22.42     1,242.21
7407          1.00         0.00       200.00         0.00         0.00         0.00         0.00         0.00         0.00        73.54         0.00        25.14          0.00     1,627.88       309.34     1,937.22       299.68     1,637.54
6061          0.00         0.00         0.00         0.00         0.00         0.00         0.00         0.00         0.00         0.00         0.00         0.00          0.00         0.00         0.00         0.00         0.00         0.00
7773          1.00         0.00         0.00         0.00         0.00         0.00         0.00         0.00         0.00         0.00         0.00        21.53         33.82       944.82       237.47     1,182.29        22.53     1,159.76
7797          1.00         0.00         0.00         0.00         0.00         0.00         0.00         0.00         0.00         0.00         0.00        23.30         29.14     1,014.04       172.18     1,186.22        24.30     1,161.92
1424          1.00         0.00       250.00         0.00         0.00       457.22         0.00         0.00         0.00       454.26         0.00        90.02          0.00     3,521.05       724.99     4,246.04     1,252.50     2,993.54
5280          1.00         0.00         0.00       362.10         0.00       435.11         0.00         0.00         0.00       152.32         0.00        48.39          0.00     1,920.48       289.67     2,210.15       998.92     1,211.23

















































EJECUTIVOS EN SERVICIOS DE ALIMENTOS, S.A. DE C.V.                                                                      Pagina: 0002
R.F.C.:                                                                                                                    5/NOV/19
REPORTE DE SUELDOS SEMANALES DEDUCCIONES


 
Codigo Desc Vales   Desc Zapatos Otras Deducc Desc Fonacot Pension Alim Desc Infonav Faltas       Inca Enferme Inca Riesgo  ISPT         Ajus ISPT    IMSS          Sub P/Empleo Tot Per Grav Tot Per Exce Total Percep Total Deducc Neto Pagado
..........................................................................................................................................................................................................................................
7742          1.00         0.00         0.00         0.00         0.00         0.00         0.00         0.00         0.00         0.00         0.00        19.82         32.33       861.38       152.55     1,013.93        20.82       993.11
7740          1.00         0.00         0.00         0.00         0.00         0.00         0.00         0.00         0.00         0.00         0.00        20.37         35.41       915.88       200.13     1,116.01        21.37     1,094.64
7799          1.00         0.00         0.00         0.00         0.00         0.00         0.00         0.00         0.00         0.00         0.00        18.65         25.75     1,071.63       312.84     1,384.47        19.65     1,364.82
6461          1.00         0.00       200.00         0.00         0.00         0.00         0.00         0.00         0.00        96.83         0.00        31.03          0.00     1,686.11       432.21     2,118.32       328.86     1,789.46
6765          1.00         0.00         0.00         0.00         0.00         0.00         0.00         0.00         0.00        44.94         0.00        54.75          0.00     1,470.01       328.59     1,798.60       100.69     1,697.91
7694          1.00         0.00         0.00         0.00         0.00         0.00         0.00         0.00         0.00         0.00         0.00        24.24         32.56       960.38       286.28     1,246.66        25.24     1,221.42
7752          1.00         0.00         0.00         0.00         0.00         0.00         0.00         0.00         0.00         0.00         0.00        21.03         35.51       915.88       244.73     1,160.61        22.03     1,138.58
6657          1.00         0.00         0.00         0.00         0.00         0.00         0.00         0.00         0.00         0.00         0.00        19.90         38.73     1,016.01       303.57     1,319.58        20.90     1,298.68
5000          1.00         0.00         0.00         0.00         0.00         0.00         0.00         0.00         0.00        18.28         0.00        26.62          0.00     1,377.36       321.84     1,699.20        45.90     1,653.30
5644          1.00         0.00       122.00         0.00         0.00       331.25         0.00         0.00         0.00        39.63         0.00        32.73          0.00     1,508.17       425.60     1,933.77       526.61     1,407.16
6638          1.00         0.00         0.00         0.00         0.00         0.00         0.00         0.00         0.00         0.00         0.00        20.06         41.79       960.38       251.01     1,211.39        21.06     1,190.33
7734          1.00         0.00         0.00         0.00         0.00         0.00         0.00         0.00         0.00         0.00         0.00        20.07        113.93       436.76       174.21       610.97        21.07       589.90
7800          1.00         0.00         0.00         0.00         0.00         0.00         0.00         0.00         0.00         0.00         0.00        18.65         33.54       861.38       153.76     1,015.14        19.65       995.49
6690          1.00         0.00         0.00         0.00         0.00         0.00         0.00         0.00         0.00         0.00         0.00        21.96         26.80     1,050.50       302.77     1,353.27        22.96     1,330.31
7168          1.00         0.00         0.00         0.00         0.00         0.00         0.00         0.00         0.00         0.00         0.00        21.69         26.94       960.38       280.66     1,241.04        22.69     1,218.35
7786          1.00         0.00         0.00         0.00         0.00         0.00         0.00         0.00         0.00         0.00         0.00        21.16         38.91       861.38       159.13     1,020.51        22.16       998.35
6542          0.00         0.00         0.00         0.00         0.00         0.00         0.00         0.00         0.00         0.00         0.00         0.00          0.00         0.00         0.00         0.00         0.00         0.00
4314          1.00         0.00         0.00         0.00         0.00         0.00         0.00         0.00         0.00       174.41         0.00        55.37          0.00     2,079.76       370.56     2,450.32       230.78     2,219.54
3160          1.00         0.00         0.00         0.00         0.00         0.00         0.00         0.00         0.00         0.00         0.00        19.71         40.52       939.26       238.61     1,177.87        20.71     1,157.16
7632          1.00         0.00         0.00         0.00         0.00         0.00         0.00         0.00         0.00         0.00         0.00        26.72         21.36     1,004.88       241.70     1,246.58        27.72     1,218.86
7803          1.00         0.00         0.00         0.00         0.00         0.00       104.13         0.00         0.00         0.00         0.00        16.68         39.27       869.28       273.24     1,142.52       121.81     1,020.71
6504          1.00         0.00         0.00         0.00         0.00         0.00         0.00         0.00         0.00         0.00         0.00        23.12         36.61       871.38       156.83     1,028.21        24.12     1,004.09
7801          1.00         0.00         0.00         0.00         0.00         0.00         0.00         0.00         0.00         0.00         0.00        18.65         32.57       960.38       241.79     1,202.17        19.65     1,182.52
7604          1.00         0.00         0.00         0.00         0.00         0.00         0.00         0.00         0.00         0.00         0.00        23.40         32.56       960.38       241.78     1,202.16        24.40     1,177.76
7061          1.00         0.00         0.00         0.00         0.00         0.00         0.00         0.00         0.00        10.99         0.00        30.88          0.00     1,314.99       242.59     1,557.58        42.87     1,514.71
7805          1.00         0.00         0.00         0.00         0.00         0.00         0.00         0.00         0.00         0.00         0.00        26.27          3.22     1,178.33       230.84     1,409.17        27.27     1,381.90
7810          1.00         0.00         0.00         0.00         0.00         0.00         0.00         0.00         0.00       155.43         0.00        36.38          0.00     1,819.82       273.57     2,093.39       192.81     1,900.58
7633          1.00         0.00         0.00         0.00         0.00         0.00         0.00         0.00         0.00         0.00         0.00        24.34         20.93       961.51       241.27     1,202.78        25.34     1,177.44
7428          1.00         0.00         0.00         0.00         0.00         0.00         0.00         0.00         0.00         0.61         0.00        26.34          0.00     1,149.50       298.22     1,447.72        27.95     1,419.77
2897          1.00         0.00         0.00         0.00         0.00         0.00         0.00         0.00         0.00         0.00         0.00        19.86         38.91       861.38       159.13     1,020.51        20.86       999.65
7811          1.00         0.00         0.00         0.00         0.00         0.00         0.00         0.00         0.00         0.00         0.00        13.32         37.80       520.82       109.93       630.75        14.32       616.43
7558          1.00         0.00         0.00         0.00         0.00         0.00         0.00         0.00         0.00         0.00         0.00        21.09         53.75       905.88       173.97     1,079.85        22.09     1,057.76
6360          1.00         0.00         0.00         0.00         0.00         0.00         0.00         0.00         0.00         0.00         0.00        21.10         32.87       960.38       242.09     1,202.47        22.10     1,180.37
7614          1.00         0.00         0.00         0.00         0.00         0.00         0.00         0.00         0.00        46.04         0.00        30.54          0.00     1,378.34       271.90     1,650.24        77.58     1,572.66
3318          1.00         0.00         0.00         0.00         0.00       500.52         0.00         0.00         0.00       217.30         0.00        58.55          0.00     2,347.84       477.37     2,825.21       777.37     2,047.84
7706          1.00         0.00         0.00         0.00         0.00         0.00         0.00         0.00         0.00         0.00         0.00        22.19         26.10     1,061.63       391.07     1,452.70        23.19     1,429.51
7804          1.00         0.00         0.00         0.00         0.00         0.00         0.00         0.00         0.00        62.90         0.00        36.10          0.00     1,635.19       303.66     1,938.85       100.00     1,838.85
5139          1.00         0.00         0.00         0.00         0.00       759.20         0.00         0.00         0.00       270.05         0.00        83.14          0.00     2,638.09       293.88     2,931.97     1,113.39     1,818.58
6083          1.00         0.00         0.00         0.00         0.00         0.00         0.00         0.00         0.00         0.00         0.00        27.13         34.26     1,089.92       364.77     1,454.69        28.13     1,426.56
6766          1.00         0.00         0.00         0.00         0.00         0.00         0.00         0.00         0.00         0.00         0.00        30.70          9.61     1,119.61       171.14     1,290.75        31.70     1,259.05
4137          1.00         0.00         0.00         0.00         0.00         0.00         0.00         0.00         0.00       416.78         0.00       129.14          0.00     3,345.57       692.93     4,038.50       546.92     3,491.58
7542          1.00        48.00         0.00         0.00         0.00         0.00         0.00         0.00         0.00         0.00         0.00        20.54         34.96       871.38       155.18     1,026.56        69.54       957.02
7759          1.00         0.00         0.00         0.00         0.00         0.00         0.00         0.00         0.00         0.00         0.00        19.95         38.91       861.38       159.13     1,020.51        20.95       999.56

















































EJECUTIVOS EN SERVICIOS DE ALIMENTOS, S.A. DE C.V.                                                                      Pagina: 0003
R.F.C.:                                                                                                                    5/NOV/19
REPORTE DE SUELDOS SEMANALES DEDUCCIONES


 
Codigo Desc Vales   Desc Zapatos Otras Deducc Desc Fonacot Pension Alim Desc Infonav Faltas       Inca Enferme Inca Riesgo  ISPT         Ajus ISPT    IMSS          Sub P/Empleo Tot Per Grav Tot Per Exce Total Percep Total Deducc Neto Pagado
..........................................................................................................................................................................................................................................
3780          1.00         0.00         0.00         0.00         0.00         0.00         0.00         0.00       146.75        33.41         0.00        31.08          0.00     1,510.84       323.76     1,834.60       212.24     1,622.36
7678          1.00         0.00         0.00         0.00         0.00         0.00         0.00         0.00         0.00         0.00         0.00        25.69         45.14       861.38       165.36     1,026.74        26.69     1,000.05
6205          1.00         0.00         0.00         0.00         0.00         0.00         0.00         0.00         0.00         8.38         0.00        23.06          0.00     1,194.01       353.84     1,547.85        32.44     1,515.41
5027          1.00         0.00         0.00         0.00         0.00         0.00         0.00         0.00         0.00        28.51         0.00        28.96          0.00     1,319.04       232.04     1,551.08        58.47     1,492.61
7791          1.00         0.00         0.00         0.00         0.00         0.00         0.00         0.00         0.00         0.00         0.00        21.46         31.14       982.63       262.61     1,245.24        22.46     1,222.78
7798          1.00         0.00         0.00         0.00         0.00       108.00         0.00         0.00         0.00         0.00         0.00        32.46         29.16     1,427.46       301.06     1,728.52       141.46     1,587.06
6839          1.00         0.00         0.00         0.00         0.00         0.00         0.00         0.00         0.00         0.00         0.00        23.14         38.75     1,043.81       247.97     1,291.78        24.14     1,267.64
5646          1.00         0.00         0.00         0.00         0.00         0.00         0.00         0.00         0.00         0.00         0.00        23.34         42.98     1,004.88       296.70     1,301.58        24.34     1,277.24
7750          1.00         0.00         0.00         0.00         0.00         0.00         0.00         0.00         0.00         0.00         0.00        21.54         44.94       871.38       209.66     1,081.04        22.54     1,058.50
7708          1.00         0.00         0.00         0.00         0.00         0.00         0.00         0.00         0.00         0.00         0.00        20.08         31.15       982.63       262.62     1,245.25        21.08     1,224.17
6978          1.00         0.00         0.00         0.00         0.00         0.00         0.00         0.00         0.00         0.00         0.00        26.06         34.96       871.38       155.18     1,026.56        27.06       999.50
7647          1.00         0.00         0.00         0.00         0.00         0.00         0.00         0.00         0.00         0.00         0.00        26.11         26.93       960.38       236.15     1,196.53        27.11     1,169.42
5679          0.00         0.00         0.00         0.00         0.00         0.00         0.00         0.00         0.00         0.00         0.00         0.00          0.00         0.00         0.00         0.00         0.00         0.00
7530          1.00         0.00         0.00         0.00         0.00         0.00         0.00         0.00         0.00         0.00         0.00        22.83         34.04       872.51       165.38     1,037.89        23.83     1,014.06
6028          1.00         0.00         0.00         0.00         0.00       399.30         0.00         0.00         0.00       113.93         0.00        33.15          0.00     1,799.99       403.74     2,203.73       547.38     1,656.35
6565          1.00         0.00         0.00         0.00         0.00         0.00         0.00         0.00         0.00         0.00         0.00        25.44         18.45     1,038.25       272.17     1,310.42        26.44     1,283.98
7731          1.00         0.00         0.00         0.00         0.00         0.00         0.00         0.00         0.00         0.00         0.00        22.01         38.20       872.51       169.54     1,042.05        23.01     1,019.04
7753          1.00         0.00         0.00         0.00         0.00         0.00         0.00         0.00         0.00         0.00         0.00        27.40          3.12     1,115.29       257.41     1,372.70        28.40     1,344.30
3676          1.00         0.00         0.00         0.00         0.00         0.00         0.00         0.00         0.00        38.12         0.00        45.80          0.00     1,407.30       312.92     1,720.22        84.92     1,635.30
3221          0.00         0.00         0.00         0.00         0.00         0.00         0.00         0.00         0.00         0.00         0.00         0.00          0.00         0.00         0.00         0.00         0.00         0.00
7741          1.00         0.00         0.00         0.00         0.00         0.00         0.00         0.00         0.00         0.00         0.00        19.84         38.28       872.51       169.62     1,042.13        20.84     1,021.29
7779          1.00         0.00         0.00         0.00         0.00         0.00         0.00         0.00         0.00         6.13         0.00        26.83          0.00     1,265.65       388.49     1,654.14        33.96     1,620.18
7269          1.00         0.00         0.00         0.00         0.00         0.00         0.00         0.00         0.00         0.00         0.00        26.04         36.62       871.38       156.84     1,028.22        27.04     1,001.18
7807          1.00         0.00         0.00         0.00         0.00         0.00         0.00         0.00         0.00         0.00         0.00        18.65         32.57       960.38       241.79     1,202.17        19.65     1,182.52
2522          1.00         0.00         0.00         0.00         0.00         0.00         0.00         0.00         0.00         0.00         0.00        27.07         46.01       977.07       271.91     1,248.98        28.07     1,220.91
5506          1.00         0.00         0.00         0.00         0.00       224.80         0.00         0.00         0.00         4.57         0.00        29.23          0.00     1,178.20       242.76     1,420.96       259.60     1,161.36
0236          1.00         0.00         0.00         0.00         0.00       523.01         0.00         0.00         0.00       162.81         0.00        64.96          0.00     2,007.27       378.67     2,385.94       751.78     1,634.16
7080          1.00         0.00         0.00         0.00         0.00         0.00         0.00         0.00         0.00        56.05         0.00        36.62          0.00     1,572.19       409.20     1,981.39        93.67     1,887.72
5965          1.00         0.00         0.00         0.00         0.00         0.00         0.00         0.00         0.00        39.61         0.00        26.71          0.00     1,421.08       365.56     1,786.64        67.32     1,719.32
5447          1.00         0.00         0.00         0.00         0.00         0.00         0.00         0.00         0.00         0.00         0.00        26.47         26.21     1,059.67       224.87     1,284.54        27.47     1,257.07
7723          1.00        48.00         0.00         0.00         0.00         0.00         0.00         0.00         0.00         0.00         0.00        25.72         29.84       915.88       239.06     1,154.94        74.72     1,080.22
6685          1.00         0.00         0.00         0.00         0.00         0.00         0.00         0.00         0.00        10.52         0.00        23.34          0.00     1,227.38       309.34     1,536.72        34.86     1,501.86
5549          1.00         0.00         0.00         0.00         0.00         0.00         0.00         0.00         0.00         0.00         0.00        27.57         26.94       960.38       280.66     1,241.04        28.57     1,212.47
0854          1.00         0.00         0.00         0.00         0.00       326.19         0.00         0.00         0.00        78.76         0.00        37.67          0.00     1,704.84       337.64     2,042.48       443.62     1,598.86
7295          1.00         0.00         0.00         0.00         0.00         0.00         0.00         0.00         0.00         0.00         0.00        23.12         26.94       960.38       236.16     1,196.54        24.12     1,172.42
6832          1.00         0.00         0.00         0.00         0.00         0.00         0.00         0.00         0.00         0.00         0.00        23.52         32.38       910.32       191.53     1,101.85        24.52     1,077.33
4807          1.00         0.00         0.00         0.00         0.00         0.00         0.00         0.00         0.00       510.36         0.00       141.50          0.00     3,783.66       564.20     4,347.86       652.86     3,695.00
6821          1.00         0.00         0.00         0.00         0.00         0.00         0.00         0.00         0.00        17.30         0.00        26.75          0.00     1,236.20       278.11     1,514.31        45.05     1,469.26
3169          1.00         0.00         0.00         0.00         0.00         0.00         0.00         0.00         0.00         0.00         0.00        26.46         34.96       871.38       155.18     1,026.56        27.46       999.10
4514          1.00         0.00         0.00         0.00         0.00       555.40         0.00         0.00         0.00        70.68         0.00        54.04          0.00     1,793.58       406.99     2,200.57       681.12     1,519.45
7104          1.00         0.00         0.00         0.00         0.00         0.00       124.60         0.00         0.00         0.00         0.00        27.41         58.89       968.83       306.82     1,275.65       153.01     1,122.64
7754          1.00         0.00         0.00         0.00         0.00         0.00         0.00         0.00         0.00         0.00         0.00        20.07         32.56       960.38       241.78     1,202.16        21.07     1,181.09
7717          1.00         0.00         0.00         0.00         0.00         0.00         0.00         0.00         0.00        38.06         0.00        33.55          0.00     1,493.80       283.77     1,777.57        72.61     1,704.96

















































EJECUTIVOS EN SERVICIOS DE ALIMENTOS, S.A. DE C.V.                                                                      Pagina: 0004
R.F.C.:                                                                                                                    5/NOV/19
REPORTE DE SUELDOS SEMANALES DEDUCCIONES


 
Codigo Desc Vales   Desc Zapatos Otras Deducc Desc Fonacot Pension Alim Desc Infonav Faltas       Inca Enferme Inca Riesgo  ISPT         Ajus ISPT    IMSS          Sub P/Empleo Tot Per Grav Tot Per Exce Total Percep Total Deducc Neto Pagado
..........................................................................................................................................................................................................................................
6014          1.00         0.00         0.00         0.00         0.00         0.00         0.00         0.00         0.00        43.91         0.00        32.18          0.00     1,355.50       278.12     1,633.62        77.09     1,556.53
7775          0.00         0.00         0.00         0.00         0.00         0.00         0.00         0.00         0.00         0.00         0.00         0.00          0.00         0.00         0.00         0.00         0.00         0.00
7783          1.00         0.00         0.00         0.00         0.00         0.00         0.00         0.00         0.00        64.23         0.00        26.64          0.00     1,647.31       410.50     2,057.81        91.87     1,965.94
7551          1.00         0.00         0.00         0.00         0.00         0.00         0.00         0.00         0.00        31.70         0.00        31.12          0.00     1,348.36       242.59     1,590.95        63.82     1,527.13
7715          1.00         0.00         0.00         0.00         0.00         0.00       104.13         0.00         0.00         0.00         0.00        22.33         43.38       869.28       232.85     1,102.13       127.46       974.67
6985          1.00         0.00         0.00         0.00         0.00         0.00         0.00         0.00         0.00       258.18         0.00        83.48          0.00     2,603.06       687.78     3,290.84       342.66     2,948.18
3827          1.00         0.00         0.00         0.00         0.00         0.00         0.00         0.00         0.00         5.63         0.00        31.47          0.00     1,151.10       341.63     1,492.73        38.10     1,454.63
5412          1.00         0.00         0.00         0.00         0.00         0.00         0.00         0.00         0.00         0.00         0.00        22.88         35.34       917.01       211.18     1,128.19        23.88     1,104.31
4504          1.00         0.00       500.00         0.00         0.00         0.00         0.00         0.00         0.00       193.63         0.00        57.97          0.00     2,199.89       318.38     2,518.27       752.60     1,765.67
7395          1.00         0.00         0.00         0.00         0.00         0.00         0.00         0.00         0.00         2.11         0.00        23.45          0.00     1,227.38       353.84     1,581.22        26.56     1,554.66
0214          1.00         0.00         0.00         0.00         0.00         0.00         0.00         0.00         0.00       510.36         0.00       133.30          0.00     3,783.66       564.20     4,347.86       644.66     3,703.20
7376          1.00         0.00         0.00         0.00         0.00         0.00         0.00         0.00         0.00         0.00         0.00        34.70          9.99     1,313.04       242.03     1,555.07        35.70     1,519.37
6321          1.00         0.00         0.00         0.00         0.00         0.00       104.13         0.00         0.00         0.00         0.00        22.08         72.15       832.76       181.01     1,013.77       127.21       886.56
5232          1.00         0.00         0.00         0.00         0.00         0.00         0.00         0.00         0.00         0.00         0.00        34.31         19.71     1,223.73       282.43     1,506.16        35.31     1,470.85
4958          1.00         0.00         0.00         0.00         0.00         0.00         0.00         0.00         0.00         0.00         0.00        23.14         26.94       960.38       236.16     1,196.54        24.14     1,172.40
3979          1.00         0.00         0.00         0.00         0.00         0.00         0.00         0.00         0.00       487.44         0.00       127.89          0.00     3,676.34       830.37     4,506.71       616.33     3,890.38
0442          1.00         0.00         0.00         0.00         0.00         0.00         0.00         0.00         0.00       104.31         0.00        39.57          0.00     1,479.12       304.53     1,783.65       144.88     1,638.77
7699          1.00         0.00         0.00         0.00         0.00         0.00         0.00         0.00         0.00         0.00         0.00        25.42         38.27       871.38       202.99     1,074.37        26.42     1,047.95
7330          0.00         0.00         0.00         0.00         0.00         0.00         0.00         0.00         0.00         0.00         0.00         0.00          0.00         0.00         0.00         0.00         0.00         0.00
7719          1.00         0.00         0.00         0.00         0.00         0.00         0.00         0.00         0.00         0.00         0.00        20.06         26.14       960.38       235.36     1,195.74        21.06     1,174.68
7421          1.00         0.00         0.00         0.00         0.00         0.00       104.13         0.00         0.00         0.00         0.00        21.88         65.83       891.53       277.55     1,169.08       127.01     1,042.07
7787          1.00         0.00         0.00         0.00         0.00         0.00         0.00         0.00         0.00         0.00         0.00        20.04         44.22       993.76       286.81     1,280.57        21.04     1,259.53
7776          1.00         0.00         0.00         0.00         0.00         0.00         0.00         0.00         0.00         0.00         0.00        19.78         38.91       861.38       159.13     1,020.51        20.78       999.73
7298          1.00         0.00         0.00         0.00         0.00         0.00         0.00         0.00         0.00        49.71         0.00        36.05          0.00     1,513.90       253.30     1,767.20        86.76     1,680.44
7758          1.00         0.00         0.00         0.00         0.00         0.00         0.00         0.00         0.00         0.00         0.00        20.38         32.56       960.38       241.78     1,202.16        21.38     1,180.78
5396          1.00         0.00         0.00         0.00         0.00         0.00         0.00         0.00         0.00         0.00         0.00        30.00         52.66       915.88       217.38     1,133.26        31.00     1,102.26
5704          1.00         0.00         0.00         0.00         0.00         0.00         0.00         0.00         0.00        72.07         0.00        39.18          0.00     1,719.41       636.29     2,355.70       112.25     2,243.45
7503          1.00         0.00         0.00         0.00         0.00         0.00         0.00         0.00         0.00         0.00         0.00        23.83         27.61     1,049.39       370.32     1,419.71        24.83     1,394.88
7588          1.00         0.00         0.00         0.00         0.00         0.00         0.00         0.00         0.00         0.00         0.00        30.36         19.98       960.38       229.20     1,189.58        31.36     1,158.22
5588          1.00         0.00       300.00         0.00         0.00         0.00         0.00         0.00         0.00         0.00         0.00        25.44         31.15       982.63       262.62     1,245.25       326.44       918.81
6203          1.00         0.00         0.00         0.00         0.00         0.00         0.00         0.00         0.00         0.00         0.00        21.14         29.74     1,027.14       305.70     1,332.84        22.14     1,310.70
6582          1.00         0.00         0.00         0.00         0.00         0.00         0.00         0.00         0.00         0.00         0.00        21.99         38.12       872.51       169.46     1,041.97        22.99     1,018.98
7392          1.00         0.00         0.00         0.00         0.00         0.00         0.00         0.00         0.00         0.00         0.00        20.58         20.05       960.38       229.27     1,189.65        21.58     1,168.07
7226          1.00        48.00         0.00         0.00         0.00         0.00         0.00         0.00         0.00         0.00         0.00        32.49          0.82     1,136.42       266.23     1,402.65        81.49     1,321.16
7664          1.00        48.00         0.00         0.00         0.00         0.00         0.00         0.00         0.00         0.00         0.00        23.59         47.82       960.38       257.04     1,217.42        72.59     1,144.83
7766          1.00         0.00         0.00         0.00         0.00       357.28         0.00         0.00         0.00         0.00         0.00        19.83         37.48       883.63       179.95     1,063.58       378.11       685.47
3326          1.00         0.00         0.00         0.00         0.00       352.72         0.00         0.00         0.00       107.92         0.00        50.27          0.00     1,788.07       381.65     2,169.72       511.91     1,657.81
0449          1.00         0.00       250.00         0.00         0.00       386.21         0.00         0.00         0.00        26.49         0.00        40.57          0.00     1,300.44       236.19     1,536.63       704.27       832.36
6934          1.00         0.00         0.00         0.00         0.00         0.00         0.00         0.00         0.00       342.85         0.00        84.50          0.00     2,999.45       460.71     3,460.16       428.35     3,031.81
7770          1.00         0.00         0.00         0.00         0.00         0.00         0.00         0.00         0.00         0.00         0.00        24.94         30.38       993.76       272.97     1,266.73        25.94     1,240.79
7137          1.00         0.00         0.00         0.00         0.00         0.00         0.00         0.00         0.00        49.60         0.00        37.28          0.00     1,512.90       195.11     1,708.01        87.88     1,620.13
6682          1.00         0.00         0.00         0.00         0.00         0.00       124.60         0.00         0.00         0.00         0.00        17.70         50.20       765.70       146.37       912.07       143.30       768.77
1269          1.00         0.00         0.00         0.00         0.00         0.00         0.00         0.00         0.00         0.00         0.00        19.98         38.90       861.38       159.12     1,020.50        20.98       999.52

















































EJECUTIVOS EN SERVICIOS DE ALIMENTOS, S.A. DE C.V.                                                                      Pagina: 0005
R.F.C.:                                                                                                                    5/NOV/19
REPORTE DE SUELDOS SEMANALES DEDUCCIONES


 
Codigo Desc Vales   Desc Zapatos Otras Deducc Desc Fonacot Pension Alim Desc Infonav Faltas       Inca Enferme Inca Riesgo  ISPT         Ajus ISPT    IMSS          Sub P/Empleo Tot Per Grav Tot Per Exce Total Percep Total Deducc Neto Pagado
..........................................................................................................................................................................................................................................
6918          1.00         0.00         0.00         0.00         0.00         0.00         0.00         0.00         0.00         0.00         0.00        20.72         27.52     1,039.38       325.74     1,365.12        21.72     1,343.40
1419          1.00         0.00       500.00         0.00         0.00       268.68         0.00         0.00         0.00       117.89         0.00        48.52          0.00     1,912.43       472.91     2,385.34       936.09     1,449.25
7545          1.00         0.00         0.00       275.78         0.00         0.00         0.00         0.00         0.00       241.33         0.00        41.75          0.00     2,701.07       518.94     3,220.01       559.86     2,660.15
6505          1.00         0.00         0.00         0.00         0.00         0.00       163.22       326.45         0.00         0.00         0.00        15.36         40.19       897.98       102.31     1,000.29       506.03       494.26
7809          1.00         0.00         0.00         0.00         0.00       282.79         0.00         0.00         0.00        81.08         0.00        24.40          0.00     1,042.64       290.08     1,332.72       389.27       943.45
3525          1.00         0.00         0.00         0.00         0.00         0.00         0.00         0.00         0.00        68.73         0.00        32.30          0.00     1,775.72       403.07     2,178.79       102.03     2,076.76
6885          1.00         0.00         0.00         0.00         0.00         0.00         0.00         0.00         0.00         0.00         0.00        27.41         26.87     1,049.38       369.59     1,418.97        28.41     1,390.56
7808          1.00         0.00         0.00         0.00         0.00         0.00         0.00         0.00         0.00         0.00         0.00        13.32         29.89       582.35       154.76       737.11        14.32       722.79
4775          1.00         0.00         0.00         0.00         0.00         0.00         0.00         0.00         0.00         0.00         0.00        20.17         39.96     1,032.69       238.05     1,270.74        21.17     1,249.57
7528          1.00         0.00         0.00         0.00         0.00         0.00         0.00         0.00         0.00         0.00         0.00        21.39         24.74     1,082.76       400.83     1,483.59        22.39     1,461.20
4832          1.00         0.00         0.00         0.00         0.00         0.00         0.00         0.00         0.00         0.00         0.00        27.40         39.88     1,038.25       293.60     1,331.85        28.40     1,303.45
3321          1.00         0.00         0.00         0.00         0.00         0.00         0.00         0.00         0.00       250.36         0.00        81.41          0.00     2,528.26       485.21     3,013.47       332.77     2,680.70
2112          1.00         0.00         0.00         0.00         0.00         0.00         0.00         0.00         0.00         0.00         0.00        23.17         34.96       871.38       182.01     1,053.39        24.17     1,029.22
0624          1.00         0.00         0.00         0.00         0.00         0.00         0.00         0.00         0.00       169.51         0.00        64.21          0.00     2,061.75       430.35     2,492.10       234.72     2,257.38
6877          1.00         0.00         0.00       116.15         0.00         0.00         0.00         0.00         0.00        37.79         0.00        29.08          0.00     1,430.53       271.91     1,702.44       184.02     1,518.42
4385          1.00         0.00         0.00         0.00         0.00         0.00         0.00         0.00         0.00        26.90         0.00        32.83          0.00     1,391.20       242.19     1,633.39        60.73     1,572.66
0366          1.00         0.00         0.00         0.00         0.00         0.00         0.00         0.00         0.00       370.06         0.00        84.82          0.00     3,126.86       588.77     3,715.63       455.88     3,259.75
6206          1.00         0.00         0.00         0.00         0.00         0.00         0.00         0.00         0.00        63.45         0.00        37.14          0.00     1,727.13       409.28     2,136.41       101.59     2,034.82
4366          1.00         0.00         0.00         0.00         0.00         0.00         0.00         0.00         0.00         0.00         0.00        22.19         29.13     1,014.04       172.17     1,186.21        23.19     1,163.02
7618          1.00        48.00         0.00         0.00         0.00         0.00         0.00         0.00         0.00         0.00         0.00        22.90         32.34       861.38       152.56     1,013.94        71.90       942.04
 
*** GLO     184.00       240.00     2,572.00       754.03         0.00     7,298.92     1,431.47       326.45       146.75     8,236.21         0.00     5,901.31      3,819.70   235,575.57                287,819.80    27,091.14   260,728.66
  





































































