EJECUTIVOS EN SERVICIOS DE ALIMENTOS, S.A. DE C.V.                                                                      Pagina: 0001
R.F.C.:                                                                                                                    5/NOV/19
REPORTE DE SUELDOS SEMANALES DEDUCCIONES


 
Codigo Desc Vales   Desc Zapatos Otras Deducc Desc Fonacot Pension Alim Desc Infonav Faltas       Inca Enferme Inca Riesgo  ISPT         Ajus ISPT    IMSS          Sub P/Empleo Tot Per Grav Tot Per Exce Total Percep Total Deducc Neto Pagado
..........................................................................................................................................................................................................................................
5761          0.00         0.00         0.00         0.00         0.00         0.00         0.00         0.00         0.00         0.00         0.00         0.00          0.00         0.00         0.00         0.00         0.00         0.00
7505          1.00         0.00         0.00         0.00         0.00         0.00         0.00         0.00         0.00         0.00         0.00        21.05         38.26       871.38       158.48     1,029.86        22.05     1,007.81
6600          1.00         0.00         0.00         0.00         0.00         0.00         0.00         0.00         0.00         0.00         0.00        20.80         19.58     1,061.63       239.92     1,301.55        21.80     1,279.75
7685          1.00         0.00         0.00         0.00         0.00         0.00         0.00         0.00         0.00         0.00         0.00        22.83         36.83       893.63       179.30     1,072.93        23.83     1,049.10
7331          1.00         0.00         0.00         0.00         0.00         0.00         0.00         0.00         0.00         0.00         0.00        15.99         31.16       772.43       220.63       993.06        16.99       976.07
5933          1.00         0.00         0.00         0.00         0.00         0.00         0.00         0.00         0.00         0.00         0.00        27.39         38.26       871.38       158.48     1,029.86        28.39     1,001.47
7170          1.00         0.00         0.00         0.00         0.00         0.00         0.00         0.00         0.00         0.00         0.00        21.51         36.83       893.63       179.30     1,072.93        22.51     1,050.42
5618          1.00         0.00         0.00         0.00         0.00         0.00         0.00         0.00         0.00         0.00         0.00        26.65         36.76       894.76       190.35     1,085.11        27.65     1,057.46
5201          1.00         0.00         0.00         0.00         0.00       312.81         0.00         0.00         0.00        53.95         0.00        33.88          0.00     1,552.89       334.62     1,887.51       401.64     1,485.87
3890          1.00         0.00         0.00         0.00         0.00         0.00         0.00         0.00         0.00       178.36         0.00        54.71          0.00     2,104.51       319.12     2,423.63       234.07     2,189.56
6654          0.00         0.00         0.00         0.00         0.00         0.00         0.00         0.00         0.00         0.00         0.00         0.00          0.00         0.00         0.00         0.00         0.00         0.00
3652          1.00         0.00         0.00         0.00         0.00       380.99         0.00         0.00         0.00       191.41         0.00        50.92          0.00     2,186.04       444.45     2,630.49       624.32     2,006.17
1123          1.00         0.00         0.00         0.00         0.00         0.00         0.00         0.00         0.00        26.32         0.00        33.06          0.00     1,385.94       281.56     1,667.50        60.38     1,607.12
7593          0.00         0.00         0.00         0.00         0.00         0.00         0.00         0.00         0.00         0.00         0.00         0.00          0.00         0.00         0.00         0.00         0.00         0.00
7669          1.00         0.00         0.00         0.00         0.00         0.00         0.00         0.00         0.00         0.00         0.00        31.36          7.69     1,137.24       170.44     1,307.68        32.36     1,275.32
7259          1.00         0.00         0.00         0.00         0.00         0.00         0.00         0.00         0.00         0.00         0.00        23.05         38.90       861.38       159.12     1,020.50        24.05       996.45
7312          1.00         0.00         0.00         0.00         0.00         0.00         0.00         0.00         0.00         0.00         0.00        20.20         38.90       861.38       159.12     1,020.50        21.20       999.30
7338          1.00         0.00         0.00         0.00         0.00         0.00         0.00         0.00         0.00         0.00         0.00        20.10         38.26       871.38       158.48     1,029.86        21.10     1,008.76
5677          1.00         0.00         0.00         0.00         0.00         0.00         0.00         0.00         0.00        75.37         0.00        29.26          0.00     1,673.74       403.21     2,076.95       105.63     1,971.32
7737          1.00         0.00         0.00         0.00         0.00         0.00         0.00         0.00         0.00         0.00         0.00        21.40         38.90       861.38       159.12     1,020.50        22.40       998.10
4008          1.00         0.00         0.00         0.00         0.00         0.00         0.00         0.00         0.00       225.73         0.00        55.71          0.00     2,390.84       397.85     2,788.69       282.44     2,506.25
7690          0.00         0.00         0.00         0.00         0.00         0.00         0.00         0.00         0.00         0.00         0.00         0.00          0.00         0.00         0.00         0.00         0.00         0.00
6210          1.00         0.00         0.00         0.00         0.00         0.00         0.00         0.00         0.00         0.00         0.00        33.41          2.64     1,183.69       195.17     1,378.86        34.41     1,344.45
0849          1.00         0.00         0.00         0.00         0.00         0.00         0.00         0.00         0.00         0.00         0.00        30.95         19.62     1,061.11       158.19     1,219.30        31.95     1,187.35
7536          1.00         0.00         0.00         0.00         0.00         0.00         0.00         0.00         0.00         0.00         0.00        22.69         30.36       994.88       250.70     1,245.58        23.69     1,221.89
7430          1.00         0.00         0.00         0.00         0.00         0.00         0.00         0.00         0.00       157.98         0.00        46.83          0.00     1,972.45       534.43     2,506.88       205.81     2,301.07
5181          1.00         0.00         0.00         0.00         0.00         0.00         0.00         0.00         0.00         0.00         0.00        20.29         38.26       871.38       158.48     1,029.86        21.29     1,008.57
7655          1.00         0.00         0.00         0.00         0.00         0.00         0.00         0.00         0.00         0.00         0.00        22.48         37.83       878.07       174.73     1,052.80        23.48     1,029.32
7057          1.00         0.00         0.00         0.00         0.00         0.00         0.00         0.00         0.00         0.00         0.00        27.78         38.90       861.38       159.12     1,020.50        28.78       991.72
5558          1.00         0.00         0.00         0.00         0.00         0.00         0.00         0.00         0.00         0.00         0.00        23.29         32.56       960.38       241.78     1,202.16        24.29     1,177.87
4746          1.00         0.00         0.00         0.00         0.00       337.44         0.00         0.00         0.00        42.16         0.00        32.64          0.00     1,444.51       242.99     1,687.50       413.24     1,274.26
7663          1.00         0.00         0.00         0.00         0.00         0.00         0.00         0.00         0.00         0.00         0.00        20.91         38.90       861.38       159.12     1,020.50        21.91       998.59
7407          1.00         0.00         0.00         0.00         0.00         0.00         0.00         0.00         0.00         0.00         0.00        26.38         38.26       871.38       158.48     1,029.86        27.38     1,002.48
6061          1.00         0.00         0.00         0.00         0.00       676.54         0.00         0.00         0.00       131.54         0.00        40.72          0.00     1,729.44       327.72     2,057.16       849.80     1,207.36
7735          1.00         0.00         0.00         0.00         0.00         0.00       104.13         0.00         0.00         0.00         0.00        17.93         48.27       780.28       148.74       929.02       123.06       805.96
7704          1.00         0.00         0.00         0.00         0.00         0.00       124.60         0.00         0.00         0.00         0.00        18.62         50.19       765.70       146.36       912.06       144.22       767.84
1424          1.00         0.00         0.00         0.00         0.00       457.22         0.00         0.00         0.00       347.21         0.00        76.61          0.00     3,019.91       770.55     3,790.46       882.04     2,908.42
5280          1.00         0.00         0.00       465.57         0.00       435.11         0.00         0.00         0.00       152.32         0.00        48.39          0.00     1,920.48       289.67     2,210.15     1,102.39     1,107.76
7742          1.00         0.00         0.00         0.00         0.00         0.00         0.00         0.00         0.00         0.00         0.00        19.76         38.90       861.38       159.12     1,020.50        20.76       999.74
7740          1.00         0.00         0.00         0.00         0.00         0.00         0.00         0.00         0.00         0.00         0.00        20.61         36.48       899.19       184.51     1,083.70        21.61     1,062.09
6461          1.00         0.00         0.00         0.00         0.00         0.00         0.00         0.00         0.00         0.91         0.00        34.53          0.00     1,216.35       304.10     1,520.45        36.44     1,484.01
6765          1.00         0.00         0.00         0.00         0.00         0.00         0.00         0.00         0.00        15.00         0.00        67.46          0.00     1,281.87       187.49     1,469.36        83.46     1,385.90
7694          1.00         0.00         0.00         0.00         0.00         0.00         0.00         0.00         0.00         0.00         0.00        21.28         38.26       871.38       202.98     1,074.36        22.28     1,052.08

















































EJECUTIVOS EN SERVICIOS DE ALIMENTOS, S.A. DE C.V.                                                                      Pagina: 0002
R.F.C.:                                                                                                                    5/NOV/19
REPORTE DE SUELDOS SEMANALES DEDUCCIONES


 
Codigo Desc Vales   Desc Zapatos Otras Deducc Desc Fonacot Pension Alim Desc Infonav Faltas       Inca Enferme Inca Riesgo  ISPT         Ajus ISPT    IMSS          Sub P/Empleo Tot Per Grav Tot Per Exce Total Percep Total Deducc Neto Pagado
..........................................................................................................................................................................................................................................
7752          1.00         0.00         0.00         0.00         0.00         0.00         0.00         0.00         0.00         0.00         0.00        13.32         29.89       582.35       154.76       737.11        14.32       722.79
6657          1.00         0.00         0.00         0.00         0.00         0.00         0.00         0.00         0.00         0.00         0.00        21.37         38.90       861.38       159.12     1,020.50        22.37       998.13
5000          1.00         0.00         0.00         0.00         0.00         0.00         0.00         0.00         0.00         0.00         0.00        29.38          8.47     1,129.61       170.00     1,299.61        30.38     1,269.23
7586          1.00         0.00         0.00         0.00         0.00         0.00         0.00         0.00         0.00         0.00         0.00        31.80         38.26       871.38       158.48     1,029.86        32.80       997.06
7649          1.00        75.00         0.00         0.00         0.00         0.00         0.00         0.00         0.00         0.00         0.00        20.19         34.63       928.13       221.60     1,149.73        96.19     1,053.54
5644          1.00         0.00       100.00         0.00         0.00       331.25         0.00         0.00         0.00        26.46         0.00        31.64          0.00     1,387.17       289.86     1,677.03       490.35     1,186.68
7519          1.00         0.00         0.00         0.00         0.00         0.00         0.00         0.00         0.00         0.00         0.00        30.80          3.93     1,171.76       224.27     1,396.03        31.80     1,364.23
6638          1.00         0.00         0.00         0.00         0.00         0.00         0.00         0.00         0.00         0.00         0.00        20.25         38.90       861.38       159.12     1,020.50        21.25       999.25
7734          1.00         0.00         0.00         0.00         0.00         0.00       104.13         0.00         0.00         0.00         0.00        19.06         45.53       830.34       196.06     1,026.40       124.19       902.21
6690          1.00         0.00         0.00         0.00         0.00         0.00         0.00         0.00         0.00         0.00         0.00        22.87         19.58     1,061.63       239.92     1,301.55        23.87     1,277.68
7168          1.00         0.00         0.00         0.00         0.00         0.00         0.00         0.00         0.00         0.00         0.00        21.70         38.26       871.38       202.98     1,074.36        22.70     1,051.66
7681          1.00         0.00         0.00         0.00         0.00         0.00       124.60         0.00         0.00         0.00         0.00        17.74         50.19       765.70       146.36       912.06       143.34       768.72
6958          1.00         0.00         0.00         0.00         0.00         0.00         0.00         0.00         0.00         0.00         0.00        26.35          8.72     1,125.72       128.94     1,254.66        27.35     1,227.31
6927          1.00         0.00         0.00         0.00         0.00         0.00         0.00         0.00         0.00         0.00         0.00        10.66         23.64       470.14       161.79       631.93        11.66       620.27
7718          1.00         0.00         0.00         0.00         0.00         0.00       104.13         0.00         0.00         0.00         0.00        20.44         46.44       813.66       180.28       993.94       125.57       868.37
4314          1.00         0.00         0.00         0.00         0.00         0.00         0.00         0.00         0.00       130.43         0.00        49.10          0.00     1,719.29       255.88     1,975.17       180.53     1,794.64
7485          1.00         0.00         0.00         0.00         0.00         0.00         0.00         0.00         0.00         0.00         0.00        25.72         33.99       938.13       265.46     1,203.59        26.72     1,176.87
7632          1.00         0.00         0.00         0.00         0.00         0.00         0.00         0.00         0.00         0.00         0.00        20.70         38.26       871.38       158.48     1,029.86        21.70     1,008.16
4287          0.00         0.00         0.00         0.00         0.00         0.00         0.00         0.00         0.00         0.00         0.00         0.00          0.00         0.00         0.00         0.00         0.00         0.00
7673          1.00         0.00         0.00         0.00         0.00         0.00         0.00         0.00         0.00         0.00         0.00        21.70         34.63       928.13       221.60     1,149.73        22.70     1,127.03
6504          1.00         0.00         0.00         0.00         0.00         0.00         0.00         0.00         0.00         0.00         0.00        26.86         38.26       871.38       158.48     1,029.86        27.86     1,002.00
7617          0.00         0.00         0.00         0.00         0.00         0.00         0.00         0.00         0.00         0.00         0.00         0.00          0.00         0.00         0.00         0.00         0.00         0.00
7604          1.00         0.00         0.00         0.00         0.00         0.00         0.00         0.00         0.00         0.00         0.00        20.07         38.26       871.38       158.48     1,029.86        21.07     1,008.79
7061          1.00         0.00         0.00         0.00         0.00         0.00         0.00         0.00         0.00       153.02         0.00        31.39          0.00     1,926.86       220.34     2,147.20       185.41     1,961.79
7627          1.00         0.00         0.00         0.00         0.00         0.00       104.13       104.13         0.00         0.00         0.00        15.68         43.41       815.58       157.15       972.73       224.94       747.79
7748          0.00         0.00         0.00         0.00         0.00         0.00         0.00         0.00         0.00         0.00         0.00         0.00          0.00         0.00         0.00         0.00         0.00         0.00
7633          1.00         0.00         0.00         0.00         0.00         0.00       124.60         0.00         0.00         0.00         0.00        17.82         48.97       787.95       167.39       955.34       143.42       811.92
7712          1.00         0.00         0.00         0.00         0.00         0.00       104.13         0.00         0.00         0.00         0.00        28.93         31.84       992.95       132.31     1,125.26       134.06       991.20
7744          1.00         0.00         0.00         0.00         0.00         0.00         0.00         0.00         0.00       151.32         0.00        44.20          0.00     1,911.29       521.40     2,432.69       196.52     2,236.17
7428          1.00         0.00         0.00         0.00         0.00         0.00         0.00         0.00         0.00         0.00         0.00        27.05         38.26       871.38       158.48     1,029.86        28.05     1,001.81
2897          1.00         0.00         0.00         0.00         0.00         0.00         0.00         0.00         0.00         0.00         0.00        19.86         38.90       861.38       159.12     1,020.50        20.86       999.64
7558          1.00         0.00         0.00         0.00         0.00         0.00         0.00         0.00         0.00         0.00         0.00        21.76         30.36       994.88       250.70     1,245.58        22.76     1,222.82
6360          1.00         0.00         0.00         0.00         0.00         0.00         0.00         0.00         0.00         0.00         0.00        21.17         38.90       861.38       159.12     1,020.50        22.17       998.33
7614          1.00         0.00         0.00         0.00         0.00         0.00         0.00         0.00         0.00        22.32         0.00        31.82          0.00     1,349.19       242.76     1,591.95        55.14     1,536.81
3318          1.00         0.00         0.00         0.00         0.00       500.52         0.00         0.00         0.00       191.06         0.00        59.25          0.00     2,183.88       313.42     2,497.30       751.83     1,745.47
7706          1.00         0.00         0.00         0.00         0.00         0.00         0.00         0.00         0.00         0.00         0.00        22.03         29.72     1,004.88       261.19     1,266.07        23.03     1,243.04
5139          1.00         0.00         0.00         0.00         0.00       759.20         0.00         0.00         0.00       270.04         0.00        70.68          0.00     2,638.09       293.88     2,931.97     1,100.92     1,831.05
6083          1.00         0.00         0.00         0.00         0.00         0.00         0.00         0.00         0.00         0.00         0.00        25.50          0.73     1,201.17       275.61     1,476.78        26.50     1,450.28
6766          1.00         0.00         0.00         0.00         0.00         0.00         0.00         0.00         0.00        78.01         0.00        28.01          0.00     1,697.98       292.69     1,990.67       107.02     1,883.65
4137          1.00         0.00         0.00         0.00         0.00         0.00         0.00         0.00         0.00       371.80         0.00        93.28          0.00     3,135.04       482.40     3,617.44       466.08     3,151.36
7542          1.00         0.00         0.00         0.00         0.00         0.00         0.00         0.00         0.00         0.00         0.00        21.05         36.83       893.63       179.30     1,072.93        22.05     1,050.88
7756          1.00         0.00         0.00         0.00         0.00         0.00         0.00         0.00         0.00         0.00         0.00        13.32         37.80       520.82       109.93       630.75        14.32       616.43
3780          1.00         0.00         0.00         0.00         0.00         0.00         0.00         0.00         0.00        30.84         0.00        35.99          0.00     1,427.46       209.19     1,636.65        67.83     1,568.82

















































EJECUTIVOS EN SERVICIOS DE ALIMENTOS, S.A. DE C.V.                                                                      Pagina: 0003
R.F.C.:                                                                                                                    5/NOV/19
REPORTE DE SUELDOS SEMANALES DEDUCCIONES


 
Codigo Desc Vales   Desc Zapatos Otras Deducc Desc Fonacot Pension Alim Desc Infonav Faltas       Inca Enferme Inca Riesgo  ISPT         Ajus ISPT    IMSS          Sub P/Empleo Tot Per Grav Tot Per Exce Total Percep Total Deducc Neto Pagado
..........................................................................................................................................................................................................................................
7678          1.00         0.00         0.00         0.00         0.00         0.00         0.00         0.00         0.00        24.81         0.00        24.43          0.00     1,372.01       220.34     1,592.35        50.24     1,542.11
6205          1.00         0.00         0.00         0.00         0.00         0.00         0.00         0.00         0.00         0.00         0.00        24.96         21.79     1,027.13       308.88     1,336.01        25.96     1,310.05
5027          1.00         0.00         0.00         0.00         0.00         0.00         0.00         0.00         0.00        15.19         0.00        33.68          0.00     1,283.67       230.38     1,514.05        49.87     1,464.18
7695          0.00         0.00         0.00         0.00         0.00         0.00         0.00         0.00         0.00         0.00         0.00         0.00          0.00         0.00         0.00         0.00         0.00         0.00
6839          1.00         0.00         0.00         0.00         0.00         0.00         0.00         0.00         0.00         0.00         0.00        26.82         33.27       949.26       231.36     1,180.62        27.82     1,152.80
5646          1.00         0.00         0.00         0.00         0.00         0.00         0.00         0.00         0.00         0.00         0.00        27.71         38.26       871.38       158.48     1,029.86        28.71     1,001.15
7750          1.00         0.00         0.00         0.00         0.00         0.00       104.13         0.00         0.00         0.00         0.00        16.69         46.44       813.66       180.28       993.94       121.82       872.12
7708          1.00         0.00         0.00         0.00         0.00         0.00         0.00         0.00         0.00         0.00         0.00        20.06         38.26       871.38       158.48     1,029.86        21.06     1,008.80
6978          1.00         0.00         0.00         0.00         0.00         0.00         0.00         0.00         0.00         0.00         0.00        22.88         38.26       871.38       212.15     1,083.53        23.88     1,059.65
6658          1.00         0.00         0.00         0.00         0.00       462.28         0.00         0.00         0.00         0.00         0.00        26.22          9.17     1,118.70       170.56     1,289.26       489.50       799.76
4458          0.00         0.00         0.00         0.00         0.00         0.00         0.00         0.00         0.00         0.00         0.00         0.00          0.00         0.00         0.00         0.00         0.00         0.00
7647          1.00         0.00         0.00         0.00         0.00         0.00         0.00         0.00         0.00         0.00         0.00        26.94         33.99       938.13       187.58     1,125.71        27.94     1,097.77
5679          1.00         0.00         0.00         0.00         0.00         0.00         0.00         0.00         0.00        60.61         0.00        31.04          0.00     1,614.16       365.55     1,979.71        92.65     1,887.06
7530          1.00         0.00         0.00         0.00         0.00         0.00         0.00         0.00         0.00         0.00         0.00        28.41         37.83       878.07       174.73     1,052.80        29.41     1,023.39
6028          1.00         0.00         0.00         0.00         0.00       399.30         0.00         0.00         0.00        42.89         0.00        32.70          0.00     1,451.23       325.96     1,777.19       475.89     1,301.30
6565          1.00         0.00         0.00         0.00         0.00         0.00         0.00         0.00         0.00         0.00         0.00        21.97         20.37     1,049.38       185.09     1,234.47        22.97     1,211.50
7731          1.00         0.00         0.00         0.00         0.00         0.00         0.00         0.00         0.00         0.00         0.00        19.84         36.05       905.88       200.77     1,106.65        20.84     1,085.81
7753          1.00         0.00         0.00         0.00         0.00         0.00         0.00         0.00         0.00         0.00         0.00        15.99         38.40       691.10       134.57       825.67        16.99       808.68
3676          1.00         0.00         0.00         0.00         0.00         0.00         0.00         0.00         0.00       128.90         0.00        38.66          0.00     1,705.19       328.59     2,033.78       168.56     1,865.22
3221          1.00         0.00         0.00         0.00         0.00         0.00         0.00         0.00         0.00        61.79         0.00        32.26          0.00     1,624.93       309.54     1,934.47        95.05     1,839.42
7741          1.00         0.00         0.00         0.00         0.00         0.00         0.00         0.00         0.00         0.00         0.00        19.84         36.05       905.88       200.77     1,106.65        20.84     1,085.81
7269          1.00         0.00         0.00         0.00         0.00         0.00         0.00         0.00         0.00         0.00         0.00        26.70         38.26       871.38       158.48     1,029.86        27.70     1,002.16
2522          1.00         0.00         0.00         0.00         0.00         0.00         0.00         0.00         0.00         0.00         0.00        23.44         36.12       904.76       189.71     1,094.47        24.44     1,070.03
5506          1.00         0.00         0.00         0.00         0.00       224.80         0.00         0.00         0.00         0.00         0.00        25.40          2.74     1,182.78       260.07     1,442.85       251.20     1,191.65
0236          1.00         0.00         0.00         0.00         0.00       523.01         0.00         0.00         0.00       175.08         0.00        53.02          0.00     2,083.99       455.38     2,539.37       752.11     1,787.26
7080          1.00         0.00         0.00         0.00         0.00         0.00       146.75         0.00         0.00         0.00         0.00        34.64          8.83     1,247.83       292.78     1,540.61       182.39     1,358.22
5965          1.00         0.00       200.00         0.00         0.00         0.00         0.00         0.00         0.00         0.00         0.00        28.79          8.47     1,129.61       170.00     1,299.61       229.79     1,069.82
5447          1.00         0.00         0.00         0.00         0.00         0.00         0.00         0.00         0.00         0.00         0.00        22.58         38.90       861.38       159.12     1,020.50        23.58       996.92
7723          1.00         0.00         0.00         0.00         0.00         0.00         0.00         0.00         0.00         0.00         0.00        23.31         38.26       871.38       202.98     1,074.36        24.31     1,050.05
6685          1.00         0.00         0.00         0.00         0.00         0.00         0.00         0.00         0.00         0.00         0.00        26.46         36.83       893.63       179.30     1,072.93        27.46     1,045.47
5549          1.00         0.00         0.00         0.00         0.00         0.00         0.00         0.00         0.00         0.00         0.00        21.23         21.79     1,027.13       342.26     1,369.39        22.23     1,347.16
7749          0.00         0.00         0.00         0.00         0.00         0.00       373.80         0.00         0.00         0.00         0.00        12.76         50.22       558.11        50.22       608.33       386.56       221.77
0854          1.00         0.00         0.00         0.00         0.00       326.19         0.00         0.00         0.00        46.84         0.00        36.07          0.00     1,487.60       220.41     1,708.01       410.10     1,297.91
7295          1.00         0.00         0.00         0.00         0.00         0.00       104.13         0.00         0.00         0.00         0.00        18.38         48.27       780.28       148.74       929.02       123.51       805.51
7693          1.00         0.00         0.00         0.00         0.00         0.00         0.00         0.00         0.00         0.00         0.00        23.48          7.72     1,136.99       139.06     1,276.05        24.48     1,251.57
6832          1.00         0.00         0.00         0.00         0.00         0.00         0.00         0.00         0.00         0.00         0.00        20.60         38.26       871.38       158.48     1,029.86        21.60     1,008.26
4807          1.00         0.00         0.00         0.00         0.00         0.00         0.00         0.00         0.00       510.35         0.00       110.46          0.00     3,783.66       564.20     4,347.86       621.81     3,726.05
6821          1.00         0.00         0.00         0.00         0.00         0.00         0.00         0.00         0.00         0.00         0.00        26.52          3.26     1,177.91       223.08     1,400.99        27.52     1,373.47
7751          1.00         0.00         0.00         0.00         0.00         0.00         0.00         0.00         0.00         0.00         0.00        15.99         38.40       691.10       134.57       825.67        16.99       808.68
7730          1.00         0.00         0.00         0.00         0.00         0.00         0.00         0.00         0.00         0.00         0.00        19.84         38.90       861.38       159.12     1,020.50        20.84       999.66
3169          1.00         0.00         0.00         0.00         0.00         0.00         0.00         0.00         0.00         0.00         0.00        26.80         38.26       871.38       158.48     1,029.86        27.80     1,002.06
7728          1.00         0.00         0.00         0.00         0.00         0.00         0.00         0.00         0.00         0.00         0.00        21.62         34.70       927.01       210.54     1,137.55        22.62     1,114.93
7686          1.00         0.00         0.00         0.00         0.00         0.00       208.26         0.00         0.00         0.00         0.00        16.04         46.46       748.83       126.83       875.66       225.30       650.36

















































EJECUTIVOS EN SERVICIOS DE ALIMENTOS, S.A. DE C.V.                                                                      Pagina: 0004
R.F.C.:                                                                                                                    5/NOV/19
REPORTE DE SUELDOS SEMANALES DEDUCCIONES


 
Codigo Desc Vales   Desc Zapatos Otras Deducc Desc Fonacot Pension Alim Desc Infonav Faltas       Inca Enferme Inca Riesgo  ISPT         Ajus ISPT    IMSS          Sub P/Empleo Tot Per Grav Tot Per Exce Total Percep Total Deducc Neto Pagado
..........................................................................................................................................................................................................................................
5902          0.00         0.00         0.00         0.00         0.00         0.00         0.00         0.00         0.00         0.00         0.00         0.00          0.00         0.00         0.00         0.00         0.00         0.00
4514          1.00         0.00         0.00         0.00         0.00       331.35         0.00         0.00         0.00        55.86         0.00        31.31          0.00     1,570.44       263.54     1,833.98       419.52     1,414.46
7104          1.00         0.00         0.00         0.00         0.00         0.00         0.00         0.00         0.00         0.00         0.00        19.96         38.90       861.38       159.12     1,020.50        20.96       999.54
7754          1.00         0.00         0.00         0.00         0.00         0.00         0.00         0.00         0.00         0.00         0.00        13.32         29.89       582.35       110.26       692.61        14.32       678.29
7717          1.00         0.00         0.00         0.00         0.00         0.00         0.00         0.00         0.00       136.60         0.00        32.04          0.00     1,776.02       283.77     2,059.79       169.64     1,890.15
6014          1.00         0.00         0.00         0.00         0.00         0.00         0.00         0.00         0.00         9.53         0.00        26.59          0.00     1,231.63       263.54     1,495.17        37.12     1,458.05
7551          1.00         0.00         0.00         0.00         0.00         0.00         0.00         0.00         0.00         0.00         0.00        25.35         38.26       871.38       158.48     1,029.86        26.35     1,003.51
7715          1.00         0.00         0.00         0.00         0.00         0.00       104.13         0.00         0.00         0.00         0.00        19.00         48.27       780.28       193.24       973.52       124.13       849.39
6985          1.00         0.00         0.00         0.00         0.00         0.00         0.00         0.00         0.00       269.58         0.00        60.68          0.00     2,635.56       507.78     3,143.34       331.26     2,812.08
3827          1.00         0.00         0.00         0.00         0.00         0.00         0.00         0.00         0.00         0.00         0.00        29.47         19.20     1,067.67       249.58     1,317.25        30.47     1,286.78
5412          1.00         0.00         0.00         0.00         0.00         0.00         0.00         0.00         0.00         0.00         0.00        20.00         34.63       928.13       221.60     1,149.73        21.00     1,128.73
7757          1.00         0.00         0.00         0.00         0.00         0.00         0.00         0.00         0.00         0.00         0.00         7.99         27.60       235.90       107.26       343.16         8.99       334.17
4504          1.00         0.00       500.00         0.00         0.00         0.00         0.00         0.00         0.00       214.69         0.00        66.24          0.00     2,329.21       437.70     2,766.91       781.93     1,984.98
7395          1.00         0.00         0.00         0.00         0.00         0.00         0.00         0.00         0.00         0.00         0.00        23.52         29.00     1,016.01       338.34     1,354.35        24.52     1,329.83
0214          1.00         0.00         0.00         0.00         0.00         0.00         0.00         0.00         0.00       510.35         0.00       110.44          0.00     3,783.66       564.20     4,347.86       621.79     3,726.07
7376          1.00         0.00         0.00         0.00         0.00         0.00         0.00         0.00         0.00        13.91         0.00        25.55          0.00     1,271.88       220.34     1,492.22        40.46     1,451.76
3217          1.00         0.00         0.00         0.00         0.00         0.00       682.05         0.00         0.00         0.00         0.00        15.33         24.97       873.69        54.40       928.09       698.38       229.71
7212          1.00         0.00         0.00         0.00         0.00       255.49       208.26         0.00         0.00         0.00         0.00        19.24         46.46       748.83       126.83       875.66       483.99       391.67
6321          1.00         0.00         0.00         0.00         0.00         0.00         0.00         0.00         0.00         0.00         0.00        21.72         34.24       934.17       164.50     1,098.67        22.72     1,075.95
5232          1.00         0.00         0.00         0.00         0.00         0.00         0.00         0.00         0.00         0.00         0.00        33.28         21.98     1,024.17       152.24     1,176.41        34.28     1,142.13
4958          1.00         0.00         0.00         0.00         0.00         0.00         0.00         0.00         0.00         0.00         0.00        20.17         38.26       871.38       158.48     1,029.86        21.17     1,008.69
3979          1.00         0.00         0.00         0.00         0.00         0.00         0.00         0.00         0.00       420.97         0.00        98.45          0.00     3,365.20       519.23     3,884.43       520.42     3,364.01
0442          1.00         0.00         0.00         0.00         0.00         0.00         0.00         0.00         0.00        43.67         0.00        36.01          0.00     1,458.39       283.80     1,742.19        80.68     1,661.51
7699          1.00         0.00         0.00         0.00         0.00         0.00         0.00         0.00         0.00         0.00         0.00        23.24         38.26       871.38       202.98     1,074.36        24.24     1,050.12
7330          0.00         0.00         0.00         0.00         0.00         0.00         0.00         0.00         0.00         0.00         0.00         0.00          0.00         0.00         0.00         0.00         0.00         0.00
7719          1.00         0.00         0.00         0.00         0.00         0.00       104.13         0.00         0.00         0.00         0.00        17.95         48.27       780.28       148.74       929.02       123.08       805.94
7397          1.00         0.00         0.00         0.00         0.00         0.00         0.00         0.00         0.00         0.00         0.00        20.65         38.90       861.38       320.13     1,181.51        21.65     1,159.86
7421          1.00         0.00         0.00         0.00         0.00         0.00         0.00         0.00         0.00         0.00         0.00        26.45         34.70       927.01       210.54     1,137.55        27.45     1,110.10
7298          1.00         0.00         0.00         0.00         0.00         0.00         0.00         0.00         0.00        53.42         0.00        35.78          0.00     1,548.05       287.44     1,835.49        90.20     1,745.29
7758          1.00         0.00         0.00         0.00         0.00         0.00         0.00         0.00         0.00         0.00         0.00         7.99         24.04       291.17        64.22       355.39         8.99       346.40
5396          1.00         0.00         0.00         0.00         0.00         0.00         0.00         0.00         0.00         0.00         0.00        27.35         38.26       871.38       185.31     1,056.69        28.35     1,028.34
5704          1.00         0.00         0.00         0.00         0.00         0.00         0.00         0.00         0.00        51.59         0.00        34.52          0.00     1,531.26       448.14     1,979.40        87.11     1,892.29
7503          1.00         0.00         0.00         0.00         0.00         0.00         0.00         0.00         0.00         0.00         0.00        22.23         33.99       938.13       265.46     1,203.59        23.23     1,180.36
7190          1.00         0.00         0.00         0.00         0.00         0.00         0.00         0.00         0.00         0.00         0.00        27.40         38.26       871.38       158.48     1,029.86        28.40     1,001.46
7745          1.00         0.00         0.00         0.00         0.00         0.00         0.00         0.00         0.00         0.00         0.00        20.01         38.26       871.38       158.48     1,029.86        21.01     1,008.85
7588          1.00         0.00         0.00         0.00         0.00         0.00         0.00         0.00         0.00         0.00         0.00        25.35         38.26       871.38       158.48     1,029.86        26.35     1,003.51
5588          1.00         0.00         0.00         0.00         0.00         0.00         0.00         0.00         0.00         0.00         0.00        20.17         38.26       871.38       158.48     1,029.86        21.17     1,008.69
6203          1.00         0.00         0.00         0.00         0.00         0.00         0.00         0.00         0.00         0.00         0.00        20.90         38.26       871.38       202.98     1,074.36        21.90     1,052.46
6582          1.00         0.00         0.00         0.00         0.00         0.00         0.00         0.00         0.00         0.00         0.00        22.64         36.05       905.88       200.77     1,106.65        23.64     1,083.01
7667          0.00         0.00         0.00         0.00         0.00         0.00       312.39         0.00         0.00         0.00         0.00        14.46         39.11       799.90        61.36       861.26       326.85       534.41
7392          1.00         0.00         0.00         0.00         0.00         0.00         0.00         0.00         0.00         0.00         0.00        15.99         34.01       727.93       134.48       862.41        16.99       845.42
7226          1.00         0.00         0.00         0.00         0.00         0.00         0.00       520.65         0.00         0.00         0.00         7.20         23.37       800.13        43.46       843.59       528.85       314.74
7664          1.00         0.00         0.00         0.00         0.00         0.00         0.00         0.00         0.00         0.00         0.00        24.04         33.99       938.13       187.58     1,125.71        25.04     1,100.67

















































EJECUTIVOS EN SERVICIOS DE ALIMENTOS, S.A. DE C.V.                                                                      Pagina: 0005
R.F.C.:                                                                                                                    5/NOV/19
REPORTE DE SUELDOS SEMANALES DEDUCCIONES


 
Codigo Desc Vales   Desc Zapatos Otras Deducc Desc Fonacot Pension Alim Desc Infonav Faltas       Inca Enferme Inca Riesgo  ISPT         Ajus ISPT    IMSS          Sub P/Empleo Tot Per Grav Tot Per Exce Total Percep Total Deducc Neto Pagado
..........................................................................................................................................................................................................................................
3326          1.00         0.00         0.00         0.00         0.00         0.00         0.00         0.00         0.00       214.02         0.00        34.05          0.00     2,325.47       427.32     2,752.79       249.07     2,503.72
0449          1.00         0.00       300.00         0.00         0.00       386.21         0.00         0.00         0.00        20.77         0.00        42.44          0.00     1,334.92       223.42     1,558.34       750.42       807.92
7707          0.00         0.00         0.00         0.00         0.00         0.00         0.00         0.00         0.00         0.00         0.00         0.00          0.00         0.00         0.00         0.00         0.00         0.00
6934          1.00         0.00         0.00         0.00         0.00         0.00         0.00         0.00         0.00       342.84         0.00        84.50          0.00     2,999.45       460.71     3,460.16       428.34     3,031.82
7137          1.00         0.00         0.00         0.00         0.00         0.00         0.00         0.00         0.00        55.94         0.00        35.86          0.00     1,571.20       253.40     1,824.60        92.80     1,731.80
6682          1.00         0.00         0.00         0.00         0.00         0.00       124.60         0.00         0.00         0.00         0.00        17.70         50.19       765.70       146.36       912.06       143.30       768.76
1269          1.00         0.00         0.00         0.00         0.00         0.00         0.00         0.00         0.00         0.00         0.00        20.34         38.19       872.51       169.53     1,042.04        21.34     1,020.70
6918          1.00         0.00         0.00         0.00         0.00         0.00         0.00         0.00         0.00         0.00         0.00        25.89         34.70       927.01       210.54     1,137.55        26.89     1,110.66
1419          1.00         0.00         0.00         0.00         0.00       268.68         0.00         0.00         0.00        17.59         0.00        33.72          0.00     1,305.66       189.70     1,495.36       320.99     1,174.37
7545          1.00         0.00         0.00       275.78         0.00         0.00         0.00         0.00         0.00       131.49         0.00        41.82          0.00     1,728.98       330.80     2,059.78       450.09     1,609.69
3525          1.00         0.00         0.00         0.00         0.00         0.00         0.00         0.00         0.00         0.00         0.00        31.79         10.96     1,090.76       166.28     1,257.04        32.79     1,224.25
6885          1.00         0.00         0.00         0.00         0.00         0.00       104.13         0.00         0.00         0.00         0.00        19.55         29.47     1,036.16       296.81     1,332.97       124.68     1,208.29
4775          1.00         0.00         0.00         0.00         0.00         0.00         0.00         0.00         0.00         0.00         0.00        26.87         33.27       949.26       231.36     1,180.62        27.87     1,152.75
7528          1.00         0.00         0.00         0.00         0.00         0.00         0.00         0.00         0.00         0.00         0.00        21.75         31.85       971.51       185.44     1,156.95        22.75     1,134.20
4832          1.00         0.00         0.00         0.00         0.00         0.00         0.00         0.00         0.00         0.00         0.00        25.15         29.72     1,004.88       250.06     1,254.94        26.15     1,228.79
3321          1.00         0.00         0.00         0.00         0.00         0.00         0.00         0.00         0.00       203.07         0.00        70.13          0.00     2,258.92       273.59     2,532.51       274.20     2,258.31
2112          1.00         0.00         0.00         0.00         0.00         0.00         0.00         0.00         0.00         0.00         0.00        27.11         38.26       871.38       158.48     1,029.86        28.11     1,001.75
0624          1.00         0.00         0.00         0.00         0.00         0.00         0.00         0.00         0.00       153.49         0.00        49.59          0.00     1,931.18       289.78     2,220.96       204.08     2,016.88
6877          1.00         0.00         0.00       150.28         0.00         0.00         0.00         0.00         0.00         0.00         0.00        27.90         18.36     1,080.76       173.68     1,254.44       179.18     1,075.26
4385          1.00         0.00         0.00         0.00         0.00         0.00         0.00         0.00         0.00        20.05         0.00        27.84          0.00     1,328.33       169.33     1,497.66        48.89     1,448.77
0366          1.00         0.00         0.00         0.00         0.00         0.00         0.00         0.00         0.00       343.08         0.00        85.29          0.00     3,000.58       462.49     3,463.07       429.37     3,033.70
7755          1.00         0.00         0.00         0.00         0.00         0.00         0.00         0.00         0.00         0.00         0.00        13.32         37.80       520.82       109.93       630.75        14.32       616.43
6206          1.00         0.00         0.00         0.00         0.00         0.00         0.00         0.00         0.00         0.00         0.00        29.28          2.18     1,187.91       222.00     1,409.91        30.28     1,379.63
7618          1.00         0.00         0.00         0.00         0.00         0.00       124.60         0.00         0.00         0.00         0.00        20.21         48.97       787.95       167.39       955.34       145.81       809.53
 
*** GLO     182.00        75.00     1,100.00       891.63         0.00     7,368.39     3,595.81       624.78         0.00     7,372.53         0.00     5,441.25      4,326.84   218,588.92                260,347.21    26,651.39   233,695.82
  

































































