EJECUTIVOS EN SERVICIOS DE ALIMENTOS, S.A. DE C.V.                                                                      Pagina: 0001
R.F.C.:                                                                                                                    5/NOV/19
REPORTE DE SUELDOS SEMANALES DEDUCCIONES


 
Codigo Desc Vales   Desc Zapatos Otras Deducc Desc Fonacot Pension Alim Desc Infonav Faltas       Inca Enferme Inca Riesgo  ISPT         Ajus ISPT    IMSS          Sub P/Empleo Tot Per Grav Tot Per Exce Total Percep Total Deducc Neto Pagado
..........................................................................................................................................................................................................................................
5761          0.00         0.00         0.00         0.00         0.00         0.00         0.00         0.00         0.00         0.00         0.00         0.00          0.00         0.00         0.00         0.00         0.00         0.00
7505          1.00         0.00         0.00         0.00         0.00         0.00         0.00         0.00         0.00         0.00         0.00        21.05         35.41       915.88       155.63     1,071.51        22.05     1,049.46
6600          1.00         0.00         0.00         0.00         0.00         0.00         0.00         0.00         0.00         0.00         0.00        20.80         39.71       950.38       248.93     1,199.31        21.80     1,177.51
7685          1.00         0.00         0.00         0.00         0.00         0.00         0.00         0.00         0.00        88.73         0.00        22.83          0.00     1,871.38       120.22     1,991.60       112.56     1,879.04
7331          1.00         0.00         0.00         0.00         0.00         0.00         0.00         0.00         0.00         0.00         0.00        18.65         32.57       960.38       241.79     1,202.17        19.65     1,182.52
5933          1.00         0.00         0.00         0.00         0.00         0.00         0.00         0.00         0.00         0.00         0.00        27.39         31.85       971.51       185.44     1,156.95        28.39     1,128.56
7170          1.00         0.00         0.00         0.00         0.00         0.00         0.00         0.00         0.00        88.73         0.00        21.51          0.00     1,871.38       120.22     1,991.60       111.24     1,880.36
5618          1.00         0.00         0.00         0.00         0.00         0.00         0.00         0.00         0.00       133.25         0.00        26.65          0.00     2,106.13       320.47     2,426.60       160.90     2,265.70
5201          1.00         0.00         0.00         0.00         0.00       312.81         0.00         0.00         0.00        53.95         0.00        33.88          0.00     1,552.89       334.62     1,887.51       401.64     1,485.87
3890          1.00         0.00         0.00         0.00         0.00         0.00         0.00         0.00         0.00       178.37         0.00        54.71          0.00     2,104.51       319.12     2,423.63       234.08     2,189.55
6654          1.00         0.00         0.00         0.00         0.00         0.00       136.41       409.23         0.00         0.00         0.00        12.64          0.00       887.82        51.92       939.74       559.28       380.46
3652          1.00         0.00         0.00         0.00         0.00       380.99         0.00         0.00         0.00       652.80         0.00        50.92          0.00     4,554.97       944.06     5,499.03     1,085.71     4,413.32
1123          1.00         0.00         0.00         0.00         0.00         0.00         0.00         0.00         0.00        29.74         0.00        33.06          0.00     1,417.30       312.92     1,730.22        63.80     1,666.42
4044          1.00         0.00         0.00         0.00         0.00         0.00         0.00         0.00         0.00        17.59         0.00        29.43          0.00     1,305.66       189.70     1,495.36        48.02     1,447.34
7593          0.00         0.00         0.00         0.00         0.00         0.00         0.00         0.00         0.00         0.00         0.00         0.00          0.00         0.00         0.00         0.00         0.00         0.00
7669          1.00         0.00         0.00         0.00         0.00         0.00         0.00         0.00         0.00         1.02         0.00        31.36          0.00     1,217.40       242.90     1,460.30        33.38     1,426.92
7259          1.00         0.00         0.00         0.00         0.00         0.00         0.00         0.00         0.00         0.00         0.00        23.05         38.91       861.38       159.13     1,020.51        24.05       996.46
7312          1.00         0.00         0.00         0.00         0.00         0.00         0.00         0.00         0.00         0.00         0.00        20.20         38.91       861.38       159.13     1,020.51        21.20       999.31
7338          1.00         0.00         0.00         0.00         0.00         0.00         0.00         0.00         0.00         0.00         0.00        20.10         38.27       871.38       158.49     1,029.87        21.10     1,008.77
5677          1.00         0.00         0.00         0.00         0.00         0.00         0.00         0.00         0.00         0.00         0.00        29.26         13.21     1,185.54       234.25     1,419.79        30.26     1,389.53
7737          1.00         0.00         0.00         0.00         0.00         0.00         0.00         0.00         0.00         0.00         0.00        21.40         38.91       861.38       159.13     1,020.51        22.40       998.11
4008          1.00         0.00         0.00         0.00         0.00         0.00         0.00         0.00         0.00       185.80         0.00        55.71          0.00     2,160.70       455.39     2,616.09       242.51     2,373.58
7690          1.00         0.00         0.00         0.00         0.00         0.00         0.00         0.00         0.00         0.00         0.00        20.05          0.00       871.38       120.22       991.60        21.05       970.55
6210          1.00         0.00         0.00         0.00         0.00         0.00         0.00         0.00         0.00       155.55         0.00        33.41          0.00     2,183.69       192.53     2,376.22       189.96     2,186.26
0849          1.00         0.00         0.00         0.00         0.00         0.00         0.00         0.00         0.00       163.38         0.00        30.95          0.00     2,222.20       255.16     2,477.36       195.33     2,282.03
7536          1.00         0.00         0.00         0.00         0.00         0.00       124.60         0.00         0.00        77.91         0.00        20.30          0.00     1,854.70       185.17     2,039.87       223.81     1,816.06
7430          1.00         0.00         0.00         0.00         0.00         0.00         0.00         0.00         0.00       136.73         0.00        46.83          0.00     1,777.19       392.42     2,169.61       184.56     1,985.05
5181          1.00         0.00         0.00         0.00         0.00         0.00         0.00         0.00         0.00         0.00         0.00        20.29         38.27       871.38       158.49     1,029.87        21.29     1,008.58
7655          1.00         0.00         0.00         0.00         0.00         0.00         0.00         0.00         0.00        88.16         0.00        22.48          0.00     1,872.51       131.34     2,003.85       111.64     1,892.21
7057          1.00         0.00         0.00         0.00         0.00         0.00         0.00         0.00         0.00         0.00         0.00        27.78         30.36       994.88       239.58     1,234.46        28.78     1,205.68
5558          1.00         0.00         0.00         0.00         0.00         0.00         0.00         0.00         0.00         0.00         0.00        23.29         35.42       915.88       200.14     1,116.02        24.29     1,091.73
4746          1.00         0.00         0.00         0.00         0.00       337.44         0.00         0.00         0.00        45.57         0.00        32.64          0.00     1,475.86       274.35     1,750.21       416.65     1,333.56
7663          1.00         0.00         0.00         0.00         0.00         0.00         0.00         0.00         0.00         0.00         0.00        20.91         36.05       905.88       200.77     1,106.65        21.91     1,084.74
7407          1.00         0.00         0.00         0.00         0.00         0.00         0.00         0.00         0.00         0.00         0.00        26.38         38.27       871.38       158.49     1,029.87        27.38     1,002.49
6061          1.00         0.00         0.00         0.00         0.00       676.54         0.00         0.00         0.00       135.98         0.00        40.72          0.00     1,770.28       368.56     2,138.84       854.24     1,284.60
7735          0.00         0.00         0.00         0.00         0.00         0.00         0.00       312.39         0.00         0.00         0.00        11.45         41.90       777.65        41.90       819.55       323.84       495.71
7704          1.00         0.00         0.00         0.00         0.00         0.00         0.00         0.00         0.00         0.00         0.00        20.81         41.51       928.13       183.98     1,112.11        21.81     1,090.30
1424          1.00         0.00         0.00         0.00         0.00       457.22         0.00         0.00         0.00       319.52         0.00        76.61          0.00     2,890.24       619.86     3,510.10       854.35     2,655.75
5280          1.00         0.00         0.00       362.10         0.00       435.11         0.00         0.00         0.00       152.33         0.00        48.39          0.00     1,920.48       289.67     2,210.15       998.93     1,211.22
7742          1.00         0.00         0.00         0.00         0.00         0.00         0.00         0.00         0.00         0.00         0.00        19.76         38.91       861.38       159.13     1,020.51        20.76       999.75
7740          1.00         0.00         0.00         0.00         0.00         0.00         0.00         0.00         0.00         0.00         0.00        20.61         34.35       932.57       215.75     1,148.32        21.61     1,126.71
6461          1.00         0.00         0.00         0.00         0.00         0.00         0.00         0.00         0.00        40.39         0.00        34.53          0.00     1,451.23       289.86     1,741.09        75.92     1,665.17
6765          1.00         0.00        10.00         0.00         0.00         0.00         0.00         0.00         0.00     1,282.04         0.00        67.46          0.00     7,579.16       187.49     7,766.65     1,360.50     6,406.15

















































EJECUTIVOS EN SERVICIOS DE ALIMENTOS, S.A. DE C.V.                                                                      Pagina: 0002
R.F.C.:                                                                                                                    5/NOV/19
REPORTE DE SUELDOS SEMANALES DEDUCCIONES


 
Codigo Desc Vales   Desc Zapatos Otras Deducc Desc Fonacot Pension Alim Desc Infonav Faltas       Inca Enferme Inca Riesgo  ISPT         Ajus ISPT    IMSS          Sub P/Empleo Tot Per Grav Tot Per Exce Total Percep Total Deducc Neto Pagado
..........................................................................................................................................................................................................................................
7694          1.00         0.00         0.00         0.00         0.00         0.00         0.00         0.00         0.00         0.00         0.00        21.28         28.29     1,027.13       259.76     1,286.89        22.28     1,264.61
7752          1.00         0.00         0.00         0.00         0.00         0.00         0.00         0.00         0.00         0.00         0.00        18.65         38.26       871.38       158.48     1,029.86        19.65     1,010.21
6657          1.00         0.00         0.00         0.00         0.00         0.00         0.00         0.00         0.00         0.00         0.00        21.37         38.91       861.38       159.13     1,020.51        22.37       998.14
5000          1.00         0.00         0.00         0.00         0.00         0.00         0.00         0.00         0.00         0.00         0.00        29.38          8.48     1,129.61       170.01     1,299.62        30.38     1,269.24
7586          1.00         0.00         0.00         0.00         0.00         0.00         0.00         0.00         0.00         0.00         0.00        31.80         38.27       871.38       158.49     1,029.87        32.80       997.07
7649          1.00         0.00         0.00         0.00         0.00         0.00         0.00         0.00         0.00         0.00         0.00        20.19         36.77       894.76       190.36     1,085.12        21.19     1,063.93
5644          1.00         0.00       100.00         0.00         0.00       331.25         0.00         0.00         0.00         9.88         0.00        31.64          0.00     1,234.83       275.62     1,510.45       473.77     1,036.68
7519          1.00         0.00         0.00         0.00         0.00         0.00         0.00         0.00         0.00         0.00         0.00        30.80         34.67       960.38       243.89     1,204.27        31.80     1,172.47
6638          1.00         0.00         0.00         0.00         0.00         0.00         0.00         0.00         0.00         0.00         0.00        20.25         38.91       861.38       159.13     1,020.51        21.25       999.26
7734          1.00         0.00         0.00         0.00         0.00         0.00         0.00         0.00         0.00         0.00         0.00        21.31         30.52       932.57       211.92     1,144.49        22.31     1,122.18
6690          1.00         0.00         0.00         0.00         0.00         0.00         0.00         0.00         0.00         0.00         0.00        22.87         40.43       939.25       205.15     1,144.40        23.87     1,120.53
7168          1.00         0.00         0.00         0.00         0.00         0.00         0.00         0.00         0.00         0.00         0.00        21.70         29.72     1,004.88       238.94     1,243.82        22.70     1,221.12
7681          1.00         0.00         0.00         0.00         0.00         0.00         0.00         0.00         0.00         0.00         0.00        19.83         45.48       861.38       165.70     1,027.08        20.83     1,006.25
6958          1.00         0.00         0.00         0.00         0.00         0.00         0.00         0.00         0.00         0.00         0.00        26.35          8.72     1,125.72       128.94     1,254.66        27.35     1,227.31
6927          1.00         0.00         0.00         0.00         0.00         0.00         0.00         0.00         0.00         0.00         0.00        18.65         36.84       893.63       179.31     1,072.94        19.65     1,053.29
4314          1.00         0.00         0.00         0.00         0.00         0.00         0.00         0.00         0.00       141.25         0.00        49.10          0.00     1,818.68       355.27     2,173.95       191.35     1,982.60
7485          1.00         0.00         0.00         0.00         0.00         0.00         0.00         0.00         0.00         0.00         0.00        25.72          8.88     1,127.26       273.72     1,400.98        26.72     1,374.26
7632          1.00         0.00         0.00         0.00         0.00         0.00         0.00         0.00         0.00        95.00         0.00        20.70          0.00     1,938.13       186.97     2,125.10       116.70     2,008.40
7673          1.00         0.00         0.00         0.00         0.00         0.00       124.60         0.00         0.00         0.00         0.00        19.42         57.07       765.70       153.24       918.94       145.02       773.92
6504          1.00         0.00         0.00         0.00         0.00         0.00         0.00         0.00         0.00        87.74         0.00        26.86          0.00     1,871.38       120.22     1,991.60       115.60     1,876.00
7617          0.00         0.00         0.00         0.00         0.00         0.00         0.00         0.00         0.00         0.00         0.00         0.00          0.00         0.00         0.00         0.00         0.00         0.00
7604          1.00         0.00         0.00         0.00         0.00         0.00         0.00         0.00         0.00         0.00         0.00        20.07         25.45     1,071.63       245.79     1,317.42        21.07     1,296.35
7061          1.00         0.00         0.00         0.00         0.00         0.00         0.00         0.00         0.00       153.02         0.00        31.39          0.00     1,926.86       220.34     2,147.20       185.41     1,961.79
7627          1.00         0.00         0.00         0.00         0.00         0.00         0.00         0.00         0.00         0.00         0.00        20.86         44.98       893.63       187.45     1,081.08        21.86     1,059.22
7748          0.00         0.00         0.00         0.00         0.00         0.00         0.00         0.00         0.00         0.00         0.00         0.00          0.00         0.00         0.00         0.00         0.00         0.00
7633          1.00         0.00         0.00         0.00         0.00         0.00         0.00         0.00         0.00        85.62         0.00        19.92          0.00     1,961.51       220.34     2,181.85       106.54     2,075.31
7712          0.00         0.00         0.00         0.00         0.00         0.00       104.13         0.00         0.00         0.00         0.00        28.93         26.33     1,093.42        26.33     1,119.75       133.06       986.69
7744          1.00         0.00         0.00         0.00         0.00         0.00         0.00         0.00         0.00       135.66         0.00        44.20          0.00     1,767.27       297.86     2,065.13       180.86     1,884.27
7428          1.00         0.00         0.00         0.00         0.00         0.00         0.00         0.00         0.00        87.74         0.00        27.05          0.00     1,871.38       120.22     1,991.60       115.79     1,875.81
2897          1.00         0.00         0.00         0.00         0.00         0.00         0.00         0.00         0.00         0.00         0.00        19.86         38.91       861.38       159.13     1,020.51        20.86       999.65
7558          1.00         0.00         0.00         0.00         0.00         0.00         0.00         0.00         0.00         0.00         0.00        21.76         34.63       928.13       221.60     1,149.73        22.76     1,126.97
6360          0.00         0.00         0.00         0.00         0.00         0.00         0.00         0.00         0.00         0.00         0.00        21.17         23.38     1,103.98       145.75     1,249.73        21.17     1,228.56
7614          1.00         0.00         0.00         0.00         0.00         0.00         0.00         0.00         0.00        17.57         0.00        31.82          0.00     1,305.47       199.04     1,504.51        50.39     1,454.12
3318          1.00         0.00         0.00         0.00         0.00       500.52         0.00         0.00         0.00       226.04         0.00        59.25          0.00     2,402.49       459.16     2,861.65       786.81     2,074.84
7706          1.00         0.00         0.00         0.00         0.00         0.00         0.00         0.00         0.00         7.48         0.00        22.03          0.00     1,171.75       275.97     1,447.72        30.51     1,417.21
5139          1.00         0.00         0.00         0.00         0.00       759.20         0.00         0.00         0.00       287.96         0.00        70.68          0.00     2,738.09       393.88     3,131.97     1,118.84     2,013.13
6083          1.00         0.00         0.00         0.00         0.00         0.00         0.00         0.00         0.00         0.00         0.00        25.50          0.74     1,201.17       286.75     1,487.92        26.50     1,461.42
6766          1.00         0.00         0.00         0.00         0.00         0.00         0.00         0.00         0.00         0.00         0.00        28.01         19.30     1,129.61       180.83     1,310.44        29.01     1,281.43
4137          1.00         0.00         0.00         0.00         0.00         0.00         0.00         0.00         0.00       371.81         0.00        93.28          0.00     3,135.04       482.40     3,617.44       466.09     3,151.35
7542          1.00         0.00         0.00         0.00         0.00         0.00         0.00         0.00         0.00         0.00         0.00        21.05         38.27       871.38       158.49     1,029.87        22.05     1,007.82
7756          1.00         0.00         0.00         0.00         0.00         0.00         0.00         0.00         0.00         0.00         0.00        18.65         39.00       861.38       159.22     1,020.60        19.65     1,000.95
7759          1.00         0.00         0.00         0.00         0.00         0.00         0.00         0.00         0.00         0.00         0.00        15.99         38.40       691.10       134.57       825.67        16.99       808.68
3780          1.00         0.00         0.00         0.00         0.00         0.00         0.00         0.00         0.00        58.29         0.00        35.99          0.00     1,505.85       287.58     1,793.43        95.28     1,698.15

















































EJECUTIVOS EN SERVICIOS DE ALIMENTOS, S.A. DE C.V.                                                                      Pagina: 0003
R.F.C.:                                                                                                                    5/NOV/19
REPORTE DE SUELDOS SEMANALES DEDUCCIONES


 
Codigo Desc Vales   Desc Zapatos Otras Deducc Desc Fonacot Pension Alim Desc Infonav Faltas       Inca Enferme Inca Riesgo  ISPT         Ajus ISPT    IMSS          Sub P/Empleo Tot Per Grav Tot Per Exce Total Percep Total Deducc Neto Pagado
..........................................................................................................................................................................................................................................
7678          1.00         0.00         0.00         0.00         0.00         0.00         0.00         0.00         0.00        98.06         0.00        24.43          0.00     1,871.38       120.22     1,991.60       123.49     1,868.11
6205          1.00         0.00         0.00         0.00         0.00         0.00         0.00         0.00         0.00         0.00         0.00        24.96         36.22     1,004.88       223.19     1,228.07        25.96     1,202.11
5027          1.00         0.00         0.00         0.00         0.00         0.00         0.00         0.00         0.00         7.94         0.00        33.68          0.00     1,216.92       197.01     1,413.93        42.62     1,371.31
6839          1.00         0.00         0.00         0.00         0.00         0.00         0.00         0.00         0.00       118.62         0.00        26.82          0.00     1,949.26       198.09     2,147.35       146.44     2,000.91
5646          1.00         0.00         0.00         0.00         0.00         0.00         0.00         0.00         0.00        87.74         0.00        27.71          0.00     1,871.38       120.22     1,991.60       116.45     1,875.15
7750          1.00         0.00         0.00         0.00         0.00         0.00         0.00         0.00         0.00         0.00         0.00        18.65         37.32       893.63       179.79     1,073.42        19.65     1,053.77
7708          1.00         0.00         0.00         0.00         0.00         0.00         0.00         0.00         0.00         0.00         0.00        20.06         38.27       871.38       158.49     1,029.87        21.06     1,008.81
6978          1.00         0.00         0.00         0.00         0.00         0.00         0.00         0.00         0.00         0.00         0.00        22.88         38.27       871.38       158.49     1,029.87        23.88     1,005.99
6658          1.00         0.00         0.00         0.00         0.00       462.28         0.00         0.00         0.00         0.00         0.00        26.22          9.18     1,118.70       170.57     1,289.27       489.50       799.77
4458          1.00         0.00         0.00         0.00         0.00         0.00         0.00       228.70         0.00        20.40         0.00        34.11          0.00     1,560.17       313.01     1,873.18       284.21     1,588.97
7647          1.00         0.00         0.00         0.00         0.00         0.00         0.00         0.00         0.00       116.92         0.00        26.94          0.00     1,938.13       186.97     2,125.10       144.86     1,980.24
5679          1.00         0.00         0.00         0.00         0.00         0.00       136.41         0.00         0.00         0.00         0.00        27.77         19.14     1,191.37       253.75     1,445.12       165.18     1,279.94
7530          1.00         0.00         0.00         0.00         0.00         0.00         0.00         0.00         0.00        88.77         0.00        28.41          0.00     1,878.07       136.90     2,014.97       118.18     1,896.79
6028          1.00         0.00         0.00         0.00         0.00       399.30         0.00         0.00         0.00        49.86         0.00        32.70          0.00     1,515.29       289.86     1,805.15       482.86     1,322.29
6565          1.00         0.00         0.00         0.00         0.00         0.00         0.00         0.00         0.00         0.00         0.00        21.97         39.07       960.38       248.29     1,208.67        22.97     1,185.70
7731          1.00         0.00         0.00         0.00         0.00         0.00         0.00         0.00         0.00         0.00         0.00        19.84         34.64       928.13       221.61     1,149.74        20.84     1,128.90
7753          1.00         0.00         0.00         0.00         0.00         0.00         0.00         0.00         0.00         0.00         0.00        18.65         26.90     1,017.13       258.37     1,275.50        19.65     1,255.85
3676          1.00         0.00         0.00         0.00         0.00         0.00         0.00         0.00         0.00       128.90         0.00        38.66          0.00     1,705.19       328.59     2,033.78       168.56     1,865.22
3221          1.00         0.00         0.00         0.00         0.00         0.00         0.00         0.00         0.00        59.39         0.00        32.26          0.00     1,602.89       309.54     1,912.43        92.65     1,819.78
7741          1.00         0.00         0.00         0.00         0.00         0.00         0.00         0.00         0.00         0.00         0.00        19.84         37.48       883.63       179.95     1,063.58        20.84     1,042.74
7269          1.00         0.00         0.00         0.00         0.00         0.00         0.00         0.00         0.00        87.74         0.00        26.70          0.00     1,871.38       120.22     1,991.60       115.44     1,876.16
2522          1.00         0.00         0.00         0.00         0.00         0.00         0.00         0.00         0.00        95.89         0.00        23.44          0.00     1,932.57       181.40     2,113.97       120.33     1,993.64
5506          1.00         0.00         0.00         0.00         0.00       224.80         0.00         0.00         0.00         0.00         0.00        25.40          6.70     1,146.34       227.60     1,373.94       251.20     1,122.74
0236          1.00         0.00         0.00         0.00         0.00       523.01         0.00         0.00         0.00       181.22         0.00        53.02          0.00     2,122.34       417.03     2,539.37       758.25     1,781.12
7080          1.00         0.00         0.00         0.00         0.00         0.00         0.00         0.00         0.00        93.55         0.00        38.71          0.00     1,791.69       518.95     2,310.64       133.26     2,177.38
5965          1.00         0.00       200.00         0.00         0.00         0.00         0.00         0.00         0.00         0.00         0.00        28.79          8.48     1,129.61       170.01     1,299.62       229.79     1,069.83
5447          1.00         0.00         0.00         0.00         0.00         0.00         0.00         0.00         0.00        86.20         0.00        22.58          0.00     1,861.38       120.22     1,981.60       109.78     1,871.82
7723          1.00         0.00         0.00         0.00         0.00         0.00         0.00         0.00         0.00         0.00         0.00        23.31         38.27       871.38       158.49     1,029.87        24.31     1,005.56
6685          1.00         0.00         0.00         0.00         0.00         0.00         0.00         0.00         0.00        94.78         0.00        26.46          0.00     1,927.01       175.84     2,102.85       122.24     1,980.61
5549          1.00         0.00         0.00         0.00         0.00         0.00         0.00         0.00         0.00       109.56         0.00        21.23          0.00     1,893.63       142.47     2,036.10       131.79     1,904.31
0854          1.00         0.00         0.00         0.00         0.00       326.19         0.00         0.00         0.00        46.85         0.00        36.07          0.00     1,487.60       220.41     1,708.01       410.11     1,297.90
7295          1.00         0.00         0.00         0.00         0.00         0.00         0.00         0.00         0.00        76.51         0.00        20.54          0.00     1,871.38       120.22     1,991.60        98.05     1,893.55
7693          1.00         0.00         0.00         0.00         0.00         0.00         0.00         0.00         0.00         0.00         0.00        23.48          8.93     1,125.86       129.15     1,255.01        24.48     1,230.53
6832          1.00         0.00         0.00         0.00         0.00         0.00         0.00         0.00         0.00         0.00         0.00        20.60         36.13       904.76       216.55     1,121.31        21.60     1,099.71
4807          1.00         0.00         0.00         0.00         0.00         0.00         0.00         0.00         0.00       510.36         0.00       110.46          0.00     3,783.66       564.20     4,347.86       621.82     3,726.04
6821          1.00         0.00         0.00         0.00         0.00         0.00         0.00         0.00         0.00         0.00         0.00        26.52          6.44     1,148.76       197.11     1,345.87        27.52     1,318.35
7751          1.00         0.00         0.00         0.00         0.00         0.00         0.00         0.00         0.00         0.00         0.00        18.65         36.87       861.38       157.09     1,018.47        19.65       998.82
7730          0.00         0.00         0.00         0.00         0.00         0.00       373.80         0.00         0.00         0.00         0.00        13.57         55.75       742.43        55.75       798.18       387.37       410.81
3169          1.00         0.00         0.00         0.00         0.00         0.00         0.00         0.00         0.00        90.16         0.00        26.80          0.00     1,893.63       142.47     2,036.10       117.96     1,918.14
7728          0.00         0.00         0.00         0.00         0.00         0.00         0.00         0.00         0.00         0.00         0.00        21.62         24.16     1,091.73       124.28     1,216.01        21.62     1,194.39
5902          0.00         0.00         0.00         0.00         0.00         0.00         0.00         0.00         0.00         0.00         0.00         0.00          0.00         0.00         0.00         0.00         0.00         0.00
4514          1.00         0.00         0.00         0.00         0.00       331.35         0.00         0.00         0.00       248.73         0.00        31.31          0.00     2,269.98       307.26     2,577.24       612.39     1,964.85
7104          1.00         0.00         0.00         0.00         0.00         0.00         0.00         0.00         0.00        94.68         0.00        19.96          0.00     1,939.26       198.09     2,137.35       115.64     2,021.71

















































EJECUTIVOS EN SERVICIOS DE ALIMENTOS, S.A. DE C.V.                                                                      Pagina: 0004
R.F.C.:                                                                                                                    5/NOV/19
REPORTE DE SUELDOS SEMANALES DEDUCCIONES


 
Codigo Desc Vales   Desc Zapatos Otras Deducc Desc Fonacot Pension Alim Desc Infonav Faltas       Inca Enferme Inca Riesgo  ISPT         Ajus ISPT    IMSS          Sub P/Empleo Tot Per Grav Tot Per Exce Total Percep Total Deducc Neto Pagado
..........................................................................................................................................................................................................................................
7754          1.00         0.00         0.00         0.00         0.00         0.00         0.00         0.00         0.00         0.00         0.00        18.65         38.26       871.38       158.48     1,029.86        19.65     1,010.21
7717          1.00         0.00         0.00         0.00         0.00         0.00       146.75         0.00         0.00         0.00         0.00        28.67         79.33     1,185.11       237.86     1,422.97       176.42     1,246.55
6014          1.00         0.00         0.00         0.00         0.00         0.00         0.00         0.00         0.00         0.00         0.00        26.59          7.56     1,202.48       241.95     1,444.43        27.59     1,416.84
7551          1.00         0.00         0.00         0.00         0.00         0.00         0.00         0.00         0.00        87.74         0.00        25.35          0.00     1,871.38       120.22     1,991.60       114.09     1,877.51
7715          1.00         0.00         0.00         0.00         0.00         0.00       104.13         0.00         0.00         0.00         0.00        19.00         40.96       913.78       230.43     1,144.21       124.13     1,020.08
6985          1.00         0.00         0.00         0.00         0.00         0.00         0.00         0.00         0.00       318.33         0.00        60.68          0.00     2,905.56       687.78     3,593.34       380.01     3,213.33
3827          1.00         0.00         0.00         0.00         0.00         0.00         0.00         0.00         0.00       126.08         0.00        29.47          0.00     2,028.73       224.82     2,253.55       156.55     2,097.00
5412          1.00         0.00         0.00         0.00         0.00         0.00         0.00         0.00         0.00         0.00         0.00        20.00         36.77       894.76       190.36     1,085.12        21.00     1,064.12
7757          1.00         0.00         0.00         0.00         0.00         0.00         0.00         0.00         0.00         0.00         0.00        18.65         43.02       883.63       185.49     1,069.12        19.65     1,049.47
4504          1.00         0.00       500.00         0.00         0.00         0.00         0.00         0.00         0.00       231.32         0.00        66.24          0.00     2,422.02       530.51     2,952.53       798.56     2,153.97
7395          1.00         0.00         0.00         0.00         0.00         0.00         0.00         0.00         0.00         0.00         0.00        23.52         29.01     1,016.01       227.10     1,243.11        24.52     1,218.59
0214          1.00         0.00         0.00         0.00         0.00         0.00         0.00         0.00         0.00       584.79         0.00       110.44          0.00     4,132.16       564.20     4,696.36       696.23     4,000.13
7376          1.00         0.00         0.00         0.00         0.00         0.00         0.00         0.00         0.00       283.82         0.00        25.55          0.00     2,505.51       220.34     2,725.85       310.37     2,415.48
6321          1.00         0.00         0.00         0.00         0.00         0.00         0.00         0.00         0.00         0.00         0.00        21.72         34.24       934.17       193.57     1,127.74        22.72     1,105.02
5232          1.00         0.00         0.00         0.00         0.00         0.00         0.00         0.00         0.00       147.07         0.00        33.28          0.00     2,239.60       297.82     2,537.42       181.35     2,356.07
4958          1.00         0.00         0.00         0.00         0.00         0.00         0.00         0.00         0.00        87.74         0.00        20.17          0.00     1,871.38       120.22     1,991.60       108.91     1,882.69
3979          1.00         0.00         0.00         0.00         0.00         0.00         0.00         0.00         0.00       420.97         0.00        98.45          0.00     3,365.20       519.23     3,884.43       520.42     3,364.01
0442          1.00         0.00         0.00         0.00         0.00         0.00         0.00         0.00         0.00       268.48         0.00        36.01          0.00     2,451.47       276.89     2,728.36       305.49     2,422.87
7699          1.00         0.00         0.00         0.00         0.00         0.00         0.00         0.00         0.00         0.00         0.00        23.24         38.27       871.38       158.49     1,029.87        24.24     1,005.63
7330          0.00         0.00         0.00         0.00         0.00         0.00         0.00         0.00         0.00         0.00         0.00         0.00          0.00         0.00         0.00         0.00         0.00         0.00
7719          1.00         0.00         0.00         0.00         0.00         0.00         0.00         0.00         0.00         0.00         0.00        20.07         44.72       871.38       164.94     1,036.32        21.07     1,015.25
7397          1.00         0.00         0.00         0.00         0.00         0.00         0.00         0.00         0.00         0.00         0.00        20.65         38.91       861.38       159.13     1,020.51        21.65       998.86
7421          1.00         0.00         0.00         0.00         0.00         0.00         0.00         0.00         0.00        92.65         0.00        26.45          0.00     1,893.63       142.47     2,036.10       120.10     1,916.00
7298          1.00         0.00         0.00         0.00         0.00         0.00         0.00         0.00         0.00        53.43         0.00        35.78          0.00     1,548.05       287.44     1,835.49        90.21     1,745.28
7758          1.00         0.00         0.00         0.00         0.00         0.00         0.00         0.00         0.00         0.00         0.00        18.65         31.61       938.13       185.20     1,123.33        19.65     1,103.68
5396          1.00         0.00         0.00         0.00         0.00         0.00         0.00         0.00         0.00        93.79         0.00        27.35          0.00     1,927.01       175.84     2,102.85       122.14     1,980.71
5704          1.00         0.00         0.00         0.00         0.00         0.00         0.00         0.00         0.00        37.96         0.00        34.52          0.00     1,405.84       260.00     1,665.84        73.48     1,592.36
7503          1.00         0.00         0.00         0.00         0.00         0.00         0.00         0.00         0.00         0.00         0.00        22.23          6.04     1,171.76       382.13     1,553.89        23.23     1,530.66
7190          1.00         0.00         0.00         0.00         0.00         0.00         0.00         0.00         0.00        87.74         0.00        27.40          0.00     1,871.38       120.22     1,991.60       116.14     1,875.46
7745          1.00         0.00         0.00         0.00         0.00         0.00       104.13         0.00         0.00         0.00         0.00        17.91         54.73       780.28       155.20       935.48       123.04       812.44
7588          1.00         0.00         0.00         0.00         0.00         0.00         0.00         0.00         0.00        87.74         0.00        25.35          0.00     1,871.38       120.22     1,991.60       114.09     1,877.51
5588          1.00         0.00         0.00         0.00         0.00         0.00         0.00         0.00         0.00         0.00         0.00        20.17         38.27       871.38       158.49     1,029.87        21.17     1,008.70
6203          1.00         0.00         0.00         0.00         0.00         0.00         0.00         0.00         0.00         0.00         0.00        20.90         33.99       938.13       187.58     1,125.71        21.90     1,103.81
6582          1.00         0.00         0.00         0.00         0.00         0.00         0.00         0.00         0.00         0.00         0.00        22.64         35.35       917.01       211.19     1,128.20        23.64     1,104.56
7392          1.00         0.00         0.00         0.00         0.00         0.00         0.00         0.00         0.00         0.00         0.00        18.65         34.70       927.01       210.54     1,137.55        19.65     1,117.90
7226          0.00         0.00         0.00         0.00         0.00         0.00         0.00         0.00         0.00         0.00         0.00         0.00          0.00         0.00         0.00         0.00         0.00         0.00
7664          1.00         0.00         0.00         0.00         0.00         0.00       104.13         0.00         0.00         0.00         0.00        21.51         49.11       780.28       149.58       929.86       126.64       803.22
3326          1.00         0.00         0.00         0.00         0.00       100.77         0.00         0.00         0.00        81.05         0.00        34.05          0.00     1,427.46       209.19     1,636.65       216.87     1,419.78
0449          1.00         0.00       300.00         0.00         0.00       386.21         0.00         0.00         0.00       256.93         0.00        42.44          0.00     2,258.39       134.14     2,392.53       986.58     1,405.95
6934          1.00         0.00         0.00         0.00         0.00         0.00         0.00         0.00         0.00       342.85         0.00        84.50          0.00     2,999.45       460.71     3,460.16       428.35     3,031.81
7137          1.00         0.00         0.00         0.00         0.00         0.00         0.00         0.00         0.00       201.25         0.00        35.86          0.00     1,833.52       457.43     2,290.95       238.11     2,052.84
6682          1.00         0.00         0.00         0.00         0.00         0.00       124.60         0.00         0.00         0.00         0.00        17.70         50.20       765.70       146.37       912.07       143.30       768.77
1269          1.00         0.00         0.00         0.00         0.00         0.00         0.00         0.00         0.00         0.00         0.00        20.34         38.90       861.38       159.12     1,020.50        21.34       999.16

















































EJECUTIVOS EN SERVICIOS DE ALIMENTOS, S.A. DE C.V.                                                                      Pagina: 0005
R.F.C.:                                                                                                                    5/NOV/19
REPORTE DE SUELDOS SEMANALES DEDUCCIONES


 
Codigo Desc Vales   Desc Zapatos Otras Deducc Desc Fonacot Pension Alim Desc Infonav Faltas       Inca Enferme Inca Riesgo  ISPT         Ajus ISPT    IMSS          Sub P/Empleo Tot Per Grav Tot Per Exce Total Percep Total Deducc Neto Pagado
..........................................................................................................................................................................................................................................
6918          1.00         0.00         0.00         0.00         0.00         0.00         0.00         0.00         0.00         0.00         0.00        25.89         29.72     1,004.88       238.94     1,243.82        26.89     1,216.93
1419          1.00         0.00        10.00         0.00         0.00       268.68         0.00         0.00         0.00        26.12         0.00        33.72          0.00     1,384.05       268.09     1,652.14       339.52     1,312.62
7545          1.00         0.00         0.00       275.78         0.00         0.00         0.00         0.00         0.00         0.00         0.00        41.82         10.86     1,493.80       341.66     1,835.46       318.60     1,516.86
3525          1.00         0.00         0.00         0.00         0.00         0.00         0.00         0.00         0.00         0.00         0.00        31.79         10.96     1,090.76       166.28     1,257.04        32.79     1,224.25
6885          1.00         0.00         0.00         0.00         0.00         0.00         0.00         0.00         0.00         0.00         0.00        21.85         27.40     1,049.38       192.12     1,241.50        22.85     1,218.65
4775          1.00         0.00         0.00         0.00         0.00         0.00         0.00         0.00         0.00         0.00         0.00        26.87         34.71       927.01       210.55     1,137.56        27.87     1,109.69
7528          1.00         0.00         0.00         0.00         0.00         0.00         0.00         0.00         0.00         0.00         0.00        21.75         29.72     1,004.88       238.94     1,243.82        22.75     1,221.07
4832          1.00         0.00         0.00         0.00         0.00         0.00         0.00         0.00         0.00       130.80         0.00        25.15          0.00     2,038.26       220.34     2,258.60       156.95     2,101.65
3321          1.00         0.00         0.00         0.00         0.00         0.00         0.00         0.00         0.00       252.83         0.00        70.13          0.00     2,547.50       485.21     3,032.71       323.96     2,708.75
2112          1.00         0.00         0.00         0.00         0.00         0.00         0.00         0.00         0.00         0.00         0.00        27.11         38.27       871.38       158.49     1,029.87        28.11     1,001.76
0624          1.00         0.00         0.00         0.00         0.00         0.00         0.00         0.00         0.00       187.13         0.00        49.59          0.00     2,177.17       289.78     2,466.95       237.72     2,229.23
6877          1.00         0.00         0.00       150.28         0.00         0.00         0.00         0.00         0.00       164.11         0.00        27.90          0.00     2,220.85       479.93     2,700.78       343.29     2,357.49
4385          1.00         0.00         0.00         0.00         0.00         0.00         0.00         0.00         0.00        31.66         0.00        27.84          0.00     1,434.92       285.92     1,720.84        60.50     1,660.34
0366          1.00         0.00         0.00         0.00         0.00         0.00         0.00         0.00         0.00       343.09         0.00        85.29          0.00     3,000.58       565.72     3,566.30       429.38     3,136.92
7755          1.00         0.00         0.00         0.00         0.00         0.00         0.00         0.00         0.00         0.00         0.00        18.65         29.24       950.38       238.46     1,188.84        19.65     1,169.19
6206          1.00         0.00         0.00         0.00         0.00         0.00         0.00         0.00         0.00         0.00         0.00        29.28          2.18     1,187.91       222.00     1,409.91        30.28     1,379.63
7618          1.00         0.00         0.00         0.00         0.00         0.00         0.00         0.00         0.00        75.33         0.00        22.59          0.00     1,866.94       125.78     1,992.72        98.92     1,893.80
 
*** GLO     177.00         0.00     1,120.00       788.16         0.00     7,213.67     1,583.69       950.32         0.00    13,488.23         0.00     5,509.38      3,047.63   270,954.07                313,458.16    30,830.45   282,627.71
  








































































