EJECUTIVOS EN SERVICIOS DE ALIMENTOS, S.A. DE C.V.                                                                      Pagina: 0001
R.F.C.:                                                                                                                    5/NOV/19
REPORTE DE SUELDOS SEMANALES DEDUCCIONES


 
Codigo Desc Vales   Desc Zapatos Otras Deducc Desc Fonacot Pension Alim Desc Infonav Faltas       Inca Enferme Inca Riesgo  ISPT         Ajus ISPT    IMSS          Sub P/Empleo Tot Per Grav Tot Per Exce Total Percep Total Deducc Neto Pagado
..........................................................................................................................................................................................................................................
5761          1.00         0.00         0.00         0.00         0.00         0.00         0.00         0.00         0.00         0.00         0.00        22.45         46.99       871.38       167.21     1,038.59        23.45     1,015.14
7505          1.00        48.00         0.00         0.00         0.00         0.00         0.00         0.00         0.00         0.00         0.00        21.06         38.27       871.38       158.49     1,029.87        70.06       959.81
6600          1.00         0.00         0.00         0.00         0.00         0.00         0.00         0.00         0.00         0.00         0.00        20.97         36.77       894.76       190.36     1,085.12        21.97     1,063.15
7685          1.00         0.00         0.00         0.00         0.00         0.00         0.00         0.00         0.00         0.00         0.00        21.58         38.26       871.38       158.48     1,029.86        22.58     1,007.28
5933          1.00         0.00         0.00         0.00         0.00         0.00         0.00         0.00         0.00         0.00         0.00        21.94         15.14     1,004.88       202.11     1,206.99        22.94     1,184.05
7170          1.00         0.00         0.00         0.00         0.00         0.00         0.00         0.00         0.00         0.00         0.00        22.83         52.05       871.38       172.27     1,043.65        23.83     1,019.82
5618          1.00         0.00       200.00         0.00         0.00         0.00         0.00         0.00         0.00         0.00         0.00        25.34         14.06     1,039.38       278.90     1,318.28       226.34     1,091.94
5201          1.00         0.00         0.00         0.00         0.00       312.81         0.00         0.00         0.00        30.84         0.00        37.48          0.00     1,427.46       209.19     1,636.65       382.13     1,254.52
3890          1.00         0.00         0.00         0.00         0.00         0.00         0.00         0.00         0.00       178.36         0.00        54.71          0.00     2,104.51       319.12     2,423.63       234.07     2,189.56
6654          1.00         0.00         0.00         0.00         0.00         0.00         0.00         0.00         0.00         0.00         0.00        24.10          7.99     1,134.48       265.32     1,399.80        25.10     1,374.70
3652          1.00         0.00         0.00         0.00         0.00       383.82         0.00         0.00         0.00       154.01         0.00        53.17          0.00     1,935.94       367.50     2,303.44       592.00     1,711.44
1123          1.00         0.00         0.00         0.00         0.00         0.00         0.00         0.00         0.00        61.37         0.00        34.93          0.00     1,621.12       328.59     1,949.71        97.30     1,852.41
7593          1.00         0.00         0.00         0.00         0.00         0.00         0.00         0.00         0.00         0.00         0.00        23.86         34.95       927.01       255.29     1,182.30        24.86     1,157.44
7669          1.00         0.00         0.00         0.00         0.00         0.00         0.00         0.00         0.00         0.00         0.00        30.60         29.12     1,137.24       191.87     1,329.11        31.60     1,297.51
7259          1.00         0.00         0.00         0.00         0.00         0.00         0.00         0.00         0.00         0.00         0.00        20.22         37.23       861.38       157.45     1,018.83        21.22       997.61
7312          1.00         0.00         0.00         0.00         0.00         0.00         0.00         0.00         0.00         0.00         0.00        21.43         38.38       871.38       203.10     1,074.48        22.43     1,052.05
7338          1.00         0.00         0.00         0.00         0.00         0.00         0.00         0.00         0.00         0.00         0.00        21.05         38.27       871.38       319.50     1,190.88        22.05     1,168.83
5677          1.00         0.00         0.00         0.00         0.00         0.00         0.00         0.00         0.00         3.89         0.00        28.65          0.00     1,243.83       279.34     1,523.17        33.54     1,489.63
4008          1.00         0.00         0.00         0.00         0.00         0.00         0.00         0.00         0.00       157.00         0.00        58.09          0.00     2,007.27       301.96     2,309.23       216.09     2,093.14
7690          1.00         0.00         0.00         0.00         0.00         0.00       208.26         0.00         0.00         0.00         0.00        15.83         68.82       748.83       149.19       898.02       225.09       672.93
6210          1.00         0.00         0.00         0.00         0.00         0.00         0.00         0.00         0.00        11.36         0.00        26.54          0.00     1,161.44       170.28     1,331.72        38.90     1,292.82
7701          0.00         0.00         0.00         0.00         0.00         0.00       646.89         0.00         0.00         0.00         0.00        13.66         85.73       868.77        85.73       954.50       660.55       293.95
7697          1.00         0.00         0.00         0.00         0.00         0.00         0.00         0.00         0.00       130.52         0.00        46.96          0.00     1,720.10       387.90     2,108.00       178.48     1,929.52
0849          1.00         0.00         0.00         0.00         0.00         0.00         0.00         0.00         0.00         0.00         0.00        26.56          9.02     1,061.11       147.59     1,208.70        27.56     1,181.14
7536          1.00         0.00         0.00         0.00         0.00         0.00         0.00         0.00         0.00         0.00         0.00        20.74         26.76       950.38       235.98     1,186.36        21.74     1,164.62
7430          1.00         0.00         0.00         0.00         0.00         0.00         0.00         0.00         0.00       160.88         0.00        45.34          0.00     1,999.08       534.43     2,533.51       207.22     2,326.29
5181          1.00         0.00         0.00         0.00         0.00         0.00         0.00         0.00         0.00         0.00         0.00        21.67         38.27       871.38       158.49     1,029.87        22.67     1,007.20
7655          1.00         0.00         0.00         0.00         0.00         0.00         0.00         0.00         0.00         0.00         0.00        21.00         38.90       861.38       159.12     1,020.50        22.00       998.50
7057          1.00         0.00         0.00         0.00         0.00         0.00         0.00         0.00         0.00         0.00         0.00        24.47         18.64       972.63       250.11     1,222.74        25.47     1,197.27
5558          1.00         0.00         0.00         0.00         0.00         0.00         0.00         0.00         0.00         0.00         0.00        21.85         33.20       950.38       269.25     1,219.63        22.85     1,196.78
4746          1.00         0.00         0.00         0.00         0.00       337.44         0.00         0.00         0.00        32.70         0.00        31.93          0.00     1,444.51       242.99     1,687.50       403.07     1,284.43
7643          1.00         0.00         0.00         0.00         0.00         0.00         0.00         0.00         0.00         0.00         0.00        20.10         32.25       861.38       152.47     1,013.85        21.10       992.75
7663          1.00         0.00         0.00         0.00         0.00         0.00         0.00         0.00         0.00         0.00         0.00        22.08         38.91       861.38       159.13     1,020.51        23.08       997.43
7407          1.00         0.00         0.00         0.00         0.00         0.00         0.00         0.00         0.00         0.00         0.00        25.09         21.79       943.69       258.82     1,202.51        26.09     1,176.42
7704          1.00         0.00         0.00         0.00         0.00         0.00         0.00         0.00         0.00         0.00         0.00        19.21         27.51     1,039.38       292.35     1,331.73        20.21     1,311.52
1424          1.00         0.00         0.00         0.00         0.00       457.22         0.00         0.00         0.00       338.56         0.00        92.91          0.00     3,020.42       760.04     3,780.46       889.69     2,890.77
5280          1.00         0.00         0.00         0.00         0.00       439.54         0.00         0.00         0.00       152.32         0.00        50.52          0.00     1,920.48       289.67     2,210.15       643.38     1,566.77
6461          1.00         0.00       200.00         0.00         0.00         0.00         0.00         0.00         0.00        21.95         0.00        34.93          0.00     1,486.81       425.09     1,911.90       257.88     1,654.02
6765          1.00         0.00         0.00         0.00         0.00         0.00         0.00         0.00         0.00        15.00         0.00        35.24          0.00     1,281.87       187.49     1,469.36        51.24     1,418.12
7694          1.00         0.00         0.00         0.00         0.00         0.00         0.00         0.00         0.00         0.00         0.00        21.39         38.26       871.38       202.98     1,074.36        22.39     1,051.97
6657          1.00         0.00         0.00         0.00         0.00         0.00         0.00         0.00         0.00         0.00         0.00        20.03         38.90       861.38       159.12     1,020.50        21.03       999.47
5000          1.00         0.00         0.00         0.00         0.00         0.00         0.00         0.00         0.00         0.00         0.00        28.35         29.94     1,129.61       407.81     1,537.42        29.35     1,508.07
7586          1.00         0.00         0.00         0.00         0.00         0.00       104.13         0.00         0.00        78.68         0.00        25.56          0.00     1,347.66       200.59     1,548.25       209.37     1,338.88

















































EJECUTIVOS EN SERVICIOS DE ALIMENTOS, S.A. DE C.V.                                                                      Pagina: 0002
R.F.C.:                                                                                                                    5/NOV/19
REPORTE DE SUELDOS SEMANALES DEDUCCIONES


 
Codigo Desc Vales   Desc Zapatos Otras Deducc Desc Fonacot Pension Alim Desc Infonav Faltas       Inca Enferme Inca Riesgo  ISPT         Ajus ISPT    IMSS          Sub P/Empleo Tot Per Grav Tot Per Exce Total Percep Total Deducc Neto Pagado
..........................................................................................................................................................................................................................................
7649          1.00         0.00         0.00         0.00         0.00         0.00         0.00         0.00         0.00         0.00         0.00        20.76         34.63       928.13       221.60     1,149.73        21.76     1,127.97
5644          1.00         0.00         0.00         0.00         0.00       331.25         0.00         0.00         0.00        47.36         0.00        31.10          0.00     1,579.34       289.86     1,869.20       410.71     1,458.49
7519          1.00         0.00         0.00         0.00         0.00         0.00         0.00         0.00         0.00         0.00         0.00        31.55        169.92     1,105.01       390.26     1,495.27        32.55     1,462.72
6638          1.00         0.00         0.00         0.00         0.00         0.00         0.00         0.00         0.00         0.00         0.00        20.20         32.33       861.38       152.55     1,013.93        21.20       992.73
6690          1.00         0.00         0.00         0.00         0.00         0.00         0.00         0.00         0.00         0.00         0.00        21.85         30.35       994.88       250.69     1,245.57        22.85     1,222.72
7168          1.00         0.00         0.00         0.00         0.00         0.00       208.26         0.00         0.00         0.00         0.00        17.28         54.93       748.83       179.80       928.63       226.54       702.09
7684          0.00         0.00         0.00         0.00         0.00         0.00         0.00         0.00         0.00         0.00         0.00         0.00          0.00         0.00         0.00         0.00         0.00         0.00
7681          1.00         0.00         0.00         0.00         0.00         0.00         0.00         0.00         0.00         0.00         0.00        21.26         32.33       861.38       152.55     1,013.93        22.26       991.67
6958          1.00         0.00         0.00         0.00         0.00         0.00         0.00         0.00         0.00         0.00         0.00        27.86         15.64     1,125.72       135.86     1,261.58        28.86     1,232.72
7718          1.00         0.00         0.00         0.00         0.00         0.00         0.00         0.00         0.00         0.00         0.00        18.65         36.13       904.76       234.22     1,138.98        19.65     1,119.33
6542          1.00         0.00         0.00         0.00         0.00         0.00         0.00         0.00         0.00         0.00         0.00        25.63         33.46       946.42       185.97     1,132.39        26.63     1,105.76
4314          1.00         0.00         0.00         0.00         0.00         0.00         0.00         0.00         0.00       134.59         0.00        43.56          0.00     1,757.52       294.10     2,051.62       179.15     1,872.47
7485          1.00         0.00         0.00         0.00         0.00         0.00         0.00         0.00         0.00         0.00         0.00        22.31         29.65       871.38       149.87     1,021.25        23.31       997.94
7632          1.00         0.00         0.00         0.00         0.00         0.00         0.00         0.00         0.00         0.00         0.00        21.24         30.11       910.32       189.26     1,099.58        22.24     1,077.34
4287          1.00         0.00         0.00         0.00         0.00         0.00         0.00         0.00         0.00         8.20         0.00        31.45          0.00     1,286.40       155.32     1,441.72        40.65     1,401.07
7673          1.00         0.00         0.00         0.00         0.00         0.00       124.60         0.00         0.00         0.00         0.00        20.58         66.33       776.83       173.62       950.45       146.18       804.27
7696          1.00         0.00         0.00         0.00         0.00         0.00         0.00         0.00         0.00         0.00         0.00        23.37         44.43       871.38       164.65     1,036.03        24.37     1,011.66
6504          1.00         0.00         0.00         0.00         0.00         0.00         0.00         0.00         0.00         0.00         0.00        22.62         29.65       871.38       149.87     1,021.25        23.62       997.63
5745          1.00         0.00         0.00         0.00         0.00         0.00         0.00         0.00         0.00         0.00         0.00        20.64         36.84       893.63       179.31     1,072.94        21.64     1,051.30
7617          1.00         0.00         0.00         0.00         0.00         0.00         0.00         0.00         0.00         7.71         0.00        32.84          0.00     1,214.86       209.22     1,424.08        41.55     1,382.53
7604          1.00         0.00         0.00         0.00         0.00         0.00         0.00         0.00         0.00         0.00         0.00        21.38         31.63       871.38       151.85     1,023.23        22.38     1,000.85
7061          1.00         0.00         0.00         0.00         0.00         0.00         0.00         0.00         0.00         0.00         0.00        25.73         23.10     1,116.13       221.19     1,337.32        26.73     1,310.59
7627          1.00         0.00         0.00         0.00         0.00         0.00         0.00         0.00         0.00         0.00         0.00        21.28         31.63       871.38       151.85     1,023.23        22.28     1,000.95
7698          1.00         0.00         0.00         0.00         0.00         0.00         0.00       249.20         0.00         0.00         0.00        16.00         69.74       752.27       164.12       916.39       266.20       650.19
7633          1.00         0.00         0.00         0.00         0.00         0.00         0.00         0.00         0.00         0.00         0.00        20.93         26.76       950.38       235.98     1,186.36        21.93     1,164.43
3894          0.00         0.00         0.00         0.00         0.00         0.00         0.00         0.00         0.00         0.00         0.00         0.00          0.00         0.00         0.00         0.00         0.00         0.00
7712          1.00         0.00         0.00         0.00         0.00         0.00         0.00         0.00         0.00         0.00         0.00        18.65          8.72     1,125.86       173.44     1,299.30        19.65     1,279.65
7428          1.00         0.00         0.00         0.00         0.00         0.00         0.00         0.00         0.00         0.00         0.00        22.37         10.29     1,049.38       208.38     1,257.76        23.37     1,234.39
2897          1.00         0.00         0.00         0.00         0.00         0.00         0.00         0.00         0.00         0.00         0.00        20.45         32.33       861.38       152.55     1,013.93        21.45       992.48
7558          1.00         0.00         0.00         0.00         0.00         0.00         0.00         0.00         0.00         0.00         0.00        21.78         39.01       861.38       159.23     1,020.61        22.78       997.83
6360          1.00         0.00         0.00         0.00         0.00         0.00       124.60         0.00         0.00         0.00         0.00        18.87         55.80       838.01       268.78     1,106.79       144.47       962.32
7726          1.00         0.00         0.00         0.00         0.00         0.00         0.00         0.00         0.00         0.00         0.00        18.65         39.27       871.38       159.49     1,030.87        19.65     1,011.22
7614          1.00         0.00         0.00         0.00         0.00         0.00         0.00         0.00         0.00         0.00         0.00        31.98          4.32     1,168.20       247.08     1,415.28        32.98     1,382.30
3318          1.00         0.00         0.00         0.00         0.00       500.52         0.00         0.00         0.00       220.22         0.00        59.93          0.00     2,366.06       495.59     2,861.65       781.67     2,079.98
7706          1.00         0.00         0.00         0.00         0.00         0.00         0.00         0.00         0.00         0.00         0.00        19.98         35.41       915.88       244.63     1,160.51        20.98     1,139.53
5139          1.00         0.00         0.00         0.00         0.00       759.20         0.00         0.00         0.00       351.10         0.00        80.08          0.00     3,038.09       493.88     3,531.97     1,191.38     2,340.59
6083          1.00         0.00         0.00         0.00         0.00         0.00         0.00         0.00         0.00         0.00         0.00        23.19         12.84     1,089.92       276.60     1,366.52        24.19     1,342.33
6766          1.00         0.00         0.00         0.00         0.00         0.00         0.00         0.00         0.00        18.28         0.00        42.86          0.00     1,377.36       234.39     1,611.75        62.14     1,549.61
4137          1.00         0.00         0.00         0.00         0.00         0.00         0.00         0.00         0.00       371.81         0.00        93.93          0.00     3,135.04       482.40     3,617.44       466.74     3,150.70
7542          1.00         0.00         0.00         0.00         0.00         0.00         0.00         0.00         0.00         0.00         0.00        21.27         57.77       871.38       177.99     1,049.37        22.27     1,027.10
3780          1.00         0.00         0.00         0.00         0.00         0.00         0.00         0.00         0.00        47.13         0.00        40.34          0.00     1,490.18       334.61     1,824.79        88.47     1,736.32
7678          1.00         0.00         0.00         0.00         0.00         0.00         0.00         0.00         0.00         0.00         0.00        22.93         34.70       927.01       210.54     1,137.55        23.93     1,113.62
6205          1.00         0.00         0.00         0.00         0.00         0.00         0.00         0.00         0.00         0.00         0.00        21.32         29.65       871.38       194.37     1,065.75        22.32     1,043.43

















































EJECUTIVOS EN SERVICIOS DE ALIMENTOS, S.A. DE C.V.                                                                      Pagina: 0003
R.F.C.:                                                                                                                    5/NOV/19
REPORTE DE SUELDOS SEMANALES DEDUCCIONES


 
Codigo Desc Vales   Desc Zapatos Otras Deducc Desc Fonacot Pension Alim Desc Infonav Faltas       Inca Enferme Inca Riesgo  ISPT         Ajus ISPT    IMSS          Sub P/Empleo Tot Per Grav Tot Per Exce Total Percep Total Deducc Neto Pagado
..........................................................................................................................................................................................................................................
5027          1.00         0.00         0.00         0.00         0.00         0.00         0.00         0.00         0.00         0.68         0.00        27.24          0.00     1,150.17       130.26     1,280.43        28.92     1,251.51
7695          1.00         0.00         0.00         0.00         0.00         0.00       124.60         0.00         0.00         0.00         0.00        20.12         56.14       832.45       263.56     1,096.01       145.72       950.29
6839          1.00         0.00         0.00         0.00         0.00         0.00       104.13         0.00         0.00         0.00         0.00        19.71         46.06       824.78       191.03     1,015.81       124.84       890.97
5646          1.00         0.00         0.00         0.00         0.00         0.00         0.00         0.00         0.00         0.00         0.00        22.08         50.78       938.13       237.75     1,175.88        23.08     1,152.80
7708          0.00         0.00         0.00         0.00         0.00         0.00         0.00         0.00         0.00         0.00         0.00         0.00          0.00         0.00         0.00         0.00         0.00         0.00
6978          1.00         0.00         0.00         0.00         0.00         0.00         0.00         0.00         0.00         0.00         0.00        21.97         54.99       871.38       175.21     1,046.59        22.97     1,023.62
6658          1.00         0.00         0.00         0.00         0.00       396.24       139.74         0.00         0.00         0.00         0.00        24.05         50.71       986.70       179.82     1,166.52       561.03       605.49
4458          1.00         0.00         0.00         0.00         0.00         0.00         0.00       228.70         0.00         5.04         0.00        35.54          0.00     1,560.17       258.09     1,818.26       270.28     1,547.98
7647          1.00         0.00         0.00         0.00         0.00         0.00         0.00         0.00         0.00         0.00         0.00        20.84         29.65       871.38       149.87     1,021.25        21.84       999.41
5679          1.00         0.00         0.00         0.00         0.00         0.00         0.00         0.00         0.00         1.06         0.00        30.79          0.00     1,220.68       234.39     1,455.07        32.85     1,422.22
7530          1.00         0.00         0.00         0.00         0.00         0.00         0.00         0.00         0.00         0.00         0.00        23.26         55.89       861.38       176.11     1,037.49        24.26     1,013.23
6028          1.00         0.00         0.00         0.00         0.00       399.30         0.00         0.00         0.00        87.54         0.00        32.38          0.00     1,600.70       289.86     1,890.56       520.22     1,370.34
6565          1.00         0.00         0.00         0.00         0.00         0.00         0.00         0.00         0.00         0.00         0.00        24.21         53.09       871.38       173.31     1,044.69        25.21     1,019.48
3676          1.00         0.00         0.00         0.00         0.00         0.00         0.00         0.00         0.00        78.80         0.00        34.77          0.00     1,705.19       328.59     2,033.78       114.57     1,919.21
7727          0.00         0.00         0.00         0.00         0.00         0.00         0.00         0.00         0.00         0.00         0.00         0.00          0.00         0.00         0.00         0.00         0.00         0.00
3221          1.00         0.00         0.00         0.00         0.00         0.00         0.00         0.00         0.00        29.02         0.00        42.89          0.00     1,323.74       272.81     1,596.55        72.91     1,523.64
7269          1.00         0.00         0.00         0.00         0.00         0.00         0.00         0.00         0.00         0.00         0.00        22.60         29.65       871.38       149.87     1,021.25        23.60       997.65
2522          1.00         0.00         0.00         0.00         0.00         0.00         0.00         0.00         0.00         0.00         0.00        22.11         38.26       871.38       158.48     1,029.86        23.11     1,006.75
5506          1.00         0.00         0.00         0.00         0.00       224.80         0.00         0.00         0.00         0.00         0.00        27.26         13.83     1,080.76       169.15     1,249.91       253.06       996.85
0236          1.00         0.00         0.00         0.00         0.00       523.01         0.00         0.00         0.00       172.01         0.00        62.41          0.00     2,064.81       359.49     2,424.30       758.43     1,665.87
7080          1.00         0.00         0.00         0.00         0.00         0.00         0.00         0.00         0.00       129.79         0.00        37.83          0.00     1,713.30       471.91     2,185.21       168.62     2,016.59
5965          1.00         0.00         0.00         0.00         0.00         0.00         0.00         0.00         0.00         0.00         0.00        29.09          2.33     1,187.91       222.15     1,410.06        30.09     1,379.97
5447          1.00         0.00         0.00         0.00         0.00         0.00         0.00         0.00         0.00         0.00         0.00        20.95         38.91       861.38       159.13     1,020.51        21.95       998.56
7723          1.00         0.00         0.00         0.00         0.00         0.00       104.13         0.00         0.00         0.00         0.00        16.69         52.13       791.41       208.22       999.63       121.82       877.81
6685          1.00         0.00         0.00         0.00         0.00         0.00         0.00         0.00         0.00         0.00         0.00        21.55         36.93     1,060.51       212.77     1,273.28        22.55     1,250.73
5549          1.00         0.00         0.00         0.00         0.00         0.00         0.00         0.00         0.00         0.00         0.00        21.23         38.26       871.38       202.98     1,074.36        22.23     1,052.13
6349          1.00         0.00         0.00         0.00         0.00         0.00       208.26         0.00         0.00         0.00         0.00        16.32         89.87       771.08       192.49       963.57       225.58       737.99
0854          1.00         0.00         0.00         0.00         0.00       326.19         0.00         0.00         0.00        47.94         0.00        37.23          0.00     1,497.60       220.41     1,718.01       412.36     1,305.65
7295          1.00         0.00         0.00         0.00         0.00         0.00         0.00         0.00         0.00         0.00         0.00        23.36         38.26       871.38       158.48     1,029.86        24.36     1,005.50
7693          1.00         0.00         0.00         0.00         0.00         0.00         0.00         0.00         0.00         0.00         0.00        22.71         38.27       871.38       158.49     1,029.87        23.71     1,006.16
6832          1.00         0.00         0.00         0.00         0.00         0.00         0.00         0.00         0.00         0.00         0.00        21.01         37.55       882.51       213.39     1,095.90        22.01     1,073.89
4807          1.00         0.00         0.00         0.00         0.00         0.00         0.00         0.00         0.00       510.36         0.00       130.06          0.00     3,783.66       564.20     4,347.86       641.42     3,706.44
6821          1.00         0.00         0.00         0.00         0.00         0.00         0.00         0.00         0.00         8.16         0.00        29.20          0.00     1,236.20       278.12     1,514.32        38.36     1,475.96
7705          1.00         0.00         0.00         0.00         0.00         0.00         0.00         0.00         0.00         0.00         0.00        19.90         38.37       871.38       158.59     1,029.97        20.90     1,009.07
3169          1.00         0.00         0.00         0.00         0.00         0.00         0.00         0.00         0.00         0.00         0.00        22.34         27.23       893.63       169.70     1,063.33        23.34     1,039.99
7728          1.00         0.00         0.00         0.00         0.00         0.00         0.00         0.00         0.00         0.00         0.00        18.65         36.48       899.19       229.01     1,128.20        19.65     1,108.55
7686          1.00         0.00         0.00         0.00         0.00         0.00         0.00         0.00         0.00         0.00         0.00        20.83         31.63       871.38       196.35     1,067.73        21.83     1,045.90
5902          0.00         0.00         0.00         0.00         0.00         0.00         0.00         0.00         0.00         0.00         0.00         0.00          0.00         0.00         0.00         0.00         0.00         0.00
4514          1.00         0.00         0.00         0.00         0.00       406.84         0.00         0.00         0.00        67.29         0.00        38.49          0.00     1,570.44       263.54     1,833.98       513.62     1,320.36
7104          1.00         0.00         0.00         0.00         0.00         0.00       124.60         0.00         0.00         0.00         0.00        18.23         50.87       765.70       147.04       912.74       143.83       768.91
7717          1.00         0.00         0.00         0.00         0.00         0.00         0.00         0.00         0.00        27.54         0.00        29.43          0.00     1,305.66       189.70     1,495.36        57.97     1,437.39
6014          1.00         0.00         0.00         0.00         0.00         0.00         0.00         0.00         0.00         0.00         0.00        27.66          0.60     1,202.48       234.99     1,437.47        28.66     1,408.81
7551          1.00         0.00         0.00         0.00         0.00         0.00         0.00         0.00         0.00         0.00         0.00        20.78         34.96       871.38       155.18     1,026.56        21.78     1,004.78

















































EJECUTIVOS EN SERVICIOS DE ALIMENTOS, S.A. DE C.V.                                                                      Pagina: 0004
R.F.C.:                                                                                                                    5/NOV/19
REPORTE DE SUELDOS SEMANALES DEDUCCIONES


 
Codigo Desc Vales   Desc Zapatos Otras Deducc Desc Fonacot Pension Alim Desc Infonav Faltas       Inca Enferme Inca Riesgo  ISPT         Ajus ISPT    IMSS          Sub P/Empleo Tot Per Grav Tot Per Exce Total Percep Total Deducc Neto Pagado
..........................................................................................................................................................................................................................................
7715          1.00         0.00         0.00         0.00         0.00         0.00         0.00         0.00         0.00         0.00         0.00        18.65         34.88       871.38       199.60     1,070.98        19.65     1,051.33
6985          1.00         0.00         0.00         0.00         0.00         0.00         0.00         0.00         0.00       269.59         0.00        72.11          0.00     2,635.56       507.78     3,143.34       342.70     2,800.64
3827          1.00         0.00         0.00         0.00         0.00         0.00         0.00         0.00         0.00         0.00         0.00        25.59         47.65       961.98       250.22     1,212.20        26.59     1,185.61
5412          1.00         0.00         0.00         0.00         0.00         0.00         0.00         0.00         0.00         0.00         0.00        20.82         38.91       861.38       159.13     1,020.51        21.82       998.69
4504          1.00         0.00       500.00         0.00         0.00         0.00         0.00         0.00         0.00       185.55         0.00        63.17          0.00     2,235.35       398.98     2,634.33       749.72     1,884.61
7395          1.00         0.00         0.00         0.00         0.00         0.00         0.00         0.00         0.00         0.00         0.00        22.74         49.03       949.26       247.12     1,196.38        23.74     1,172.64
0214          1.00         0.00         0.00         0.00         0.00         0.00         0.00         0.00         0.00       510.36         0.00       112.73          0.00     3,783.66       564.20     4,347.86       624.09     3,723.77
7376          1.00         0.00         0.00         0.00         0.00         0.00         0.00         0.00         0.00        13.92         0.00        22.67          0.00     1,271.88       220.34     1,492.22        37.59     1,454.63
3217          1.00         0.00         0.00         0.00         0.00         0.00         0.00         0.00         0.00         1.39         0.00        33.55          0.00     1,220.68       234.39     1,455.07        35.94     1,419.13
7212          1.00         0.00         0.00         0.00         0.00       357.68         0.00         0.00         0.00         0.00         0.00        22.30         29.65       871.38       149.87     1,021.25       380.98       640.27
6321          1.00         0.00         0.00         0.00         0.00         0.00         0.00         0.00         0.00         0.00         0.00        22.89         34.24       934.17       164.50     1,098.67        23.89     1,074.78
5232          1.00         0.00         0.00         0.00         0.00         0.00         0.00         0.00         0.00         0.00         0.00        28.24        178.71     1,024.17       308.97     1,333.14        29.24     1,303.90
4958          1.00         0.00         0.00         0.00         0.00         0.00         0.00         0.00         0.00         0.00         0.00        21.23         38.27       871.38       185.32     1,056.70        22.23     1,034.47
7675          1.00         0.00         0.00         0.00         0.00         0.00         0.00         0.00         0.00         0.00         0.00        20.61         37.32       893.63       179.79     1,073.42        21.61     1,051.81
3979          1.00         0.00         0.00         0.00         0.00         0.00         0.00         0.00         0.00       420.98         0.00       125.37          0.00     3,365.20       519.23     3,884.43       547.35     3,337.08
5568          1.00         0.00         0.00         0.00         0.00         0.00         0.00         0.00         0.00         0.00         0.00        13.32         26.33       637.98       206.82       844.80        14.32       830.48
0442          1.00         0.00         0.00         0.00         0.00         0.00         0.00         0.00         0.00        44.42         0.00        34.90          0.00     1,465.30       290.71     1,756.01        80.32     1,675.69
7699          1.00         0.00         0.00         0.00         0.00         0.00         0.00       520.65         0.00         0.00         0.00         6.87         42.12       654.45       106.71       761.16       528.52       232.64
7330          0.00         0.00         0.00         0.00         0.00         0.00         0.00         0.00         0.00         0.00         0.00         0.00          0.00         0.00         0.00         0.00         0.00         0.00
7719          1.00         0.00         0.00         0.00         0.00         0.00         0.00         0.00         0.00         0.00         0.00        18.65         38.26       871.38       158.48     1,029.86        19.65     1,010.21
7720          0.00         0.00         0.00         0.00         0.00         0.00         0.00         0.00         0.00         0.00         0.00        18.65         30.57       991.60        75.07     1,066.67        18.65     1,048.02
7397          1.00         0.00         0.00         0.00         0.00         0.00         0.00         0.00         0.00         0.00         0.00        21.20         38.90       861.38       159.12     1,020.50        22.20       998.30
7421          1.00         0.00         0.00         0.00         0.00         0.00         0.00         0.00         0.00         0.00         0.00        23.25         53.87       904.76       207.46     1,112.22        24.25     1,087.97
7595          1.00         0.00         0.00         0.00         0.00         0.00       104.13         0.00         0.00         0.00         0.00        21.03          1.87     1,314.28       202.46     1,516.74       126.16     1,390.58
7298          1.00         0.00         0.00         0.00         0.00         0.00         0.00         0.00         0.00        49.71         0.00        36.14          0.00     1,513.90       253.30     1,767.20        86.85     1,680.35
5396          1.00         0.00         0.00         0.00         0.00         0.00         0.00         0.00         0.00         0.00         0.00        23.76         35.64       915.88       244.86     1,160.74        24.76     1,135.98
5704          1.00         0.00         0.00         0.00         0.00         0.00         0.00         0.00         0.00        33.61         0.00        34.86          0.00     1,452.87       369.75     1,822.62        69.47     1,753.15
7503          1.00         0.00         0.00         0.00         0.00         0.00         0.00         0.00         0.00         0.00         0.00        21.74         38.27       871.38       202.99     1,074.37        22.74     1,051.63
7190          1.00         0.00         0.00         0.00         0.00         0.00         0.00         0.00         0.00         0.00         0.00        21.63         48.36       960.38       257.58     1,217.96        22.63     1,195.33
7642          1.00         0.00         0.00         0.00         0.00         0.00         0.00         0.00         0.00         0.00         0.00        23.34         31.63       871.38       151.85     1,023.23        24.34       998.89
7588          1.00         0.00         0.00         0.00         0.00         0.00         0.00         0.00         0.00         0.00         0.00        22.89         34.96       871.38       155.18     1,026.56        23.89     1,002.67
5588          1.00        48.00         0.00         0.00         0.00         0.00         0.00         0.00         0.00         0.00         0.00        21.23         31.86       971.51       252.20     1,223.71        70.23     1,153.48
6203          1.00         0.00         0.00         0.00         0.00         0.00       104.13         0.00         0.00         0.00         0.00        19.38         44.84       780.28       145.31       925.59       124.51       801.08
6582          1.00         0.00         0.00         0.00         0.00         0.00         0.00         0.00         0.00        33.34         0.00        20.82          0.00     1,901.99       379.40     2,281.39        55.16     2,226.23
7667          1.00         0.00         0.00         0.00         0.00         0.00       104.13         0.00         0.00         0.00         0.00        18.42         46.60       813.66       224.94     1,038.60       123.55       915.05
7691          1.00         0.00         0.00         0.00         0.00         0.00       208.26         0.00         0.00         0.00         0.00        16.15         64.96       759.96       200.95       960.91       225.41       735.50
7226          0.00         0.00         0.00         0.00         0.00         0.00         0.00         0.00         0.00         0.00         0.00         0.00          0.00         0.00         0.00         0.00         0.00         0.00
7664          1.00         0.00         0.00         0.00         0.00         0.00         0.00         0.00         0.00         0.00         0.00        20.31         34.71       927.01       210.55     1,137.56        21.31     1,116.25
3326          1.00         0.00         0.00         0.00         0.00         0.00         0.00         0.00         0.00        40.31         0.00        42.12          0.00     1,427.46       209.19     1,636.65        83.43     1,553.22
0449          1.00         0.00       300.00         0.00         0.00       386.21         0.00         0.00         0.00        91.32         0.00        33.95          0.00     1,411.46       261.69     1,673.15       812.48       860.67
7707          1.00         0.00         0.00         0.00         0.00         0.00         0.00         0.00         0.00         0.00         0.00        18.65         27.51     1,039.38       292.35     1,331.73        19.65     1,312.08
6934          1.00         0.00         0.00         0.00         0.00         0.00         0.00         0.00         0.00       342.85         0.00        84.50          0.00     2,999.45       460.71     3,460.16       428.35     3,031.81
7137          1.00         0.00         0.00         0.00         0.00         0.00         0.00         0.00         0.00        54.36         0.00        36.47          0.00     1,556.62       238.83     1,795.45        91.83     1,703.62

















































EJECUTIVOS EN SERVICIOS DE ALIMENTOS, S.A. DE C.V.                                                                      Pagina: 0005
R.F.C.:                                                                                                                    5/NOV/19
REPORTE DE SUELDOS SEMANALES DEDUCCIONES


 
Codigo Desc Vales   Desc Zapatos Otras Deducc Desc Fonacot Pension Alim Desc Infonav Faltas       Inca Enferme Inca Riesgo  ISPT         Ajus ISPT    IMSS          Sub P/Empleo Tot Per Grav Tot Per Exce Total Percep Total Deducc Neto Pagado
..........................................................................................................................................................................................................................................
6682          1.00         0.00         0.00         0.00         0.00         0.00       124.60         0.00         0.00         0.00         0.00        18.01         50.20       765.70       146.37       912.07       143.61       768.46
1269          1.00         0.00         0.00         0.00         0.00         0.00         0.00         0.00         0.00         0.00         0.00        20.54         34.64       928.13       221.61     1,149.74        21.54     1,128.20
6918          1.00         0.00         0.00         0.00         0.00         0.00         0.00         0.00         0.00         0.00         0.00        22.69         15.13     1,004.88       168.72     1,173.60        23.69     1,149.91
1419          1.00         0.00         0.00         0.00         0.00       268.68         0.00         0.00         0.00        17.59         0.00        40.48          0.00     1,305.66       443.77     1,749.43       327.75     1,421.68
7545          1.00         0.00         0.00         0.00         0.00         0.00         0.00         0.00         0.00        56.05         0.00        38.08          0.00     1,572.20       424.87     1,997.07        95.13     1,901.94
5905          0.00         0.00         0.00         0.00         0.00         0.00         0.00         0.00         0.00         0.00         0.00         0.00          0.00         0.00         0.00         0.00         0.00         0.00
7638          1.00         0.00         0.00         0.00         0.00         0.00         0.00         0.00         0.00         0.00         0.00        19.84         38.91       861.38       159.13     1,020.51        20.84       999.67
3525          1.00         0.00         0.00         0.00         0.00         0.00         0.00         0.00         0.00        29.59         0.00        33.02          0.00     1,557.12       271.91     1,829.03        63.61     1,765.42
2451          1.00         0.00         0.00         0.00         0.00         0.00         0.00         0.00         0.00         0.00         0.00        21.15         28.63       871.38       193.35     1,064.73        22.15     1,042.58
6885          1.00         0.00         0.00         0.00         0.00         0.00         0.00         0.00         0.00         0.00         0.00        22.69         38.26       871.38       158.48     1,029.86        23.69     1,006.17
4775          1.00         0.00         0.00         0.00         0.00         0.00         0.00         0.00         0.00         0.00         0.00        22.14         23.61       927.01       199.45     1,126.46        23.14     1,103.32
7528          1.00         0.00         0.00         0.00         0.00         0.00         0.00         0.00         0.00         0.00         0.00        21.89         38.26       871.38       158.48     1,029.86        22.89     1,006.97
7658          1.00         0.00         0.00         0.00         0.00         0.00         0.00         0.00         0.00         0.00         0.00        20.31         46.30       904.76       199.89     1,104.65        21.31     1,083.34
4832          1.00         0.00         0.00         0.00         0.00         0.00         0.00         0.00         0.00         0.00         0.00        21.76         17.95     1,038.26       238.29     1,276.55        22.76     1,253.79
7729          1.00         0.00         0.00         0.00         0.00         0.00         0.00         0.00         0.00         0.00         0.00        13.32         28.82       599.04       170.37       769.41        14.32       755.09
6567          1.00         0.00         0.00         0.00         0.00         0.00         0.00         0.00         0.00         0.00         0.00        20.14         51.79       861.38       172.01     1,033.39        21.14     1,012.25
3321          1.00         0.00         0.00         0.00         0.00         0.00         0.00         0.00         0.00       211.12         0.00        57.75          0.00     2,309.24       492.06     2,801.30       269.87     2,531.43
2112          1.00         0.00         0.00         0.00         0.00         0.00         0.00       208.26         0.00         0.00         0.00        15.09         88.75       782.21       202.49       984.70       224.35       760.35
0624          1.00         0.00         0.00         0.00         0.00         0.00         0.00         0.00         0.00       153.50         0.00        52.91          0.00     1,931.18       289.78     2,220.96       207.41     2,013.55
6877          1.00         0.00         0.00       150.28         0.00         0.00         0.00         0.00         0.00         0.00         0.00        32.33          2.91     1,211.92       289.39     1,501.31       183.61     1,317.70
4385          1.00         0.00         0.00         0.00         0.00         0.00         0.00         0.00         0.00         0.00         0.00        29.22          3.22     1,178.33       172.55     1,350.88        30.22     1,320.66
7378          1.00         0.00         0.00         0.00         0.00         0.00       124.60         0.00         0.00         0.00         0.00        18.68         45.96       787.95       164.38       952.33       144.28       808.05
0366          1.00         0.00         0.00         0.00         0.00         0.00         0.00         0.00         0.00       343.09         0.00        88.25          0.00     3,000.58       462.49     3,463.07       432.34     3,030.73
6206          1.00         0.00         0.00         0.00         0.00         0.00       136.41         0.00         0.00         0.00         0.00        26.06         51.31     1,056.97       215.44     1,272.41       163.47     1,108.94
7618          1.00         0.00         0.00         0.00         0.00         0.00         0.00         0.00         0.00         0.00         0.00        20.51         32.33       861.38       152.55     1,013.93        21.51       992.42
 
*** GLO     187.00        96.00     1,200.00       150.28         0.00     6,810.75     3,128.46     1,206.81         0.00     6,801.72         0.00     5,596.60      5,062.68   225,447.01                270,437.42    25,177.62   245,259.80
  
































































