EJECUTIVOS EN SERVICIOS DE ALIMENTOS, S.A. DE C.V.                                                                      Pagina: 0001
R.F.C.:                                                                                                                    5/NOV/19
REPORTE DE SUELDOS SEMANALES DEDUCCIONES


 
Codigo Desc Vales   Desc Zapatos Otras Deducc Desc Fonacot Pension Alim Desc Infonav Faltas       Inca Enferme Inca Riesgo  ISPT         Ajus ISPT    IMSS          Sub P/Empleo Tot Per Grav Tot Per Exce Total Percep Total Deducc Neto Pagado
..........................................................................................................................................................................................................................................
7505          1.00         0.00         0.00         0.00         0.00         0.00         0.00         0.00         0.00         0.00         0.00        20.63         47.01       893.63       189.48     1,083.11        21.63     1,061.48
7602          1.00         0.00         0.00         0.00         0.00         0.00         0.00         0.00         0.00         0.00         0.00         7.99         31.16       180.27        55.20       235.47         8.99       226.48
7335          0.00         0.00         0.00         0.00         0.00         0.00       498.40         0.00         0.00         0.00         0.00        10.80         59.01       682.71        59.01       741.72       509.20       232.52
6600          1.00         0.00         0.00         0.00         0.00         0.00         0.00         0.00         0.00         0.00         0.00        21.60         33.91       939.26       232.00     1,171.26        22.60     1,148.66
7515          1.00         0.00         0.00         0.00         0.00         0.00         0.00         0.00         0.00         0.00         0.00        20.53         38.27       871.38       158.49     1,029.87        21.53     1,008.34
5933          1.00         0.00         0.00         0.00         0.00         0.00         0.00         0.00         0.00         0.00         0.00        20.45         34.71       927.01       210.55     1,137.56        21.45     1,116.11
7170          1.00         0.00         0.00         0.00         0.00         0.00         0.00         0.00         0.00         0.00         0.00        24.38         50.54       871.38       170.76     1,042.14        25.38     1,016.76
5618          1.00         0.00         0.00         0.00         0.00         0.00         0.00         0.00         0.00         0.00         0.00        18.65         36.77       894.76       190.36     1,085.12        19.65     1,065.47
3890          1.00         0.00         0.00         0.00         0.00         0.00         0.00         0.00         0.00       166.09         0.00        52.69          0.00     2,027.79       306.84     2,334.63       219.78     2,114.85
7526          1.00         0.00         0.00         0.00         0.00         0.00         0.00         0.00         0.00         0.00         0.00        24.36         49.92       871.38       170.14     1,041.52        25.36     1,016.16
3652          1.00         0.00         0.00         0.00         0.00       383.82         0.00         0.00         0.00       179.67         0.00        53.96          0.00     2,116.18       414.04     2,530.22       618.45     1,911.77
2530          1.00         0.00         0.00         0.00         0.00       169.29         0.00         0.00         0.00         0.00         0.00        19.82         38.90       861.38       159.12     1,020.50       190.11       830.39
1123          1.00         0.00         0.00         0.00         0.00         0.00         0.00         0.00         0.00         0.00         0.00        30.37         96.11     1,246.79       276.39     1,523.18        31.37     1,491.81
7593          1.00         0.00         0.00         0.00         0.00         0.00         0.00         0.00         0.00         0.00         0.00        18.65         34.17       882.51       165.51     1,048.02        19.65     1,028.37
7580          1.00         0.00         0.00         0.00         0.00         0.00         0.00         0.00         0.00         0.00         0.00        18.65         45.81       861.38       166.03     1,027.41        19.65     1,007.76
7458          1.00         0.00         0.00         0.00         0.00         0.00         0.00         0.00         0.00         0.00         0.00        23.16         34.22     1,021.38       154.44     1,175.82        24.16     1,151.66
6104          1.00         0.00         0.00         0.00         0.00         0.00         0.00         0.00         0.00         0.00         0.00        27.98         38.27       871.38       202.99     1,074.37        28.98     1,045.39
7005          1.00         0.00         0.00         0.00         0.00         0.00         0.00         0.00         0.00         0.00         0.00        22.71         25.59       927.01       201.43     1,128.44        23.71     1,104.73
7259          1.00         0.00         0.00         0.00         0.00         0.00         0.00         0.00         0.00         0.00         0.00        21.08         34.05       871.38       154.27     1,025.65        22.08     1,003.57
7276          1.00         0.00         0.00         0.00         0.00         0.00         0.00         0.00         0.00         0.00         0.00        25.65         21.82       991.50       219.55     1,211.05        26.65     1,184.40
7312          1.00         0.00         0.00         0.00         0.00         0.00         0.00         0.00         0.00         0.00         0.00        21.10         45.28       871.38       165.50     1,036.88        22.10     1,014.78
7338          1.00         0.00         0.00         0.00         0.00         0.00         0.00         0.00         0.00         0.00         0.00        22.73         36.84       893.63       179.31     1,072.94        23.73     1,049.21
7600          1.00         0.00         0.00         0.00         0.00         0.00         0.00         0.00         0.00         0.00         0.00        13.32         37.80       520.82       109.93       630.75        14.32       616.43
7581          1.00         0.00         0.00         0.00         0.00         0.00         0.00         0.00         0.00         0.00         0.00        18.65         38.26       871.38       158.48     1,029.86        19.65     1,010.21
5677          1.00         0.00         0.00         0.00         0.00         0.00         0.00         0.00         0.00         0.00         0.00        28.76          0.73     1,137.24       163.48     1,300.72        29.76     1,270.96
6210          1.00         0.00       150.00         0.00         0.00         0.00         0.00         0.00         0.00         0.00         0.00        25.40          0.95     1,199.26       199.04     1,398.30       176.40     1,221.90
0849          1.00         0.00         0.00         0.00         0.00         0.00         0.00         0.00         0.00         0.00         0.00        25.48         12.86     1,061.11       151.43     1,212.54        26.48     1,186.06
7536          1.00         0.00         0.00         0.00         0.00         0.00         0.00         0.00         0.00         0.00         0.00        19.83         38.90       861.38       159.12     1,020.50        20.83       999.67
7538          0.00         0.00         0.00         0.00         0.00         0.00       208.26         0.00         0.00         0.00         0.00        16.13         50.36       829.20        50.36       879.56       224.39       655.17
7430          1.00         0.00         0.00         0.00         0.00         0.00         0.00         0.00         0.00       130.10         0.00        49.65          0.00     1,716.19       445.67     2,161.86       180.75     1,981.11
5181          1.00         0.00         0.00         0.00         0.00         0.00         0.00         0.00         0.00         0.00         0.00        21.11         38.26       871.38       158.48     1,029.86        22.11     1,007.75
7057          1.00         0.00         0.00         0.00         0.00         0.00         0.00         0.00         0.00         0.00         0.00        25.05         45.92       861.38       166.14     1,027.52        26.05     1,001.47
5558          1.00         0.00         0.00         0.00         0.00         0.00         0.00       249.20         0.00         0.00         0.00        17.04         84.79       763.40       190.29       953.69       267.24       686.45
4746          1.00         0.00         0.00         0.00         0.00       338.00         0.00         0.00         0.00        13.51         0.00        31.06          0.00     1,268.15       211.63     1,479.78       383.57     1,096.21
7573          1.00         0.00         0.00         0.00         0.00         0.00         0.00         0.00         0.00         0.00         0.00        18.65         38.90       861.38       159.12     1,020.50        19.65     1,000.85
7407          1.00         0.00         0.00         0.00         0.00         0.00         0.00         0.00         0.00         0.00         0.00        24.24         30.78       988.19       312.31     1,300.50        25.24     1,275.26
2107          1.00         0.00         0.00         0.00         0.00       334.63         0.00         0.00         0.00        24.86         0.00        36.92          0.00     1,372.44       248.43     1,620.87       397.41     1,223.46
1424          1.00         0.00         0.00         0.00         0.00       458.35         0.00         0.00         0.00       327.01         0.00        94.69          0.00     2,925.29       654.90     3,580.19       881.05     2,699.14
5280          1.00         0.00         0.00       316.08         0.00       433.73         0.00         0.00         0.00       152.33         0.00        51.82          0.00     1,920.48       289.67     2,210.15       954.96     1,255.19
6461          1.00         0.00       280.01         0.00         0.00         0.00         0.00         0.00         0.00         5.97         0.00        26.26          0.00     1,198.85       319.23     1,518.08       313.24     1,204.84
6765          1.00         0.00         0.00         0.00         0.00         0.00         0.00         0.00         0.00        12.89         0.00        29.83          0.00     1,262.47       195.95     1,458.42        43.72     1,414.70
7012          1.00         0.00         0.00         0.00         0.00         0.00         0.00         0.00         0.00         0.00         0.00        21.57         38.26       871.38       158.48     1,029.86        22.57     1,007.29
5000          1.00         0.00         0.00         0.00         0.00         0.00         0.00         0.00         0.00         0.00         0.00        27.47          8.00     1,134.48       207.04     1,341.52        28.47     1,313.05

















































EJECUTIVOS EN SERVICIOS DE ALIMENTOS, S.A. DE C.V.                                                                      Pagina: 0002
R.F.C.:                                                                                                                    5/NOV/19
REPORTE DE SUELDOS SEMANALES DEDUCCIONES


 
Codigo Desc Vales   Desc Zapatos Otras Deducc Desc Fonacot Pension Alim Desc Infonav Faltas       Inca Enferme Inca Riesgo  ISPT         Ajus ISPT    IMSS          Sub P/Empleo Tot Per Grav Tot Per Exce Total Percep Total Deducc Neto Pagado
..........................................................................................................................................................................................................................................
7586          1.00         0.00         0.00         0.00         0.00         0.00         0.00         0.00         0.00         0.00         0.00        18.65         38.26       871.38       158.48     1,029.86        19.65     1,010.21
5644          1.00         0.00       124.50         0.00         0.00       284.89         0.00       133.23         0.00         0.00         0.00        24.43         30.68     1,043.17       210.48     1,253.65       568.05       685.60
7519          1.00         0.00         0.00         0.00         0.00         0.00         0.00         0.00         0.00         0.00         0.00        21.85         48.43       871.38       168.65     1,040.03        22.85     1,017.18
7582          1.00         0.00         0.00         0.00         0.00         0.00         0.00         0.00         0.00         0.00         0.00        18.65         38.90       861.38       159.12     1,020.50        19.65     1,000.85
7292          1.00         0.00         0.00         0.00         0.00         0.00         0.00         0.00         0.00         0.00         0.00        20.73         38.90       861.38       159.12     1,020.50        21.73       998.77
6690          1.00         0.00         0.00         0.00         0.00         0.00       124.60         0.00         0.00         0.00         0.00        19.62         82.66       765.70       286.17     1,051.87       145.22       906.65
0090          1.00         0.00         0.00         0.00         0.00       489.83         0.00         0.00         0.00        68.37         0.00        34.16          0.00     1,511.53       303.26     1,814.79       593.36     1,221.43
7168          1.00         0.00         0.00         0.00         0.00         0.00         0.00         0.00         0.00         0.00         0.00        21.26         34.26       938.13       265.73     1,203.86        22.26     1,181.60
4314          1.00         0.00         0.00         0.00         0.00         0.00         0.00         0.00         0.00       132.07         0.00        51.08          0.00     1,734.22       322.49     2,056.71       184.15     1,872.56
6193          1.00         0.00         0.00         0.00         0.00         0.00         0.00         0.00         0.00         0.00         0.00        26.32         12.74     1,090.76       168.06     1,258.82        27.32     1,231.50
5332          1.00         0.00         0.00         0.00         0.00         0.00         0.00         0.00         0.00         0.00         0.00        19.81         36.77       894.76       190.36     1,085.12        20.81     1,064.31
7485          1.00         0.00         0.00         0.00         0.00         0.00         0.00         0.00         0.00         0.00         0.00        23.11         19.67     1,027.13       273.39     1,300.52        24.11     1,276.41
4287          1.00         0.00         0.00         0.00         0.00         0.00         0.00         0.00         0.00         0.00         0.00        26.19         25.26     1,080.76       180.58     1,261.34        27.19     1,234.15
6427          1.00         0.00         0.00         0.00         0.00         0.00         0.00         0.00         0.00         0.00         0.00        22.15         29.97     1,000.92       226.98     1,227.90        23.15     1,204.75
6504          1.00         0.00         0.00         0.00         0.00         0.00         0.00         0.00         0.00         0.00         0.00        22.90         38.26       871.38       158.48     1,029.86        23.90     1,005.96
7575          1.00         0.00       250.00         0.00         0.00         0.00         0.00         0.00         0.00         0.00         0.00        18.65          8.58     1,128.07       145.48     1,273.55       269.65     1,003.90
5745          1.00         0.00         0.00         0.00         0.00         0.00         0.00         0.00         0.00         0.00         0.00        20.28         34.71       927.01       210.55     1,137.56        21.28     1,116.28
6849          1.00         0.00         0.00         0.00         0.00         0.00         0.00         0.00         0.00         0.90         0.00        29.52          0.00     1,216.26       342.71     1,558.97        31.42     1,527.55
7061          1.00         0.00         0.00         0.00         0.00         0.00         0.00         0.00         0.00         0.00         0.00        23.32         22.26     1,121.38       142.48     1,263.86        24.32     1,239.54
0881          1.00         0.00         0.00         0.00         0.00         0.00         0.00         0.00         0.00         0.00         0.00        20.45        136.24       861.38       256.46     1,117.84        21.45     1,096.39
6334          1.00         0.00       100.00         0.00         0.00         0.00         0.00         0.00         0.00        30.94         0.00        29.31          0.00     1,428.30       271.63     1,699.93       161.25     1,538.68
2413          1.00         0.00         0.00         0.00         0.00       380.72         0.00         0.00         0.00        10.09         0.00        26.27          0.00     1,236.63       227.62     1,464.25       418.08     1,046.17
7428          1.00         0.00         0.00         0.00         0.00         0.00         0.00         0.00         0.00         0.00         0.00        23.16         38.26       871.38       158.48     1,029.86        24.16     1,005.70
7567          1.00         0.00         0.00         0.00         0.00         0.00         0.00         0.00         0.00         0.00         0.00        20.55         36.77       894.76       190.36     1,085.12        21.55     1,063.57
2897          1.00         0.00         0.00         0.00         0.00         0.00       124.60         0.00         0.00         0.00         0.00        18.54         62.66       765.70       158.83       924.53       144.14       780.39
7558          1.00        48.00         0.00         0.00         0.00         0.00         0.00         0.00         0.00         0.00         0.00        26.12         37.55       882.51       213.39     1,095.90        75.12     1,020.78
6360          1.00         0.00         0.00         0.00         0.00         0.00         0.00         0.00         0.00         0.00         0.00        20.48         23.45       950.38       232.67     1,183.05        21.48     1,161.57
3318          1.00         0.00         0.00         0.00         0.00       501.65         0.00         0.00         0.00       179.02         0.00        54.80          0.00     2,108.56       301.36     2,409.92       736.47     1,673.45
5139          1.00         0.00         0.00         0.00         0.00       760.33         0.00         0.00         0.00       283.48         0.00        69.93          0.00     2,713.09       368.88     3,081.97     1,114.74     1,967.23
6083          1.00         0.00         0.00         0.00         0.00         0.00         0.00         0.00         0.00         0.00         0.00        23.01         45.11       967.55       253.24     1,220.79        24.01     1,196.78
6766          1.00         0.00         0.00         0.00         0.00         0.00         0.00         0.00         0.00         0.00         0.00        30.73         26.67     1,090.76       181.99     1,272.75        31.73     1,241.02
4137          1.00         0.00         0.00         0.00         0.00         0.00         0.00         0.00         0.00       318.64         0.00       101.47          0.00     2,886.12       442.57     3,328.69       421.11     2,907.58
7542          1.00         0.00         0.00         0.00         0.00         0.00         0.00         0.00         0.00         0.00         0.00        20.59         38.26       871.38       158.48     1,029.86        21.59     1,008.27
3780          1.00         0.00         0.00         0.00         0.00         0.00         0.00         0.00         0.00        40.30         0.00        34.85          0.00     1,427.46       209.19     1,636.65        76.15     1,560.50
7571          1.00         0.00         0.00         0.00         0.00         0.00         0.00         0.00         0.00         0.00         0.00        18.65         35.42       915.88       200.14     1,116.02        19.65     1,096.37
6205          1.00         0.00         0.00         0.00         0.00         0.00         0.00         0.00         0.00         0.00         0.00        23.39         41.01       938.13       194.60     1,132.73        24.39     1,108.34
5027          1.00         0.00         0.00         0.00         0.00         0.00         0.00         0.00         0.00         0.00         0.00        30.19          2.51     1,294.80       210.64     1,505.44        31.19     1,474.25
7245          1.00         0.00         0.00         0.00         0.00         0.00       104.13         0.00         0.00         0.00         0.00        17.95         51.47       780.28       151.94       932.22       123.08       809.14
6839          1.00         0.00         0.00         0.00         0.00         0.00         0.00         0.00         0.00         0.00         0.00        20.23         34.71       927.01       210.55     1,137.56        21.23     1,116.33
5646          1.00         0.00         0.00         0.00         0.00         0.00         0.00         0.00         0.00         0.00         0.00        20.48         36.84       893.63       179.31     1,072.94        21.48     1,051.46
6978          1.00         0.00         0.00         0.00         0.00         0.00         0.00         0.00         0.00         0.00         0.00        21.55         38.26       871.38       158.48     1,029.86        22.55     1,007.31
6658          1.00         0.00         0.00         0.00         0.00       463.40         0.00         0.00         0.00         0.00         0.00        25.04          3.20     1,178.61       214.50     1,393.11       489.44       903.67
4458          1.00         0.00         0.00         0.00         0.00         0.00         0.00         0.00         0.00       122.88         0.00        40.97          0.00     1,649.87       297.83     1,947.70       164.85     1,782.85

















































EJECUTIVOS EN SERVICIOS DE ALIMENTOS, S.A. DE C.V.                                                                      Pagina: 0003
R.F.C.:                                                                                                                    5/NOV/19
REPORTE DE SUELDOS SEMANALES DEDUCCIONES


 
Codigo Desc Vales   Desc Zapatos Otras Deducc Desc Fonacot Pension Alim Desc Infonav Faltas       Inca Enferme Inca Riesgo  ISPT         Ajus ISPT    IMSS          Sub P/Empleo Tot Per Grav Tot Per Exce Total Percep Total Deducc Neto Pagado
..........................................................................................................................................................................................................................................
7522          1.00         0.00         0.00         0.00         0.00         0.00         0.00         0.00         0.00         0.00         0.00        22.53         36.85       893.63       179.32     1,072.95        23.53     1,049.42
7574          1.00         0.00         0.00         0.00         0.00         0.00         0.00         0.00         0.00         0.00         0.00        18.65         38.90       861.38       159.12     1,020.50        19.65     1,000.85
5679          1.00         0.00         0.00         0.00         0.00         0.00         0.00         0.00         0.00         0.00         0.00        30.13         17.15     1,178.33       244.77     1,423.10        31.13     1,391.97
7417          1.00         0.00         0.00         0.00         0.00         0.00         0.00       104.13         0.00         0.00         0.00        18.38         57.29       802.53       224.51     1,027.04       123.51       903.53
7583          1.00         0.00         0.00         0.00         0.00         0.00         0.00         0.00         0.00         0.00         0.00        18.65         38.26       871.38       158.48     1,029.86        19.65     1,010.21
7601          1.00         0.00         0.00         0.00         0.00         0.00         0.00         0.00         0.00         0.00         0.00        10.66         33.76       361.68        92.96       454.64        11.66       442.98
7530          1.00         0.00         0.00         0.00         0.00         0.00       124.60         0.00         0.00         0.00         0.00        18.05         77.65       782.39       190.50       972.89       143.65       829.24
7239          1.00         0.00         0.00         0.00         0.00         0.00       124.60         0.00         0.00         0.00         0.00        17.74         62.66       765.70       158.83       924.53       143.34       781.19
6028          1.00         0.00         0.00         0.00         0.00       400.43         0.00         0.00         0.00        38.66         0.00        26.66          0.00     1,412.38       283.64     1,696.02       466.75     1,229.27
6565          1.00         0.00         0.00         0.00         0.00         0.00         0.00         0.00         0.00         0.00         0.00        22.08         23.22     1,004.88       243.56     1,248.44        23.08     1,225.36
3218          1.00         0.00         0.00         0.00         0.00         0.00         0.00         0.00         0.00         0.00         0.00        23.10         34.25       934.17       209.01     1,143.18        24.10     1,119.08
3676          1.00         0.00         0.00         0.00         0.00         0.00         0.00         0.00         0.00        40.03         0.00        34.98          0.00     1,424.93       321.38     1,746.31        76.01     1,670.30
0445          1.00         0.00         0.00         0.00         0.00         0.00         0.00         0.00         0.00         0.00         0.00        27.47          7.48     1,139.13       221.10     1,360.23        28.47     1,331.76
5901          1.00         0.00         0.00         0.00         0.00         0.00         0.00         0.00         0.00         0.00         0.00        22.54         38.90       861.38       185.95     1,047.33        23.54     1,023.79
7269          1.00         0.00         0.00         0.00         0.00         0.00         0.00         0.00         0.00         0.00         0.00        21.43         38.27       871.38       158.49     1,029.87        22.43     1,007.44
2522          1.00         0.00         0.00         0.00         0.00         0.00         0.00         0.00         0.00         0.00         0.00        23.77         36.83       893.63       223.80     1,117.43        24.77     1,092.66
7555          1.00         0.00         0.00         0.00         0.00         0.00         0.00         0.00         0.00         0.00         0.00        21.36         38.19       872.51       169.53     1,042.04        22.36     1,019.68
0116          0.00         0.00         0.00         0.00         0.00         0.00         0.00         0.00         0.00       104.43         0.00        40.21          0.00     1,788.67        75.49     1,864.16       144.64     1,719.52
5506          1.00         0.00         0.00         0.00         0.00       224.80         0.00         0.00         0.00         0.00         0.00        26.07          6.71     1,146.34       227.61     1,373.95       251.87     1,122.08
0236          1.00         0.00         0.00         0.00         0.00       524.15         0.00         0.00         0.00       162.81         0.00        54.20          0.00     2,007.27       378.67     2,385.94       742.16     1,643.78
7080          1.00         0.00         0.00         0.00         0.00         0.00         0.00         0.00         0.00        73.11         0.00        38.59          0.00     1,728.98       393.51     2,122.49       112.70     2,009.79
5965          1.00         0.00         0.00         0.00         0.00         0.00         0.00         0.00         0.00         0.00         0.00        26.89         26.67     1,090.76       390.01     1,480.77        27.89     1,452.88
7457          0.00         0.00         0.00         0.00         0.00         0.00         0.00         0.00         0.00         0.00         0.00        20.07         30.57       991.60        30.57     1,022.17        20.07     1,002.10
5447          1.00         0.00         0.00         0.00         0.00         0.00         0.00         0.00         0.00         0.00         0.00        20.16         38.19       872.51       169.53     1,042.04        21.16     1,020.88
6685          1.00         0.00         0.00         0.00         0.00         0.00         0.00         0.00         0.00         0.00         0.00        20.71         49.55       871.38       169.77     1,041.15        21.71     1,019.44
7489          1.00         0.00         0.00         0.00         0.00         0.00       104.13         0.00         0.00         0.00         0.00        19.72         41.78       824.78       186.75     1,011.53       124.85       886.68
5549          1.00         0.00         0.00         0.00         0.00         0.00         0.00         0.00         0.00         0.00         0.00        21.11         36.84       893.63       223.81     1,117.44        22.11     1,095.33
7599          0.00         0.00         0.00         0.00         0.00         0.00         0.00         0.00         0.00         0.00         0.00        15.99         59.89       398.63        59.89       458.52        15.99       442.53
7554          1.00         0.00         0.00         0.00         0.00         0.00       104.13         0.00         0.00         0.00         0.00        18.14         45.34       780.28       145.81       926.09       123.27       802.82
4914          1.00         0.00         0.00         0.00         0.00         0.00         0.00         0.00         0.00         0.00         0.00        18.65         37.01       893.63       179.48     1,073.11        19.65     1,053.46
6349          1.00         0.00         0.00         0.00         0.00         0.00         0.00         0.00         0.00         0.00         0.00        20.26         34.33       882.51       165.67     1,048.18        21.26     1,026.92
7484          1.00         0.00         0.00         0.00         0.00         0.00         0.00         0.00         0.00         0.00         0.00        20.16         33.99       938.13       232.08     1,170.21        21.16     1,149.05
7592          1.00         0.00       250.00         0.00         0.00         0.00         0.00         0.00         0.00         0.00         0.00        18.65          4.02     1,178.13       190.99     1,369.12       269.65     1,099.47
0854          1.00         0.00         0.00         0.00         0.00       327.32         0.00         0.00         0.00        53.82         0.00        36.20          0.00     1,551.71       346.65     1,898.36       418.34     1,480.02
7295          1.00         0.00         0.00         0.00         0.00         0.00       104.13         0.00         0.00         0.00         0.00        19.05         44.97       780.28       145.44       925.72       124.18       801.54
6832          1.00         0.00         0.00         0.00         0.00         0.00         0.00         0.00         0.00         0.00         0.00        20.58         37.55       882.51       168.89     1,051.40        21.58     1,029.82
4807          1.00         0.00         0.00         0.00         0.00         0.00         0.00         0.00         0.00       458.43         0.00       125.53          0.00     3,540.55       547.28     4,087.83       584.96     3,502.87
6821          1.00         0.00         0.00         0.00         0.00         0.00         0.00         0.00         0.00         0.00         0.00        26.69          8.81     1,124.48       207.85     1,332.33        27.69     1,304.64
7596          1.00         0.00         0.00         0.00         0.00         0.00       124.60         0.00         0.00         0.00         0.00        16.69         50.50       765.70       146.67       912.37       142.29       770.08
3169          1.00         0.00         0.00         0.00         0.00         0.00         0.00         0.00         0.00         0.00         0.00        21.65         36.84       893.63       179.31     1,072.94        22.65     1,050.29
6944          1.00         0.00         0.00         0.00         0.00         0.00         0.00         0.00         0.00         0.00         0.00        26.98         10.96     1,090.76       166.28     1,257.04        27.98     1,229.06
5737          1.00         0.00         0.00         0.00         0.00         0.00         0.00         0.00         0.00         0.00         0.00        18.65         37.55       882.51       168.89     1,051.40        19.65     1,031.75
5902          0.00         0.00         0.00         0.00         0.00         0.00         0.00         0.00         0.00         0.00         0.00         0.00          0.00         0.00         0.00         0.00         0.00         0.00

















































EJECUTIVOS EN SERVICIOS DE ALIMENTOS, S.A. DE C.V.                                                                      Pagina: 0004
R.F.C.:                                                                                                                    5/NOV/19
REPORTE DE SUELDOS SEMANALES DEDUCCIONES


 
Codigo Desc Vales   Desc Zapatos Otras Deducc Desc Fonacot Pension Alim Desc Infonav Faltas       Inca Enferme Inca Riesgo  ISPT         Ajus ISPT    IMSS          Sub P/Empleo Tot Per Grav Tot Per Exce Total Percep Total Deducc Neto Pagado
..........................................................................................................................................................................................................................................
4514          1.00         0.00         0.00         0.00         0.00       318.08         0.00         0.00         0.00        22.77         0.00        30.05          0.00     1,353.21       213.05     1,566.26       371.90     1,194.36
6014          1.00         0.00         0.00         0.00         0.00         0.00         0.00         0.00         0.00         0.00         0.00        25.75          4.82     1,163.63       233.00     1,396.63        26.75     1,369.88
7551          1.00         0.00         0.00         0.00         0.00         0.00         0.00         0.00         0.00         0.00         0.00        18.65         38.26       871.38       158.48     1,029.86        19.65     1,010.21
6985          1.00         0.00         0.00         0.00         0.00         0.00         0.00         0.00         0.00       221.20         0.00        69.33          0.00     2,365.56       507.78     2,873.34       291.53     2,581.81
6831          1.00         0.00         0.00         0.00         0.00         0.00         0.00         0.00         0.00         0.00         0.00        20.29         35.35       917.01       211.19     1,128.20        21.29     1,106.91
3827          1.00         0.00         0.00         0.00         0.00         0.00         0.00         0.00         0.00         0.00         0.00        23.61         45.11       967.55       208.74     1,176.29        24.61     1,151.68
5412          0.00         0.00         0.00         0.00         0.00         0.00         0.00         0.00         0.00         0.00         0.00         0.00          0.00         0.00         0.00         0.00         0.00         0.00
4504          1.00         0.00         0.00         0.00         0.00         0.00         0.00         0.00         0.00       192.56         0.00        57.61          0.00     2,193.22       389.44     2,582.66       251.17     2,331.49
7395          1.00         0.00         0.00         0.00         0.00         0.00         0.00         0.00         0.00         0.00         0.00        20.53         29.72     1,004.88       327.94     1,332.82        21.53     1,311.29
0214          1.00         0.00         0.00         0.00         0.00         0.00         0.00         0.00         0.00       480.26         0.00       128.58          0.00     3,642.75       563.64     4,206.39       609.84     3,596.55
7376          1.00         0.00         0.00         0.00         0.00         0.00         0.00         0.00         0.00         0.00         0.00        23.43         48.07       871.38       195.12     1,066.50        24.43     1,042.07
7212          1.00         0.00         0.00         0.00         0.00       255.89       208.26         0.00         0.00         0.00         0.00        16.42         76.05       748.83       156.42       905.25       481.57       423.68
6321          1.00         0.00         0.00         0.00         0.00         0.00         0.00         0.00         0.00         0.00         0.00        21.82         32.83       956.42       185.34     1,141.76        22.82     1,118.94
5232          1.00         0.00         0.00         0.00         0.00         0.00         0.00         0.00         0.00         0.00         0.00        22.87         34.59       928.79       195.75     1,124.54        23.87     1,100.67
4958          1.00        48.00         0.00         0.00         0.00         0.00         0.00         0.00         0.00         0.00         0.00        22.72         38.26       871.38       158.48     1,029.86        71.72       958.14
3979          1.00         0.00         0.00         0.00         0.00         0.00         0.00         0.00         0.00       452.47         0.00       142.68          0.00     3,512.64       771.50     4,284.14       596.15     3,687.99
0442          1.00         0.00         0.00         0.00         0.00         0.00         0.00         0.00         0.00        25.95         0.00        31.74          0.00     1,382.44       248.43     1,630.87        58.69     1,572.18
7330          0.00         0.00         0.00         0.00         0.00         0.00         0.00         0.00         0.00         0.00         0.00         0.00          0.00         0.00         0.00         0.00         0.00         0.00
7243          1.00         0.00         0.00         0.00         0.00         0.00         0.00         0.00         0.00         0.00         0.00        21.11         38.19       872.51       169.53     1,042.04        22.11     1,019.93
7591          1.00         0.00         0.00         0.00         0.00         0.00       124.60         0.00         0.00         0.00         0.00        16.69         53.05       776.83       160.34       937.17       142.29       794.88
7397          1.00        48.00         0.00         0.00         0.00         0.00       104.13         0.00         0.00         0.00         0.00        18.90         48.57       780.28       149.04       929.32       172.03       757.29
7421          1.00         0.00         0.00         0.00         0.00         0.00         0.00         0.00         0.00         0.00         0.00        22.63         48.43       871.38       168.65     1,040.03        23.63     1,016.40
7595          1.00         0.00         0.00         0.00         0.00         0.00         0.00         0.00         0.00         0.00         0.00        18.65         38.26       871.38       158.48     1,029.86        19.65     1,010.21
7298          1.00         0.00         0.00         0.00         0.00         0.00         0.00         0.00         0.00        47.69         0.00        34.24          0.00     1,495.34       279.00     1,774.34        82.93     1,691.41
5396          1.00         0.00         0.00         0.00         0.00         0.00         0.00         0.00         0.00         0.00         0.00        23.66         38.26       871.38       202.98     1,074.36        24.66     1,049.70
5704          1.00         0.00         0.00         0.00         0.00         0.00         0.00         0.00         0.00        27.05         0.00        32.63          0.00     1,305.66       252.41     1,558.07        60.68     1,497.39
7503          1.00         0.00         0.00         0.00         0.00         0.00       104.13         0.00         0.00         0.00         0.00        17.95         34.80       947.16       235.39     1,182.55       123.08     1,059.47
7190          1.00         0.00         0.00         0.00         0.00         0.00         0.00         0.00         0.00         0.00         0.00        20.77         35.81       871.38       156.03     1,027.41        21.77     1,005.64
7280          1.00         0.00         0.00         0.00         0.00         0.00       104.13         0.00         0.00         0.00         0.00        18.86         49.28       780.28       149.75       930.03       123.99       806.04
7588          1.00         0.00         0.00         0.00         0.00         0.00         0.00         0.00         0.00         0.00         0.00        18.65         38.26       871.38       158.48     1,029.86        19.65     1,010.21
5588          1.00         0.00         0.00         0.00         0.00         0.00         0.00         0.00         0.00         0.00         0.00        23.67         38.26       871.38       158.48     1,029.86        24.67     1,005.19
6203          1.00         0.00         0.00         0.00         0.00         0.00         0.00         0.00         0.00         0.00         0.00        21.83         38.26       871.38       202.98     1,074.36        22.83     1,051.53
6582          1.00         0.00         0.00         0.00         0.00         0.00         0.00         0.00         0.00         0.00         0.00        21.01         38.90       861.38       159.12     1,020.50        22.01       998.49
7226          1.00         0.00         0.00         0.00         0.00         0.00         0.00         0.00         0.00         0.00         0.00        20.80         48.43       871.38       168.65     1,040.03        21.80     1,018.23
3326          1.00         0.00         0.00         0.00         0.00         0.00         0.00         0.00         0.00        40.30         0.00        35.29          0.00     1,427.46       209.19     1,636.65        76.59     1,560.06
3960          1.00         0.00        35.00         0.00         0.00       284.57         0.00         0.00         0.00        29.98         0.00        31.83          0.00     1,332.53       387.50     1,720.03       382.38     1,337.65
2233          1.00         0.00         0.00         0.00         0.00         0.00         0.00         0.00         0.00        92.34         0.00        40.27          0.00     1,731.75       603.25     2,335.00       133.61     2,201.39
7584          1.00         0.00         0.00         0.00         0.00         0.00       124.60         0.00         0.00         0.00         0.00        16.69         62.73       765.70       158.90       924.60       142.29       782.31
0449          1.00         0.00       250.00         0.00         0.00       383.40         0.00         0.00         0.00        23.71         0.00        34.80          0.00     1,274.93       210.67     1,485.60       692.91       792.69
6934          1.00         0.00         0.00         0.00         0.00         0.00         0.00         0.00         0.00       342.85         0.00        85.62          0.00     2,999.45       460.71     3,460.16       429.47     3,030.69
7137          1.00         0.00         0.00         0.00         0.00         0.00         0.00         0.00         0.00        39.16         0.00        34.27          0.00     1,416.91       282.55     1,699.46        74.43     1,625.03
6682          1.00         0.00         0.00         0.00         0.00         0.00       124.60         0.00         0.00         0.00         0.00        18.03         50.20       765.70       146.37       912.07       143.63       768.44
1269          1.00         0.00         0.00         0.00         0.00         0.00         0.00         0.00         0.00         0.00         0.00        23.38         36.84       893.63       223.81     1,117.44        24.38     1,093.06

















































EJECUTIVOS EN SERVICIOS DE ALIMENTOS, S.A. DE C.V.                                                                      Pagina: 0005
R.F.C.:                                                                                                                    5/NOV/19
REPORTE DE SUELDOS SEMANALES DEDUCCIONES


 
Codigo Desc Vales   Desc Zapatos Otras Deducc Desc Fonacot Pension Alim Desc Infonav Faltas       Inca Enferme Inca Riesgo  ISPT         Ajus ISPT    IMSS          Sub P/Empleo Tot Per Grav Tot Per Exce Total Percep Total Deducc Neto Pagado
..........................................................................................................................................................................................................................................
6006          1.00         0.00         0.00         0.00         0.00         0.00         0.00         0.00         0.00         0.00         0.00        23.21         38.26       871.38       158.48     1,029.86        24.21     1,005.65
1419          1.00         0.00         0.00         0.00         0.00       268.68         0.00         0.00         0.00         0.00         0.00        34.49          1.33     1,305.66       191.03     1,496.69       304.17     1,192.52
7545          1.00         0.00         0.00         0.00         0.00         0.00         0.00         0.00         0.00       105.68         0.00        34.53          0.00     1,854.41       518.94     2,373.35       141.21     2,232.14
5905          1.00         0.00         0.00         0.00         0.00         0.00         0.00         0.00         0.00       105.91         0.00        41.85          0.00     1,493.80       330.80     1,824.60       148.76     1,675.84
7462          1.00         0.00         0.00         0.00         0.00         0.00         0.00         0.00         0.00         0.00         0.00        21.71         33.28       949.26       275.87     1,225.13        22.71     1,202.42
3525          1.00         0.00         0.00         0.00         0.00         0.00         0.00         0.00         0.00         0.00         0.00        29.89         12.74     1,090.76       168.06     1,258.82        30.89     1,227.93
2451          1.00         0.00         0.00         0.00         0.00         0.00         0.00         0.00         0.00         0.00         0.00        20.99         36.12       904.76       234.21     1,138.97        21.99     1,116.98
6885          1.00         0.00         0.00         0.00         0.00         0.00         0.00         0.00         0.00         0.00         0.00        21.49         24.63     1,093.88       233.85     1,327.73        22.49     1,305.24
4775          1.00         0.00         0.00         0.00         0.00         0.00         0.00         0.00         0.00         0.00         0.00        21.97         43.85       893.63       186.32     1,079.95        22.97     1,056.98
7528          1.00         0.00         0.00         0.00         0.00         0.00         0.00         0.00         0.00         0.00         0.00        21.10         26.88     1,049.38       336.22     1,385.60        22.10     1,363.50
5671          1.00         0.00         0.00         0.00         0.00         0.00         0.00         0.00         0.00       149.36         0.00        47.88          0.00     1,893.24       283.71     2,176.95       198.24     1,978.71
4832          1.00         0.00         0.00         0.00         0.00         0.00         0.00         0.00         0.00         0.00         0.00        22.05         38.26       871.38       158.48     1,029.86        23.05     1,006.81
6567          1.00         0.00         0.00         0.00         0.00         0.00         0.00         0.00         0.00         0.00         0.00        24.20         45.28       871.38       165.50     1,036.88        25.20     1,011.68
3321          1.00         0.00         0.00         0.00         0.00         0.00         0.00         0.00         0.00       171.11         0.00        55.28          0.00     2,059.15       299.67     2,358.82       227.39     2,131.43
7597          0.00         0.00         0.00         0.00         0.00         0.00       498.40         0.00         0.00         0.00         0.00        10.80         37.66       682.71        37.66       720.37       509.20       211.17
2112          1.00         0.00         0.00         0.00         0.00         0.00         0.00         0.00         0.00         0.00         0.00        20.82         38.26       871.38       158.48     1,029.86        21.82     1,008.04
0624          1.00         0.00         0.00         0.00         0.00         0.00         0.00         0.00         0.00       155.26         0.00        50.39          0.00     1,956.32       324.92     2,281.24       206.65     2,074.59
6877          1.00         0.00         0.00       141.34         0.00         0.00         0.00         0.00         0.00         0.00         0.00        24.60          4.15     1,105.86       124.37     1,230.23       166.94     1,063.29
4385          1.00         0.00         0.00         0.00         0.00         0.00         0.00         0.00         0.00       488.59         0.00        30.62          0.00     3,633.65       698.49     4,332.14       520.21     3,811.93
7378          1.00         0.00         0.00         0.00         0.00         0.00         0.00         0.00         0.00         0.00         0.00        19.82         38.90       861.38       159.12     1,020.50        20.82       999.68
0366          1.00         0.00         0.00         0.00         0.00         0.00         0.00         0.00         0.00       319.34         0.00       100.00          0.00     2,889.42       543.96     3,433.38       420.34     3,013.04
6206          1.00         0.00         0.00         0.00         0.00         0.00         0.00         0.00         0.00         0.00         0.00        26.76         26.67     1,090.76       181.99     1,272.75        27.76     1,244.99
 
*** GLO     185.00       144.00     1,439.51       457.42         0.00     7,985.96     3,139.03       486.56         0.00     6,663.95         0.00     5,494.80      5,343.42   221,467.50                264,722.34    25,996.23   238,726.11
  



































































