EJECUTIVOS EN SERVICIOS DE ALIMENTOS, S.A. DE C.V.                                                                      Pagina: 0001
R.F.C.:                                                                                                                    5/NOV/19
REPORTE DE SUELDOS SEMANALES DEDUCCIONES


 
Codigo Desc Vales   Desc Zapatos Otras Deducc Desc Fonacot Pension Alim Desc Infonav Faltas       Inca Enferme Inca Riesgo  ISPT         Ajus ISPT    IMSS          Sub P/Empleo Tot Per Grav Tot Per Exce Total Percep Total Deducc Neto Pagado
..........................................................................................................................................................................................................................................
7505          1.00         0.00         0.00         0.00         0.00         0.00         0.00         0.00         0.00         0.00         0.00        23.90         38.26       871.38       158.48     1,029.86        24.90     1,004.96
6600          1.00         0.00         0.00         0.00         0.00         0.00       249.20         0.00         0.00         0.00         0.00        17.26         46.65       785.65       174.40       960.05       267.46       692.59
7685          1.00         0.00         0.00         0.00         0.00         0.00         0.00         0.00         0.00         0.00         0.00         7.99         24.04       291.17        64.22       355.39         8.99       346.40
5933          1.00         0.00         0.00         0.00         0.00         0.00         0.00         0.00         0.00         0.00         0.00        22.53         31.85       971.50       218.82     1,190.32        23.53     1,166.79
7170          1.00         0.00         0.00         0.00         0.00         0.00         0.00         0.00         0.00         0.00         0.00        25.19         38.26       871.38       158.48     1,029.86        26.19     1,003.67
5618          1.00         0.00         0.00         0.00         0.00         0.00         0.00         0.00         0.00         0.00         0.00        22.97         32.49       961.51       252.83     1,214.34        23.97     1,190.37
3890          1.00         0.00         0.00         0.00         0.00         0.00         0.00         0.00         0.00       178.36         0.00        55.00          0.00     2,104.51       319.12     2,423.63       234.36     2,189.27
3652          1.00         0.00         0.00         0.00         0.00       383.82         0.00         0.00         0.00       188.33         0.00        50.17          0.00     2,166.80       463.69     2,630.49       623.32     2,007.17
1123          1.00         0.00         0.00         0.00         0.00         0.00         0.00         0.00         0.00       131.69         0.00        31.65          0.00     1,730.87       501.06     2,231.93       164.34     2,067.59
7593          1.00         0.00         0.00         0.00         0.00         0.00         0.00         0.00         0.00         0.00         0.00        22.29         38.26       871.38       158.48     1,029.86        23.29     1,006.57
7669          1.00         0.00         0.00         0.00         0.00         0.00         0.00         0.00         0.00        27.80         0.00        25.25          0.00     1,399.56       264.76     1,664.32        54.05     1,610.27
7259          1.00         0.00         0.00         0.00         0.00         0.00         0.00         0.00         0.00         0.00         0.00        22.71         38.26       871.38       158.48     1,029.86        23.71     1,006.15
7312          1.00         0.00         0.00         0.00         0.00         0.00         0.00         0.00         0.00         0.00         0.00        22.79         38.26       871.38       202.98     1,074.36        23.79     1,050.57
7338          1.00         0.00         0.00         0.00         0.00         0.00         0.00         0.00         0.00         0.00         0.00        22.55         38.26       871.38       158.48     1,029.86        23.55     1,006.31
7600          1.00         0.00         0.00         0.00         0.00         0.00       124.60         0.00         0.00         0.00         0.00        19.52         50.19       765.70       146.36       912.06       145.12       766.94
5677          1.00         0.00         0.00         0.00         0.00         0.00         0.00         0.00         0.00         0.00         0.00        27.58          8.62     1,127.24       171.37     1,298.61        28.58     1,270.03
4008          1.00         0.00         0.00         0.00         0.00         0.00         0.00         0.00         0.00       190.42         0.00        47.32          0.00     2,179.87       417.03     2,596.90       238.74     2,358.16
6210          1.00         0.00         0.00         0.00         0.00         0.00         0.00         0.00         0.00         0.00         0.00        25.30         20.73     1,043.63       163.20     1,206.83        26.30     1,180.53
0849          1.00         0.00         0.00         0.00         0.00         0.00         0.00         0.00         0.00         0.00         0.00        25.95         31.56       976.11       170.13     1,146.24        26.95     1,119.29
7536          1.00         0.00         0.00         0.00         0.00         0.00         0.00         0.00         0.00         0.00         0.00        23.35         38.90       861.38       159.12     1,020.50        24.35       996.15
7430          1.00         0.00         0.00         0.00         0.00         0.00         0.00         0.00         0.00       170.19         0.00        40.87          0.00     2,053.46       392.42     2,445.88       212.06     2,233.82
7677          0.00         0.00         0.00         0.00         0.00         0.00         0.00         0.00         0.00         0.00         0.00         0.00          0.00         0.00         0.00         0.00         0.00         0.00
5181          1.00         0.00         0.00         0.00         0.00         0.00         0.00         0.00         0.00         0.00         0.00        22.74         38.26       871.38       158.48     1,029.86        23.74     1,006.12
7655          1.00         0.00         0.00         0.00         0.00         0.00         0.00         0.00         0.00         0.00         0.00        19.48         38.19       872.51       169.53     1,042.04        20.48     1,021.56
7057          1.00         0.00         0.00         0.00         0.00         0.00         0.00         0.00         0.00         0.00         0.00        23.63         38.90       861.38       159.12     1,020.50        24.63       995.87
5558          1.00         0.00         0.00         0.00         0.00         0.00         0.00         0.00         0.00         0.00         0.00        23.56         32.49       961.51       252.83     1,214.34        24.56     1,189.78
4746          1.00         0.00         0.00         0.00         0.00       337.44         0.00         0.00         0.00        29.28         0.00        29.99          0.00     1,413.15       211.63     1,624.78       397.71     1,227.07
7643          1.00         0.00         0.00         0.00         0.00         0.00         0.00         0.00         0.00         0.00         0.00        20.64         38.90       861.38       159.12     1,020.50        21.64       998.86
7573          1.00         0.00         0.00         0.00         0.00         0.00         0.00         0.00         0.00         0.00         0.00        25.81         36.76       894.76       190.35     1,085.11        26.81     1,058.30
7663          1.00         0.00         0.00         0.00         0.00         0.00         0.00         0.00         0.00         0.00         0.00        18.65         34.63       928.13       221.60     1,149.73        19.65     1,130.08
7407          1.00         0.00         0.00         0.00         0.00         0.00         0.00         0.00         0.00         0.00         0.00        26.34         29.72     1,004.89       327.93     1,332.82        27.34     1,305.48
1424          1.00         0.00       250.00         0.00         0.00       457.22         0.00         0.00         0.00       371.92         0.00        80.82          0.00     3,135.56       654.90     3,790.46     1,160.96     2,629.50
5280          1.00         0.00         0.00       316.08         0.00       439.54         0.00         0.00         0.00       152.32         0.00        48.39          0.00     1,920.48       289.67     2,210.15       957.33     1,252.82
6461          1.00         0.00         0.00         0.00         0.00         0.00         0.00         0.00         0.00        28.78         0.00        28.51          0.00     1,408.52       346.80     1,755.32        58.29     1,697.03
6765          1.00         0.00         0.00         0.00         0.00         0.00         0.00         0.00         0.00        15.00         0.00        37.52          0.00     1,281.87       187.49     1,469.36        53.52     1,415.84
7674          1.00         0.00         0.00         0.00         0.00         0.00       124.60         0.00         0.00         0.00         0.00        16.69         50.19       765.70       146.36       912.06       142.29       769.77
6657          1.00         0.00         0.00         0.00         0.00         0.00         0.00         0.00         0.00         0.00         0.00        18.65         38.90       861.38       159.12     1,020.50        19.65     1,000.85
5000          1.00         0.00         0.00         0.00         0.00         0.00         0.00         0.00         0.00        17.46         0.00        27.47          0.00     1,304.49       292.69     1,597.18        45.93     1,551.25
7586          1.00         0.00         0.00         0.00         0.00         0.00         0.00         0.00         0.00         0.00         0.00        24.20         10.05     1,105.00       197.02     1,302.02        25.20     1,276.82
7649          1.00         0.00         0.00         0.00         0.00         0.00         0.00         0.00         0.00         0.00         0.00        20.38         38.90       861.38       159.12     1,020.50        21.38       999.12
5644          1.00         0.00         0.00         0.00         0.00       331.25         0.00         0.00         0.00        26.46         0.00        28.72          0.00     1,387.17       289.86     1,677.03       387.43     1,289.60
7519          1.00         0.00         0.00         0.00         0.00         0.00         0.00         0.00         0.00        62.11         0.00        25.17          0.00     1,627.88       353.84     1,981.72        88.28     1,893.44
6638          1.00         0.00         0.00         0.00         0.00         0.00         0.00         0.00         0.00         0.00         0.00        18.65         38.90       861.38       159.12     1,020.50        19.65     1,000.85

















































EJECUTIVOS EN SERVICIOS DE ALIMENTOS, S.A. DE C.V.                                                                      Pagina: 0002
R.F.C.:                                                                                                                    5/NOV/19
REPORTE DE SUELDOS SEMANALES DEDUCCIONES


 
Codigo Desc Vales   Desc Zapatos Otras Deducc Desc Fonacot Pension Alim Desc Infonav Faltas       Inca Enferme Inca Riesgo  ISPT         Ajus ISPT    IMSS          Sub P/Empleo Tot Per Grav Tot Per Exce Total Percep Total Deducc Neto Pagado
..........................................................................................................................................................................................................................................
6690          1.00         0.00         0.00         0.00         0.00         0.00         0.00         0.00         0.00         0.00         0.00        23.80         33.20       950.38       242.42     1,192.80        24.80     1,168.00
7168          1.00         0.00         0.00         0.00         0.00         0.00         0.00         0.00         0.00         0.00         0.00        24.08         38.26       871.38       202.98     1,074.36        25.08     1,049.28
7666          0.00         0.00         0.00         0.00         0.00         0.00         0.00         0.00         0.00         0.00         0.00         0.00          0.00         0.00         0.00         0.00         0.00         0.00
7684          1.00         0.00         0.00         0.00         0.00         0.00         0.00         0.00         0.00         0.00         0.00         7.99         24.04       291.17        64.22       355.39         8.99       346.40
7681          1.00         0.00         0.00         0.00         0.00         0.00         0.00         0.00         0.00         0.00         0.00        13.32         37.80       520.82       109.93       630.75        14.32       616.43
6958          1.00         0.00         0.00         0.00         0.00         0.00       124.60         0.00         0.00         0.00         0.00        23.60         30.16     1,043.92       193.08     1,237.00       149.20     1,087.80
4314          1.00         0.00         0.00         0.00         0.00         0.00         0.00         0.00         0.00       138.75         0.00        42.89          0.00     1,795.75       393.49     2,189.24       182.64     2,006.60
7485          1.00         0.00         0.00         0.00         0.00         0.00         0.00         0.00         0.00         0.00         0.00        25.28         34.70       927.01       210.54     1,137.55        26.28     1,111.27
7632          1.00         0.00         0.00         0.00         0.00         0.00         0.00         0.00         0.00         0.00         0.00        20.80         36.12       904.76       189.71     1,094.47        21.80     1,072.67
4287          1.00         0.00         0.00         0.00         0.00         0.00         0.00         0.00         0.00        15.49         0.00        30.87          0.00     1,286.40       155.32     1,441.72        47.36     1,394.36
7673          1.00         0.00         0.00         0.00         0.00         0.00         0.00         0.00         0.00         0.00         0.00        18.65         36.05       905.88       200.77     1,106.65        19.65     1,087.00
6504          1.00         0.00         0.00         0.00         0.00         0.00         0.00         0.00         0.00         0.00         0.00        21.44         31.14       982.63       307.11     1,289.74        22.44     1,267.30
7683          1.00         0.00         0.00         0.00         0.00         0.00         0.00         0.00         0.00         0.00         0.00         7.99         29.74       202.52        76.03       278.55         8.99       269.56
5745          1.00         0.00         0.00         0.00         0.00         0.00         0.00         0.00         0.00         0.00         0.00        20.59         38.26       871.38       202.98     1,074.36        21.59     1,052.77
7617          1.00         0.00         0.00         0.00         0.00         0.00         0.00         0.00         0.00        43.80         0.00        29.42          0.00     1,459.61       220.34     1,679.95        74.22     1,605.73
7604          1.00         0.00         0.00         0.00         0.00         0.00         0.00         0.00         0.00         0.00         0.00        20.56         34.70       927.01       210.54     1,137.55        21.56     1,115.99
7660          1.00         0.00         0.00         0.00         0.00         0.00         0.00         0.00         0.00         0.00         0.00        18.65         31.85       971.51       229.94     1,201.45        19.65     1,181.80
7061          0.00         0.00         0.00         0.00         0.00         0.00       312.39         0.00         0.00         0.00         0.00        19.77         39.92       777.65       120.42       898.07       332.16       565.91
7634          1.00         0.00         0.00         0.00         0.00         0.00       159.78         0.00         0.00         9.72         0.00        31.45          0.00     1,393.09       261.45     1,654.54       201.95     1,452.59
7627          1.00         0.00         0.00         0.00         0.00         0.00         0.00         0.00         0.00         0.00         0.00        23.98         38.26       871.38       158.48     1,029.86        24.98     1,004.88
7633          1.00         0.00         0.00         0.00         0.00         0.00         0.00         0.00         0.00         0.00         0.00        19.81         35.34       917.01       188.93     1,105.94        20.81     1,085.13
7428          1.00         0.00         0.00         0.00         0.00         0.00         0.00         0.00         0.00         0.00         0.00        22.53         38.26       871.38       158.48     1,029.86        23.53     1,006.33
7661          0.00         0.00         0.00         0.00         0.00         0.00         0.00         0.00         0.00         0.00         0.00         0.00          0.00         0.00         0.00         0.00         0.00         0.00
2897          1.00         0.00         0.00         0.00         0.00         0.00         0.00         0.00         0.00         0.00         0.00        19.86         38.90       861.38       159.12     1,020.50        20.86       999.64
7682          1.00         0.00         0.00         0.00         0.00         0.00       104.13         0.00         0.00         0.00         0.00         8.69         29.68       375.30       114.36       489.66       113.82       375.84
7558          1.00         0.00         0.00         0.00         0.00         0.00         0.00         0.00         0.00         0.00         0.00        23.47         38.90       861.38       159.12     1,020.50        24.47       996.03
6360          1.00         0.00         0.00         0.00         0.00         0.00         0.00         0.00         0.00         0.00         0.00        20.12         38.90       861.38       159.12     1,020.50        21.12       999.38
7614          1.00         0.00         0.00         0.00         0.00         0.00         0.00         0.00         0.00         0.00         0.00        22.54          9.35     1,115.86       129.57     1,245.43        23.54     1,221.89
3318          1.00         0.00        10.00         0.00         0.00       500.52         0.00         0.00         0.00       191.06         0.00        57.96          0.00     2,183.88       313.42     2,497.30       760.54     1,736.76
5139          1.00         0.00         0.00         0.00         0.00       759.20         0.00         0.00         0.00       296.50         0.00        68.92          0.00     2,782.49       499.48     3,281.97     1,125.62     2,156.35
6083          1.00         0.00         0.00         0.00         0.00         0.00         0.00         0.00         0.00         0.00         0.00        25.22         30.68       989.80       261.06     1,250.86        26.22     1,224.64
7616          1.00         0.00         0.00         0.00         0.00         0.00         0.00         0.00         0.00         0.00         0.00        24.02         35.41       915.88       200.13     1,116.01        25.02     1,090.99
6766          1.00         0.00         0.00         0.00         0.00         0.00         0.00         0.00         0.00       226.93         0.00        42.02          0.00     2,397.52       292.69     2,690.21       269.95     2,420.26
4137          1.00         0.00         0.00         0.00         0.00         0.00         0.00         0.00         0.00       444.53         0.00        91.50          0.00     3,475.50       843.71     4,319.21       537.03     3,782.18
7542          1.00         0.00         0.00         0.00         0.00         0.00         0.00         0.00         0.00         0.00         0.00        25.17         38.26       871.38       158.48     1,029.86        26.17     1,003.69
3780          1.00         0.00         0.00         0.00         0.00         0.00         0.00         0.00         0.00        53.95         0.00        34.90          0.00     1,552.89       334.62     1,887.51        89.85     1,797.66
7678          1.00         0.00         0.00         0.00         0.00         0.00         0.00         0.00         0.00         0.00         0.00        18.65         20.37     1,049.38       218.46     1,267.84        19.65     1,248.19
7285          0.00         0.00         0.00         0.00         0.00         0.00       312.39         0.00         0.00         0.00         0.00        10.10         32.76       623.74        32.76       656.50       322.49       334.01
6205          1.00         0.00         0.00         0.00         0.00         0.00         0.00         0.00         0.00         0.00         0.00        24.77         33.99       938.13       187.58     1,125.71        25.77     1,099.94
5027          1.00         0.00         0.00         0.00         0.00         0.00         0.00         0.00         0.00         2.18         0.00        30.31          0.00     1,228.05       208.13     1,436.18        33.49     1,402.69
6839          1.00         0.00         0.00         0.00         0.00         0.00         0.00         0.00         0.00         0.00         0.00        21.44         32.56       960.38       241.78     1,202.16        22.44     1,179.72
5646          1.00         0.00         0.00         0.00         0.00         0.00         0.00         0.00         0.00         0.00         0.00        22.71         36.12       904.76       189.71     1,094.47        23.71     1,070.76
7680          1.00         0.00         0.00         0.00         0.00         0.00         0.00         0.00         0.00         0.00         0.00        15.99         34.01       727.93       134.48       862.41        16.99       845.42

















































EJECUTIVOS EN SERVICIOS DE ALIMENTOS, S.A. DE C.V.                                                                      Pagina: 0003
R.F.C.:                                                                                                                    5/NOV/19
REPORTE DE SUELDOS SEMANALES DEDUCCIONES


 
Codigo Desc Vales   Desc Zapatos Otras Deducc Desc Fonacot Pension Alim Desc Infonav Faltas       Inca Enferme Inca Riesgo  ISPT         Ajus ISPT    IMSS          Sub P/Empleo Tot Per Grav Tot Per Exce Total Percep Total Deducc Neto Pagado
..........................................................................................................................................................................................................................................
6978          1.00         0.00         0.00         0.00         0.00         0.00         0.00         0.00         0.00         0.00         0.00        23.45         35.41       915.88       200.13     1,116.01        24.45     1,091.56
6658          1.00         0.00         0.00         0.00         0.00       462.28         0.00         0.00         0.00         0.00         0.00        29.63          9.17     1,118.70       170.56     1,289.26       492.91       796.35
4458          1.00         0.00         0.00         0.00         0.00         0.00         0.00         0.00         0.00        72.54         0.00        40.94          0.00     1,647.76       246.04     1,893.80       114.48     1,779.32
7619          1.00         0.00         0.00         0.00         0.00         0.00         0.00         0.00         0.00         0.00         0.00        22.30         36.76       894.76       190.35     1,085.11        23.30     1,061.81
7647          1.00         0.00         0.00         0.00         0.00         0.00         0.00         0.00         0.00         0.00         0.00        20.05         38.26       871.38       158.48     1,029.86        21.05     1,008.81
6791          1.00         0.00         0.00         0.00         0.00         0.00         0.00         0.00         0.00         0.00         0.00        20.21         31.39       978.67       206.15     1,184.82        21.21     1,163.61
5679          1.00         0.00         0.00         0.00         0.00         0.00       136.41         0.00         0.00         0.00         0.00        27.88         27.52     1,103.93       174.69     1,278.62       165.29     1,113.33
7530          1.00         0.00        10.00         0.00         0.00         0.00         0.00         0.00         0.00         0.00         0.00        22.98          2.80     1,182.19       228.70     1,410.89        33.98     1,376.91
6028          1.00         0.00         0.00         0.00         0.00       399.30         0.00         0.00         0.00        49.86         0.00        27.96          0.00     1,515.29       289.86     1,805.15       478.12     1,327.03
6565          1.00         0.00         0.00         0.00         0.00         0.00         0.00         0.00         0.00         0.00         0.00        24.50         18.94     1,071.63       205.91     1,277.54        25.50     1,252.04
3676          1.00         0.00         0.00         0.00         0.00         0.00         0.00         0.00         0.00        73.67         0.00        33.81          0.00     1,658.16       328.59     1,986.75       108.48     1,878.27
7269          1.00         0.00         0.00         0.00         0.00         0.00         0.00         0.00         0.00         0.00         0.00        21.42         31.85       971.51       296.69     1,268.20        22.42     1,245.78
2522          1.00         0.00         0.00         0.00         0.00         0.00       104.13         0.00         0.00         0.00         0.00        21.42         47.05       802.53       214.27     1,016.80       126.55       890.25
5506          1.00         0.00         0.00         0.00         0.00       224.80         0.00         0.00         0.00         0.00         0.00        26.58          4.32     1,168.20       247.08     1,415.28       252.38     1,162.90
0236          1.00         0.00         0.00         0.00         0.00       523.01         0.00         0.00         0.00       162.80         0.00        52.95          0.00     2,007.27       301.96     2,309.23       739.76     1,569.47
7080          1.00         0.00         0.00         0.00         0.00         0.00         0.00         0.00         0.00       140.02         0.00        36.48          0.00     1,807.38       518.94     2,326.32       177.50     2,148.82
5965          1.00         0.00         0.00         0.00         0.00         0.00         0.00         0.00         0.00        14.29         0.00        27.75          0.00     1,275.35       365.55     1,640.90        43.04     1,597.86
5447          1.00         0.00         0.00         0.00         0.00         0.00         0.00         0.00         0.00         0.00         0.00        22.50         38.90       861.38       159.12     1,020.50        23.50       997.00
6685          1.00         0.00         0.00         0.00         0.00         0.00         0.00         0.00         0.00         0.00         0.00        23.95         21.08     1,038.26       241.42     1,279.68        24.95     1,254.73
5549          1.00         0.00         0.00         0.00         0.00         0.00         0.00         0.00         0.00         0.00         0.00        23.21         38.26       871.38       202.98     1,074.36        24.21     1,050.15
6349          1.00         0.00         0.00         0.00         0.00         0.00         0.00         0.00         0.00         0.00         0.00        21.44         37.55       882.51       168.89     1,051.40        22.44     1,028.96
7484          1.00         0.00         0.00         0.00         0.00         0.00         0.00         0.00         0.00         0.00         0.00        24.30         38.26       871.38       158.48     1,029.86        25.30     1,004.56
0854          1.00         0.00         0.00         0.00         0.00       326.19         0.00         0.00         0.00        46.84         0.00        35.56          0.00     1,487.60       220.41     1,708.01       409.59     1,298.42
7295          1.00         0.00         0.00         0.00         0.00         0.00         0.00         0.00         0.00         0.00         0.00        25.84         38.26       871.38       158.48     1,029.86        26.84     1,003.02
6832          1.00         0.00         0.00         0.00         0.00         0.00         0.00         0.00         0.00         0.00         0.00        25.33         36.12       904.76       189.71     1,094.47        26.33     1,068.14
4807          1.00         0.00         0.00         0.00         0.00         0.00         0.00         0.00         0.00       510.35         0.00       112.83          0.00     3,783.66       564.20     4,347.86       624.18     3,723.68
6821          1.00         0.00         0.00         0.00         0.00         0.00         0.00         0.00         0.00        44.86         0.00        26.55          0.00     1,469.37       292.69     1,762.06        72.41     1,689.65
3169          1.00         0.00         0.00         0.00         0.00         0.00         0.00         0.00         0.00         0.00         0.00        22.84         30.43       993.76       317.52     1,311.28        23.84     1,287.44
6944          1.00         0.00         0.00         0.00         0.00         0.00       272.82         0.00         0.00         0.00         0.00        23.58         63.03       451.56       126.07       577.63       297.40       280.23
7686          0.00         0.00         0.00         0.00         0.00         0.00         0.00         0.00         0.00         0.00         0.00         0.00          0.00         0.00         0.00         0.00         0.00         0.00
5902          0.00         0.00         0.00         0.00         0.00         0.00         0.00         0.00         0.00         0.00         0.00         0.00          0.00         0.00         0.00         0.00         0.00         0.00
4514          1.00         0.00         0.00         0.00         0.00       333.25         0.00         0.00         0.00         1.38         0.00        31.50          0.00     1,220.68       176.10     1,396.78       367.13     1,029.65
7104          1.00         0.00         0.00         0.00         0.00         0.00         0.00         0.00         0.00         0.00         0.00        18.65         38.90       861.38       159.12     1,020.50        19.65     1,000.85
6014          1.00         0.00         0.00         0.00         0.00         0.00         0.00         0.00         0.00         0.00         0.00        26.82          0.59     1,202.48       234.98     1,437.46        27.82     1,409.64
7551          1.00         0.00         0.00         0.00         0.00         0.00         0.00         0.00         0.00         0.00         0.00        24.90         38.26       871.38       158.48     1,029.86        25.90     1,003.96
7645          0.00         0.00         0.00         0.00         0.00         0.00         0.00         0.00         0.00         0.00         0.00         0.00          0.00         0.00         0.00         0.00         0.00         0.00
6985          1.00         0.00         0.00         0.00         0.00         0.00         0.00         0.00         0.00       257.49         0.00        67.20          0.00     2,568.06       507.78     3,075.84       325.69     2,750.15
3827          1.00         0.00         0.00         0.00         0.00         0.00         0.00         0.00         0.00         0.00         0.00        26.89         28.55     1,023.17       292.31     1,315.48        27.89     1,287.59
5412          1.00         0.00         0.00         0.00         0.00         0.00         0.00         0.00         0.00         0.00         0.00        19.90         38.90       861.38       159.12     1,020.50        20.90       999.60
4504          1.00         0.00         0.00         0.00         0.00         0.00         0.00         0.00         0.00       210.59         0.00        58.75          0.00     2,305.96       424.44     2,730.40       270.34     2,460.06
7395          1.00         0.00         0.00         0.00         0.00         0.00         0.00         0.00         0.00         0.00         0.00        24.79         20.37     1,049.38       363.09     1,412.47        25.79     1,386.68
0214          1.00         0.00         0.00         0.00         0.00         0.00         0.00         0.00         0.00       510.35         0.00       111.04          0.00     3,783.66       564.20     4,347.86       622.39     3,725.47
7376          1.00         0.00         0.00         0.00         0.00         0.00         0.00         0.00         0.00         0.00         0.00        25.49         38.26       871.38       158.48     1,029.86        26.49     1,003.37

















































EJECUTIVOS EN SERVICIOS DE ALIMENTOS, S.A. DE C.V.                                                                      Pagina: 0004
R.F.C.:                                                                                                                    5/NOV/19
REPORTE DE SUELDOS SEMANALES DEDUCCIONES


 
Codigo Desc Vales   Desc Zapatos Otras Deducc Desc Fonacot Pension Alim Desc Infonav Faltas       Inca Enferme Inca Riesgo  ISPT         Ajus ISPT    IMSS          Sub P/Empleo Tot Per Grav Tot Per Exce Total Percep Total Deducc Neto Pagado
..........................................................................................................................................................................................................................................
7212          1.00         0.00         0.00         0.00         0.00       357.68         0.00         0.00         0.00         0.00         0.00        21.92         38.26       871.38       158.48     1,029.86       380.60       649.26
6321          1.00         0.00         0.00         0.00         0.00         0.00         0.00         0.00         0.00         0.00         0.00        21.68         21.33     1,034.30       296.21     1,330.51        22.68     1,307.83
5232          1.00         0.00         0.00         0.00         0.00         0.00         0.00         0.00         0.00         0.00         0.00        29.21          9.86     1,107.95       223.90     1,331.85        30.21     1,301.64
4958          1.00         0.00         0.00         0.00         0.00         0.00         0.00         0.00         0.00         0.00         0.00        29.86         38.26       871.38       158.48     1,029.86        30.86       999.00
7620          1.00         0.00         0.00         0.00         0.00         0.00         0.00         0.00         0.00         0.00         0.00        23.60         90.37       145.58       110.46       256.04        24.60       231.44
7675          1.00         0.00         0.00         0.00         0.00         0.00         0.00         0.00         0.00         0.00         0.00        18.65         38.26       871.38       202.98     1,074.36        19.65     1,054.71
3979          1.00         0.00         0.00         0.00         0.00         0.00         0.00         0.00         0.00       569.90         0.00        99.63          0.00     4,062.44     1,105.43     5,167.87       670.53     4,497.34
0442          0.00         0.00         0.00         0.00         0.00         0.00         0.00         0.00         0.00         0.00         0.00         0.00          0.00         0.00         0.00         0.00         0.00         0.00
7330          0.00         0.00         0.00         0.00         0.00         0.00         0.00         0.00         0.00         0.00         0.00         0.00          0.00         0.00         0.00         0.00         0.00         0.00
7243          1.00         0.00         0.00         0.00         0.00         0.00         0.00         0.00         0.00         0.00         0.00        22.43         37.47       883.63       179.94     1,063.57        23.43     1,040.14
7397          1.00         0.00         0.00         0.00         0.00         0.00       208.26         0.00         0.00         0.00         0.00        18.32         46.46       748.83       126.83       875.66       227.58       648.08
7679          1.00         0.00         0.00         0.00         0.00         0.00         0.00         0.00         0.00         0.00         0.00        18.65         38.90       861.38       159.12     1,020.50        19.65     1,000.85
7421          1.00         0.00         0.00         0.00         0.00         0.00         0.00         0.00         0.00         0.00         0.00        24.20         35.41       915.88       200.13     1,116.01        25.20     1,090.81
7595          1.00         0.00         0.00         0.00         0.00         0.00       104.13         0.00         0.00         0.00         0.00        20.19         42.78       880.41       176.62     1,057.03       125.32       931.71
7298          1.00         0.00         0.00         0.00         0.00         0.00         0.00         0.00         0.00        45.99         0.00        36.29          0.00     1,479.76       219.16     1,698.92        83.28     1,615.64
5396          1.00         0.00         0.00         0.00         0.00         0.00         0.00         0.00         0.00         0.00         0.00        26.91         34.70       927.01       255.04     1,182.05        27.91     1,154.14
5704          1.00         0.00         0.00         0.00         0.00         0.00         0.00       702.40         0.00         0.00         0.00        14.74         27.81     1,245.11        67.26     1,312.37       718.14       594.23
7503          1.00         0.00         0.00         0.00         0.00         0.00         0.00         0.00         0.00         0.00         0.00        20.66         38.26       871.38       202.98     1,074.36        21.66     1,052.70
7190          1.00         0.00         0.00         0.00         0.00         0.00         0.00         0.00         0.00         0.00         0.00        22.09         36.12       904.76       189.71     1,094.47        23.09     1,071.38
7588          1.00         0.00         0.00         0.00         0.00         0.00         0.00         0.00         0.00         0.00         0.00        22.53         38.26       871.38       158.48     1,029.86        23.53     1,006.33
5588          1.00         0.00         0.00         0.00         0.00         0.00         0.00         0.00         0.00         0.00         0.00        22.62         34.70       927.01       210.54     1,137.55        23.62     1,113.93
6203          1.00         0.00         0.00         0.00         0.00         0.00         0.00         0.00         0.00         0.00         0.00        23.42         38.26       871.38       202.98     1,074.36        24.42     1,049.94
6582          1.00         0.00         0.00         0.00         0.00         0.00       249.20         0.00         0.00         0.00         0.00        17.24         49.19       730.02       121.32       851.34       267.44       583.90
7667          1.00         0.00         0.00         0.00         0.00         0.00         0.00         0.00         0.00         0.00         0.00        18.65         38.26       871.38       158.48     1,029.86        19.65     1,010.21
7226          1.00         0.00         0.00         0.00         0.00         0.00         0.00         0.00         0.00         0.00         0.00        22.59         38.26       871.38       158.48     1,029.86        23.59     1,006.27
7664          1.00         0.00         0.00         0.00         0.00         0.00         0.00         0.00         0.00         0.00         0.00        18.65         38.26       871.38       158.48     1,029.86        19.65     1,010.21
7613          1.00         0.00         0.00         0.00         0.00         0.00         0.00         0.00         0.00         0.00         0.00        21.92         36.05       905.88       200.77     1,106.65        22.92     1,083.73
3326          1.00         0.00         0.00         0.00         0.00         0.00         0.00         0.00         0.00        30.84         0.00        34.54          0.00     1,427.46       209.19     1,636.65        66.38     1,570.27
3960          1.00         0.00       100.00         0.00         0.00       283.45         0.00         0.00         0.00       132.15         0.00        30.90          0.00     1,735.12       309.54     2,044.66       547.50     1,497.16
2233          0.00         0.00         0.00         0.00         0.00         0.00         0.00         0.00         0.00         0.00         0.00         0.00          0.00         0.00         0.00         0.00         0.00         0.00
0449          1.00         0.00       250.00         0.00         0.00       389.82         0.00         0.00         0.00        18.30         0.00        33.49          0.00     1,312.17       197.92     1,510.09       692.61       817.48
6934          1.00         0.00         0.00         0.00         0.00         0.00         0.00         0.00         0.00       342.84         0.00        84.39          0.00     2,999.45       460.71     3,460.16       428.23     3,031.93
7137          1.00         0.00         0.00         0.00         0.00         0.00         0.00         0.00         0.00        60.70         0.00        36.99          0.00     1,614.92       297.12     1,912.04        98.69     1,813.35
6682          1.00         0.00         0.00         0.00         0.00         0.00       124.60         0.00         0.00         0.00         0.00        17.95         47.14       821.33       198.93     1,020.26       143.55       876.71
1269          1.00         0.00         0.00         0.00         0.00         0.00         0.00         0.00         0.00         0.00         0.00        23.96         38.90       861.38       159.12     1,020.50        24.96       995.54
6006          1.00         0.00         0.00         0.00         0.00         0.00         0.00         0.00         0.00         0.00         0.00        23.92         38.26       871.38       158.48     1,029.86        24.92     1,004.94
6918          1.00         0.00         0.00         0.00         0.00         0.00         0.00         0.00         0.00         0.00         0.00        22.83         10.76     1,093.88       331.23     1,425.11        23.83     1,401.28
1419          1.00         0.00         0.00         0.00         0.00       268.68         0.00         0.00         0.00        21.00         0.00        32.96          0.00     1,337.02       283.76     1,620.78       323.64     1,297.14
7545          1.00         0.00         0.00         0.00         0.00         0.00         0.00         0.00         0.00        56.05         0.00        35.28          0.00     1,572.20       518.94     2,091.14        92.33     1,998.81
5905          1.00         0.00         0.00         0.00         0.00         0.00       146.75         0.00         0.00        14.09         0.00        32.71          0.00     1,420.29       205.56     1,625.85       194.55     1,431.30
7638          1.00         0.00         0.00         0.00         0.00         0.00         0.00         0.00         0.00         0.00         0.00        19.83         38.90       861.38       159.12     1,020.50        20.83       999.67
3525          1.00         0.00         0.00         0.00         0.00         0.00         0.00         0.00         0.00       133.40         0.00        27.01          0.00     1,746.57       286.48     2,033.05       161.41     1,871.64
2451          1.00         0.00         0.00         0.00         0.00         0.00         0.00         0.00         0.00         0.00         0.00        22.95         36.12       904.76       234.21     1,138.97        23.95     1,115.02

















































EJECUTIVOS EN SERVICIOS DE ALIMENTOS, S.A. DE C.V.                                                                      Pagina: 0005
R.F.C.:                                                                                                                    5/NOV/19
REPORTE DE SUELDOS SEMANALES DEDUCCIONES


 
Codigo Desc Vales   Desc Zapatos Otras Deducc Desc Fonacot Pension Alim Desc Infonav Faltas       Inca Enferme Inca Riesgo  ISPT         Ajus ISPT    IMSS          Sub P/Empleo Tot Per Grav Tot Per Exce Total Percep Total Deducc Neto Pagado
..........................................................................................................................................................................................................................................
6885          1.00         0.00         0.00         0.00         0.00         0.00         0.00         0.00         0.00         0.00         0.00        23.53         19.65     1,060.51       195.49     1,256.00        24.53     1,231.47
7231          1.00         0.00         0.00         0.00         0.00         0.00         0.00         0.00         0.00         0.00         0.00        18.65         31.14       982.63       307.11     1,289.74        19.65     1,270.09
4775          1.00         0.00         0.00         0.00         0.00         0.00         0.00         0.00         0.00         0.00         0.00        22.18         31.85       971.51       252.19     1,223.70        23.18     1,200.52
7528          1.00         0.00         0.00         0.00         0.00         0.00       104.13         0.00         0.00         0.00         0.00        22.05         48.27       780.28       148.74       929.02       127.18       801.84
7658          1.00         0.00         0.00         0.00         0.00         0.00       104.13         0.00         0.00         0.00         0.00        16.69         48.27       780.28       148.74       929.02       121.82       807.20
5671          1.00         0.00         0.00         0.00         0.00         0.00         0.00         0.00         0.00       148.27         0.00        47.43          0.00     1,883.24       283.71     2,166.95       196.70     1,970.25
4832          1.00         0.00         0.00         0.00         0.00         0.00         0.00         0.00         0.00         0.00         0.00        23.97         31.85       971.51       296.69     1,268.20        24.97     1,243.23
6567          1.00         0.00         0.00         0.00         0.00         0.00       124.60         0.00         0.00         0.00         0.00        18.11         49.58       776.83       156.87       933.70       143.71       789.99
3321          1.00         0.00         0.00         0.00         0.00         0.00         0.00         0.00         0.00       189.57         0.00        51.64          0.00     2,174.57       357.39     2,531.96       242.21     2,289.75
2112          1.00         0.00         0.00         0.00         0.00         0.00         0.00         0.00         0.00         0.00         0.00        22.68         38.26       871.38       158.48     1,029.86        23.68     1,006.18
0624          1.00         0.00         0.00         0.00         0.00         0.00         0.00         0.00         0.00       165.90         0.00        50.31          0.00     2,026.60       342.49     2,369.09       217.21     2,151.88
6877          1.00         0.00         0.00       141.34         0.00         0.00         0.00         0.00         0.00         0.00         0.00        26.16          9.99     1,105.86       130.21     1,236.07       168.50     1,067.57
4385          1.00         0.00         0.00         0.00         0.00         0.00         0.00         0.00         0.00         0.00         0.00        28.80          3.22     1,178.33       172.55     1,350.88        29.80     1,321.08
7378          1.00         0.00         0.00         0.00         0.00         0.00         0.00         0.00         0.00         0.00         0.00        20.43         37.47       883.63       179.94     1,063.57        21.43     1,042.14
0366          1.00         0.00         0.00         0.00         0.00         0.00         0.00         0.00         0.00       343.08         0.00        85.23          0.00     3,000.58       462.49     3,463.07       429.31     3,033.76
6206          1.00         0.00         0.00         0.00         0.00         0.00         0.00         0.00         0.00         0.00         0.00        27.45          3.76     1,173.33       317.18     1,490.51        28.45     1,462.06
7618          1.00         0.00         0.00         0.00         0.00         0.00         0.00         0.00         0.00         0.00         0.00        22.13         37.83       878.07       174.73     1,052.80        23.13     1,029.67
 
*** GLO     178.00         0.00       620.00       457.42         0.00     6,777.45     3,190.85       702.40         0.00     7,380.15         0.00     5,191.95      4,332.97   215,034.11                257,769.13    24,498.22   233,270.91
  








































































