EJECUTIVOS EN SERVICIOS DE ALIMENTOS, S.A. DE C.V.                                                                      Pagina: 0001
R.F.C.:                                                                                                                    5/NOV/19
REPORTE DE SUELDOS SEMANALES DEDUCCIONES


 
Codigo Desc Vales   Desc Zapatos Otras Deducc Desc Fonacot Pension Alim Desc Infonav Faltas       Inca Enferme Inca Riesgo  ISPT         Ajus ISPT    IMSS          Sub P/Empleo Tot Per Grav Tot Per Exce Total Percep Total Deducc Neto Pagado
..........................................................................................................................................................................................................................................
7505          1.00         0.00         0.00         0.00         0.00         0.00         0.00         0.00         0.00         0.00         0.00        20.63         33.99       938.13       220.96     1,159.09        21.63     1,137.46
7335          1.00         0.00       200.00         0.00         0.00         0.00         0.00         0.00         0.00         0.00         0.00        18.65         26.89     1,061.38       147.11     1,208.49       219.65       988.84
6600          1.00         0.00         0.00         0.00         0.00         0.00         0.00         0.00         0.00         0.00         0.00        21.60         53.63       894.76       207.22     1,101.98        22.60     1,079.38
7515          1.00         0.00         0.00         0.00         0.00         0.00         0.00         0.00         0.00         0.00         0.00        20.53         30.48       871.38       150.70     1,022.08        21.53     1,000.55
5933          1.00         0.00         0.00         0.00         0.00         0.00         0.00         0.00         0.00         0.00         0.00        20.45         25.06       971.51       178.65     1,150.16        21.45     1,128.71
7170          1.00         0.00         0.00         0.00         0.00         0.00         0.00         0.00         0.00         0.00         0.00        24.38         57.51       871.38       177.73     1,049.11        25.38     1,023.73
5618          1.00         0.00         0.00         0.00         0.00         0.00         0.00         0.00         0.00         0.00         0.00        18.65         44.47       861.38       164.69     1,026.07        19.65     1,006.42
3890          1.00         0.00         0.00         0.00         0.00         0.00         0.00         0.00         0.00       166.09         0.00        52.69          0.00     2,027.79       306.84     2,334.63       219.78     2,114.85
7526          1.00         0.00         0.00         0.00         0.00         0.00         0.00         0.00         0.00         0.00         0.00        24.36         58.05       871.38       178.27     1,049.65        25.36     1,024.29
3652          1.00         0.00         0.00         0.00         0.00       383.82         0.00         0.00         0.00       156.87         0.00        53.96          0.00     1,962.27       375.56     2,337.83       595.65     1,742.18
2530          1.00         0.00         0.00         0.00         0.00       158.67         0.00         0.00         0.00         0.00         0.00        19.82         45.05       861.38       165.27     1,026.65       179.49       847.16
1123          1.00         0.00         0.00         0.00         0.00         0.00         0.00         0.00         0.00        11.18         0.00        30.37          0.00     1,246.79       180.28     1,427.07        42.55     1,384.52
7580          1.00         0.00         0.00         0.00         0.00         0.00         0.00         0.00         0.00         0.00         0.00        18.65         34.84       861.38       155.06     1,016.44        19.65       996.79
7458          1.00         0.00         0.00         0.00         0.00         0.00         0.00         0.00         0.00         0.00         0.00        23.16         57.51       871.38       177.73     1,049.11        24.16     1,024.95
6104          1.00         0.00         0.00         0.00         0.00         0.00         0.00         0.00         0.00         0.00         0.00        27.98         54.41       904.76       252.50     1,157.26        28.98     1,128.28
7005          1.00         0.00         0.00         0.00         0.00         0.00         0.00         0.00         0.00         0.00         0.00        22.71         55.09       893.63       242.06     1,135.69        23.71     1,111.98
7259          1.00        48.00         0.00         0.00         0.00         0.00         0.00         0.00         0.00         0.00         0.00        21.08         57.77       871.38       177.99     1,049.37        70.08       979.29
7276          1.00         0.00         0.00         0.00         0.00         0.00         0.00         0.00         0.00         0.00         0.00        25.65         23.55       991.50       221.28     1,212.78        26.65     1,186.13
7312          1.00         0.00         0.00         0.00         0.00         0.00         0.00         0.00         0.00         0.00         0.00        21.10         57.51       871.38       222.23     1,093.61        22.10     1,071.51
7338          1.00         0.00         0.00         0.00         0.00         0.00         0.00         0.00         0.00         0.00         0.00        22.73         57.51       871.38       177.73     1,049.11        23.73     1,025.38
7581          1.00         0.00         0.00         0.00         0.00         0.00         0.00         0.00         0.00         0.00         0.00        18.65         38.26       871.38       158.48     1,029.86        19.65     1,010.21
5677          1.00         0.00         0.00         0.00         0.00         0.00         0.00         0.00         0.00         0.00         0.00        28.76          7.70     1,137.24       170.45     1,307.69        29.76     1,277.93
6210          1.00         0.00       150.00         0.00         0.00         0.00         0.00         0.00         0.00         0.00         0.00        25.40         47.82       960.38       257.04     1,217.42       176.40     1,041.02
0849          1.00         0.00         0.00         0.00         0.00         0.00         0.00         0.00         0.00         0.00         0.00        25.48          9.01     1,061.11       147.58     1,208.69        26.48     1,182.21
7536          1.00         0.00         0.00         0.00         0.00         0.00         0.00         0.00         0.00         0.00         0.00        19.83         30.32       883.63       172.79     1,056.42        20.83     1,035.59
7538          1.00         0.00         0.00         0.00         0.00         0.00       104.13         0.00         0.00         0.00         0.00        18.28         64.81       780.28       165.28       945.56       123.41       822.15
7430          1.00         0.00         0.00         0.00         0.00         0.00         0.00         0.00         0.00        72.27         0.00        49.65          0.00     1,645.19       374.66     2,019.85       122.92     1,896.93
5181          1.00         0.00         0.00         0.00         0.00         0.00         0.00         0.00         0.00         0.00         0.00        21.11         30.48       871.38       150.70     1,022.08        22.11       999.97
7057          1.00         0.00         0.00         0.00         0.00         0.00         0.00         0.00         0.00         0.00         0.00        25.05         59.13       861.38       179.35     1,040.73        26.05     1,014.68
5558          1.00         0.00         0.00         0.00         0.00         0.00         0.00         0.00         0.00         0.00         0.00        23.86         27.11       894.76       180.70     1,075.46        24.86     1,050.60
4746          1.00         0.00         0.00         0.00         0.00       316.68         0.00         0.00         0.00        19.56         0.00        31.06          0.00     1,236.79       180.28     1,417.07       368.30     1,048.77
7573          1.00         0.00         0.00         0.00         0.00         0.00         0.00         0.00         0.00         0.00         0.00        18.65         33.54       861.38       153.76     1,015.14        19.65       995.49
7516          1.00         0.00         0.00         0.00         0.00         0.00         0.00         0.00         0.00         0.00         0.00        21.43         57.50       871.38       222.22     1,093.60        22.43     1,071.17
7407          1.00         0.00         0.00         0.00         0.00         0.00         0.00         0.00         0.00         0.00         0.00        24.24         32.02       893.63       218.99     1,112.62        25.24     1,087.38
7589          0.00         0.00         0.00         0.00         0.00         0.00         0.00         0.00         0.00         0.00         0.00        10.66         31.40       398.63        31.40       430.03        10.66       419.37
7540          1.00         0.00         0.00         0.00         0.00         0.00       249.20         0.00         0.00         0.00         0.00        15.89         99.71       763.40       205.21       968.61       266.09       702.52
2107          1.00         0.00         0.00         0.00         0.00       313.52         0.00         0.00         0.00        27.86         0.00        36.92          0.00     1,400.09       276.07     1,676.16       379.30     1,296.86
1424          1.00         0.00         0.00         0.00         0.00       429.40         0.00         0.00         0.00       334.49         0.00        94.69          0.00     2,960.33       689.95     3,650.28       859.58     2,790.70
5280          1.00         0.00         0.00       316.08         0.00       433.73         0.00         0.00         0.00       165.92         0.00        51.82          0.00     2,045.48       289.67     2,335.15       968.55     1,366.60
6472          1.00         0.00         0.00         0.00         0.00     1,224.02         0.00         0.00         0.00       573.18         0.00       114.19          0.00     4,077.78       889.13     4,966.91     1,912.39     3,054.52
6461          1.00         0.00       200.00         0.00         0.00         0.00         0.00         0.00         0.00        18.36         0.00        26.26          0.00     1,376.80       411.75     1,788.55       245.62     1,542.93
6765          1.00         0.00         0.00         0.00         0.00         0.00         0.00         0.00         0.00        53.15         0.00        29.83          0.00     1,446.79       180.28     1,627.07        83.98     1,543.09
7012          1.00         0.00         0.00         0.00         0.00         0.00       104.13         0.00         0.00         0.00         0.00        19.30         78.19       780.28       178.66       958.94       124.43       834.51

















































EJECUTIVOS EN SERVICIOS DE ALIMENTOS, S.A. DE C.V.                                                                      Pagina: 0002
R.F.C.:                                                                                                                    5/NOV/19
REPORTE DE SUELDOS SEMANALES DEDUCCIONES


 
Codigo Desc Vales   Desc Zapatos Otras Deducc Desc Fonacot Pension Alim Desc Infonav Faltas       Inca Enferme Inca Riesgo  ISPT         Ajus ISPT    IMSS          Sub P/Empleo Tot Per Grav Tot Per Exce Total Percep Total Deducc Neto Pagado
..........................................................................................................................................................................................................................................
5000          1.00         0.00         0.00         0.00         0.00         0.00         0.00         0.00         0.00         0.00         0.00        27.47         12.75     1,090.76       168.07     1,258.83        28.47     1,230.36
7586          1.00         0.00         0.00         0.00         0.00         0.00         0.00         0.00         0.00         0.00         0.00        18.65         35.08       871.38       155.30     1,026.68        19.65     1,007.03
7206          1.00         0.00         0.00         0.00         0.00         0.00         0.00         0.00         0.00         0.00         0.00        19.93         31.75       861.38       151.97     1,013.35        20.93       992.42
5644          0.00         0.00         0.00         0.00         0.00         0.00         0.00         0.00         0.00         0.00         0.00         0.00          0.00         0.00         0.00         0.00         0.00         0.00
7519          1.00         0.00         0.00         0.00         0.00         0.00         0.00         0.00         0.00         0.00         0.00        21.85         57.51       871.38       177.73     1,049.11        22.85     1,026.26
7582          1.00         0.00         0.00         0.00         0.00         0.00         0.00         0.00         0.00         0.00         0.00        18.65         44.46       861.38       164.68     1,026.06        19.65     1,006.41
7292          1.00         0.00         0.00         0.00         0.00         0.00         0.00         0.00         0.00         0.00         0.00        20.73         38.91       861.38       159.13     1,020.51        21.73       998.78
6690          1.00         0.00         0.00         0.00         0.00         0.00         0.00         0.00         0.00         0.00         0.00        21.92         16.22       994.88       236.56     1,231.44        22.92     1,208.52
0090          1.00         0.00         0.00         0.00         0.00       458.89         0.00         0.00         0.00         1.37         0.00        34.16          0.00     1,417.46       209.19     1,626.65       495.42     1,131.23
7587          0.00         0.00         0.00         0.00         0.00         0.00       124.60         0.00         0.00         0.00         0.00        16.69         44.52       861.86        44.52       906.38       141.29       765.09
7168          1.00         0.00         0.00         0.00         0.00         0.00         0.00         0.00         0.00         0.00         0.00        21.26         29.32       904.76       182.91     1,087.67        22.26     1,065.41
4314          1.00         0.00         0.00         0.00         0.00         0.00         0.00         0.00         0.00        76.96         0.00        51.08          0.00     1,688.34       337.78     2,026.12       129.04     1,897.08
6193          1.00         0.00         0.00         0.00         0.00         0.00         0.00         0.00         0.00         0.00         0.00        26.32         10.97     1,090.76       166.29     1,257.05        27.32     1,229.73
5332          1.00         0.00         0.00         0.00         0.00         0.00         0.00         0.00         0.00         0.00         0.00        19.81         38.91       861.38       159.13     1,020.51        20.81       999.70
7485          1.00         0.00         0.00         0.00         0.00         0.00         0.00         0.00         0.00         0.00         0.00        23.11         56.29       882.51       187.63     1,070.14        24.11     1,046.03
4287          1.00         0.00         0.00         0.00         0.00         0.00         0.00         0.00         0.00         0.00         0.00        26.19         18.35     1,080.76       173.67     1,254.43        27.19     1,227.24
6427          1.00         0.00         0.00         0.00         0.00         0.00         0.00         0.00         0.00         0.00         0.00        22.15         34.24       934.17       164.50     1,098.67        23.15     1,075.52
6504          1.00         0.00         0.00         0.00         0.00         0.00         0.00         0.00         0.00         0.00         0.00        22.90         38.27       871.38       158.49     1,029.87        23.90     1,005.97
7575          1.00         0.00       250.00         0.00         0.00         0.00         0.00         0.00         0.00         0.00         0.00        18.65         10.39     1,111.38       130.61     1,241.99       269.65       972.34
5745          1.00         0.00         0.00         0.00         0.00         0.00         0.00         0.00         0.00         0.00         0.00        20.28         30.56       927.01       206.40     1,133.41        21.28     1,112.13
6884          1.00         0.00         0.00         0.00         0.00         0.00         0.00         0.00         0.00         0.00         0.00        20.55         44.33       871.38       209.05     1,080.43        21.55     1,058.88
6849          1.00         0.00         0.00         0.00         0.00         0.00         0.00         0.00         0.00         0.00         0.00        29.52        151.76     1,271.88       416.60     1,688.48        30.52     1,657.96
7061          1.00         0.00         0.00         0.00         0.00         0.00         0.00         0.00         0.00         0.00         0.00        23.32         58.04       871.38       178.26     1,049.64        24.32     1,025.32
0881          1.00         0.00         0.00         0.00         0.00         0.00         0.00         0.00         0.00         0.00         0.00        20.45         29.77       861.38       149.99     1,011.37        21.45       989.92
6334          1.00         0.00       100.00         0.00         0.00         0.00         0.00         0.00         0.00        18.55         0.00        29.31          0.00     1,314.42       243.16     1,557.58       148.86     1,408.72
2413          1.00         0.00         0.00         0.00         0.00       361.79         0.00         0.00         0.00         1.52         0.00        26.27          0.00     1,222.05       213.05     1,435.10       390.58     1,044.52
7428          1.00         0.00         0.00         0.00         0.00         0.00         0.00         0.00         0.00         0.00         0.00        23.16         30.48       871.38       150.70     1,022.08        24.16       997.92
7567          1.00         0.00         0.00         0.00         0.00         0.00         0.00         0.00         0.00         0.00         0.00        20.55         38.90       861.38       159.12     1,020.50        21.55       998.95
2897          1.00         0.00         0.00         0.00         0.00         0.00         0.00         0.00         0.00         0.00         0.00        20.73         34.57       861.38       154.79     1,016.17        21.73       994.44
7558          1.00         0.00         0.00         0.00         0.00         0.00         0.00         0.00         0.00         0.00         0.00        26.12         22.28       939.26       264.87     1,204.13        27.12     1,177.01
6360          1.00         0.00         0.00         0.00         0.00         0.00         0.00         0.00         0.00         0.00         0.00        20.48         38.91       861.38       159.13     1,020.51        21.48       999.03
3318          1.00         0.00         0.00         0.00         0.00       469.96         0.00         0.00         0.00       179.01         0.00        54.80          0.00     2,108.56       301.36     2,409.92       704.77     1,705.15
5139          1.00         0.00         0.00         0.00         0.00       712.24         0.00         0.00         0.00       279.01         0.00        69.93          0.00     2,688.09       343.88     3,031.97     1,062.18     1,969.79
6083          1.00         0.00         0.00         0.00         0.00         0.00         0.00         0.00         0.00         0.00         0.00        23.01         50.67       934.17       225.43     1,159.60        24.01     1,135.59
6766          1.00         0.00         0.00         0.00         0.00         0.00         0.00         0.00         0.00         0.00         0.00        30.73         33.64     1,090.76       188.96     1,279.72        31.73     1,247.99
4137          1.00         0.00         0.00         0.00         0.00         0.00         0.00         0.00         0.00     1,309.18         0.00       101.47          0.00     7,523.11     1,574.92     9,098.03     1,411.65     7,686.38
7542          1.00         0.00         0.00         0.00         0.00         0.00         0.00         0.00         0.00         0.00         0.00        20.59         30.48       871.38       150.70     1,022.08        21.59     1,000.49
3780          1.00         0.00         0.00         0.00         0.00         0.00         0.00         0.00         0.00        30.84         0.00        34.85          0.00     1,427.46       209.19     1,636.65        66.69     1,569.96
7571          1.00         0.00         0.00         0.00         0.00         0.00       104.13         0.00         0.00         0.00         0.00        16.69         50.43       813.66       184.27       997.93       121.82       876.11
6205          1.00         0.00         0.00         0.00         0.00         0.00         0.00         0.00         0.00         0.00         0.00        23.39         36.41       871.38       201.13     1,072.51        24.39     1,048.12
5027          1.00         0.00         0.00         0.00         0.00         0.00         0.00         0.00         0.00        14.74         0.00        30.19          0.00     1,194.67       174.76     1,369.43        45.93     1,323.50
7245          1.00         0.00         0.00         0.00         0.00         0.00       104.13         0.00         0.00         0.00         0.00        17.95         57.99       780.28       158.46       938.74       123.08       815.66
6839          1.00         0.00         0.00         0.00         0.00         0.00         0.00         0.00         0.00         0.00         0.00        20.23         30.56       927.01       206.40     1,133.41        21.23     1,112.18

















































EJECUTIVOS EN SERVICIOS DE ALIMENTOS, S.A. DE C.V.                                                                      Pagina: 0003
R.F.C.:                                                                                                                    5/NOV/19
REPORTE DE SUELDOS SEMANALES DEDUCCIONES


 
Codigo Desc Vales   Desc Zapatos Otras Deducc Desc Fonacot Pension Alim Desc Infonav Faltas       Inca Enferme Inca Riesgo  ISPT         Ajus ISPT    IMSS          Sub P/Empleo Tot Per Grav Tot Per Exce Total Percep Total Deducc Neto Pagado
..........................................................................................................................................................................................................................................
5646          1.00         0.00         0.00         0.00         0.00         0.00         0.00         0.00         0.00         0.00         0.00        20.48         29.82       904.76       183.41     1,088.17        21.48     1,066.69
6978          1.00         0.00         0.00         0.00         0.00         0.00         0.00         0.00         0.00         0.00         0.00        21.55         31.46       871.38       151.68     1,023.06        22.55     1,000.51
6658          1.00         0.00         0.00         0.00         0.00       434.13         0.00         0.00         0.00         0.00         0.00        25.04         18.52     1,241.00       342.11     1,583.11       460.17     1,122.94
4458          1.00         0.00         0.00         0.00         0.00         0.00         0.00         0.00         0.00       100.04         0.00        40.97          0.00     1,588.61       236.57     1,825.18       142.01     1,683.17
7522          1.00         0.00         0.00         0.00         0.00         0.00         0.00         0.00         0.00         0.00         0.00        22.53         44.41       871.38       164.63     1,036.01        23.53     1,012.48
7574          1.00         0.00         0.00         0.00         0.00         0.00         0.00         0.00         0.00         0.00         0.00        18.65         38.90       861.38       159.12     1,020.50        19.65     1,000.85
5679          1.00         0.00         0.00         0.00         0.00         0.00         0.00         0.00         0.00         0.00         0.00        30.13          3.22     1,178.33       172.55     1,350.88        31.13     1,319.75
7417          1.00         0.00         0.00         0.00         0.00         0.00       104.13         0.00         0.00         0.00         0.00        19.18         69.03       824.78       214.00     1,038.78       124.31       914.47
7583          1.00         0.00         0.00         0.00         0.00         0.00         0.00         0.00         0.00         0.00         0.00        18.65         38.27       871.38       158.49     1,029.87        19.65     1,010.22
7530          1.00         0.00         0.00         0.00         0.00         0.00       124.60         0.00         0.00         0.00         0.00        18.05         45.68       787.95       164.10       952.05       143.65       808.40
7239          1.00         0.00         0.00         0.00         0.00         0.00         0.00         0.00         0.00         0.00         0.00        19.82         32.32       861.38       152.54     1,013.92        20.82       993.10
6028          1.00         0.00       100.00         0.00         0.00       375.15         0.00         0.00         0.00        10.62         0.00        26.66          0.00     1,305.62       283.64     1,589.26       513.43     1,075.83
6565          1.00         0.00         0.00         0.00         0.00         0.00       104.13         0.00         0.00         0.00         0.00        19.75         59.63       835.91       215.72     1,051.63       124.88       926.75
3218          1.00         0.00         0.00         0.00         0.00         0.00         0.00         0.00         0.00         0.00         0.00        23.10         34.24       934.17       209.00     1,143.17        24.10     1,119.07
3676          1.00         0.00         0.00         0.00         0.00         0.00         0.00         0.00         0.00         0.00         0.00        34.98          2.93     1,377.90       324.31     1,702.21        35.98     1,666.23
0445          1.00         0.00         0.00         0.00         0.00         0.00         0.00         0.00         0.00         0.00         0.00        27.47         38.64     1,080.83       193.97     1,274.80        28.47     1,246.33
5901          1.00         0.00         0.00         0.00         0.00         0.00         0.00         0.00         0.00         0.00         0.00        22.54         29.77       861.38       149.99     1,011.37        23.54       987.83
7269          1.00         0.00         0.00         0.00         0.00         0.00         0.00         0.00         0.00         0.00         0.00        21.43         31.71       871.38       151.93     1,023.31        22.43     1,000.88
2522          1.00         0.00         0.00         0.00         0.00         0.00         0.00         0.00         0.00         0.00         0.00        23.77         30.48       871.38       195.20     1,066.58        24.77     1,041.81
7555          1.00         0.00         0.00         0.00         0.00         0.00         0.00         0.00         0.00         0.00         0.00        21.36         58.60       861.38       178.82     1,040.20        22.36     1,017.84
0116          1.00         0.00         0.00         0.00         0.00         0.00         0.00         0.00         0.00        57.76         0.00        40.21          0.00     1,587.87       207.65     1,795.52        98.97     1,696.55
5506          1.00         0.00         0.00         0.00         0.00         0.00         0.00         0.00         0.00         3.25         0.00        26.07          0.00     1,153.63       228.18     1,381.81        30.32     1,351.49
7167          1.00        48.00         0.00         0.00         0.00         0.00         0.00         0.00         0.00         0.00         0.00        23.82         30.25       893.63       172.72     1,066.35        72.82       993.53
0236          1.00         0.00         0.00         0.00         0.00       491.03         0.00         0.00         0.00       163.00         0.00        54.20          0.00     2,008.49       377.45     2,385.94       709.23     1,676.71
7080          1.00         0.00         0.00         0.00         0.00         0.00         0.00         0.00         0.00        26.12         0.00        38.59          0.00     1,384.05       268.09     1,652.14        65.71     1,586.43
5965          1.00         0.00         0.00         0.00         0.00         0.00         0.00         0.00         0.00         0.00         0.00        26.89         10.97     1,090.76       166.29     1,257.05        27.89     1,229.16
7457          1.00         0.00         0.00         0.00         0.00         0.00         0.00         0.00         0.00         0.00         0.00        20.07         57.05       882.51       188.39     1,070.90        21.07     1,049.83
5447          1.00         0.00         0.00         0.00         0.00         0.00         0.00         0.00         0.00         0.00         0.00        20.16         53.74       861.38       173.96     1,035.34        21.16     1,014.18
6685          1.00         0.00         0.00         0.00         0.00         0.00         0.00         0.00         0.00         0.00         0.00        20.71         30.48       871.38       150.70     1,022.08        21.71     1,000.37
7489          1.00         0.00         0.00         0.00         0.00         0.00         0.00         0.00         0.00         0.00         0.00        22.04         39.26     1,038.26       192.85     1,231.11        23.04     1,208.07
5549          1.00         0.00         0.00         0.00         0.00         0.00         0.00         0.00         0.00         0.00         0.00        21.11         32.46       871.38       197.18     1,068.56        22.11     1,046.45
7554          1.00         0.00         0.00         0.00         0.00         0.00         0.00         0.00         0.00         0.00         0.00        20.27         34.43       871.38       154.65     1,026.03        21.27     1,004.76
4914          1.00         0.00         0.00         0.00         0.00         0.00         0.00         0.00         0.00         0.00         0.00        18.65         36.13       904.76       189.72     1,094.48        19.65     1,074.83
6349          1.00         0.00         0.00         0.00         0.00         0.00         0.00         0.00         0.00         0.00         0.00        20.26         38.27       871.38       158.49     1,029.87        21.26     1,008.61
7484          1.00         0.00         0.00         0.00         0.00         0.00         0.00         0.00         0.00         0.00         0.00        20.16         28.30       871.38       193.02     1,064.40        21.16     1,043.24
0854          1.00         0.00         0.00         0.00         0.00       306.68         0.00         0.00         0.00        44.36         0.00        36.20          0.00     1,551.71       274.51     1,826.22       388.24     1,437.98
7295          1.00        48.00         0.00         0.00         0.00         0.00         0.00         0.00         0.00         0.00         0.00        21.30         57.51       871.38       177.73     1,049.11        70.30       978.81
6832          1.00         0.00         0.00         0.00         0.00         0.00         0.00         0.00         0.00         0.00         0.00        20.58         31.46       871.38       196.18     1,067.56        21.58     1,045.98
4807          1.00         0.00         0.00         0.00         0.00         0.00         0.00         0.00         0.00       458.42         0.00       125.53          0.00     3,540.55       528.43     4,068.98       584.95     3,484.03
6821          1.00         0.00         0.00         0.00         0.00         0.00         0.00         0.00         0.00         0.00         0.00        26.69         26.30     1,080.76       181.62     1,262.38        27.69     1,234.69
3169          1.00         0.00         0.00         0.00         0.00         0.00         0.00         0.00         0.00         0.00         0.00        21.65         38.27       871.38       158.49     1,029.87        22.65     1,007.22
6944          1.00         0.00         0.00         0.00         0.00         0.00         0.00         0.00         0.00         0.00         0.00        26.98         36.85     1,090.76       250.46     1,341.22        27.98     1,313.24
5737          1.00         0.00         0.00         0.00         0.00         0.00         0.00         0.00         0.00         0.00         0.00        18.65         38.26       871.38       158.48     1,029.86        19.65     1,010.21

















































EJECUTIVOS EN SERVICIOS DE ALIMENTOS, S.A. DE C.V.                                                                      Pagina: 0004
R.F.C.:                                                                                                                    5/NOV/19
REPORTE DE SUELDOS SEMANALES DEDUCCIONES


 
Codigo Desc Vales   Desc Zapatos Otras Deducc Desc Fonacot Pension Alim Desc Infonav Faltas       Inca Enferme Inca Riesgo  ISPT         Ajus ISPT    IMSS          Sub P/Empleo Tot Per Grav Tot Per Exce Total Percep Total Deducc Neto Pagado
..........................................................................................................................................................................................................................................
5902          0.00         0.00         0.00         0.00         0.00         0.00         0.00         0.00         0.00         0.00         0.00         0.00          0.00         0.00         0.00         0.00         0.00         0.00
4514          1.00         0.00         0.00         0.00         0.00       318.08         0.00         0.00         0.00         0.00         0.00        30.05          3.22     1,178.33       172.55     1,350.88       349.13     1,001.75
6014          1.00         0.00         0.00         0.00         0.00         0.00         0.00         0.00         0.00         0.00         0.00        25.75          4.83     1,163.63       233.01     1,396.64        26.75     1,369.89
7551          1.00         0.00         0.00         0.00         0.00         0.00         0.00         0.00         0.00         0.00         0.00        18.65         29.72     1,004.88       183.31     1,188.19        19.65     1,168.54
7590          1.00         0.00         0.00         0.00         0.00         0.00         0.00         0.00         0.00         0.00         0.00        10.66         34.47       350.55        82.55       433.10        11.66       421.44
6985          1.00         0.00         0.00         0.00         0.00         0.00         0.00         0.00         0.00       305.88         0.00        69.33          0.00     2,838.06       507.78     3,345.84       376.21     2,969.63
6831          1.00         0.00         0.00         0.00         0.00         0.00         0.00         0.00         0.00         0.00         0.00        20.29         52.54       917.01       228.38     1,145.39        21.29     1,124.10
3827          1.00         0.00         0.00         0.00         0.00         0.00         0.00         0.00         0.00         0.00         0.00        23.61         39.78     1,034.30       314.66     1,348.96        24.61     1,324.35
5412          0.00         0.00         0.00         0.00         0.00         0.00         0.00         0.00         0.00         0.00         0.00         0.00          0.00         0.00         0.00         0.00         0.00         0.00
4504          1.00         0.00         0.00         0.00         0.00         0.00         0.00         0.00         0.00       195.23         0.00        57.61          0.00     2,209.89       318.38     2,528.27       253.84     2,274.43
7395          1.00         0.00         0.00         0.00         0.00         0.00         0.00         0.00         0.00         0.00         0.00        20.53         35.92       871.38       156.14     1,027.52        21.53     1,005.99
0214          1.00         0.00         0.00         0.00         0.00         0.00         0.00         0.00         0.00       480.25         0.00       128.58          0.00     3,642.75       528.43     4,171.18       609.83     3,561.35
7376          1.00         0.00         0.00         0.00         0.00         0.00       104.13         0.00         0.00         0.00         0.00        20.96         78.19       780.28       178.66       958.94       126.09       832.85
7212          1.00         0.00         0.00         0.00         0.00       335.65         0.00         0.00         0.00         0.00         0.00        20.80         57.51       871.38       177.73     1,049.11       357.45       691.66
6321          1.00         0.00         0.00         0.00         0.00         0.00         0.00         0.00         0.00         0.00         0.00        21.82         27.02       934.17       157.28     1,091.45        22.82     1,068.63
5232          1.00         0.00         0.00         0.00         0.00         0.00         0.00         0.00         0.00         0.00         0.00        22.87         55.70       892.88       180.96     1,073.84        23.87     1,049.97
4958          1.00         0.00         0.00         0.00         0.00         0.00         0.00         0.00         0.00         0.00         0.00        22.72         57.51       871.38       177.73     1,049.11        23.72     1,025.39
3979          1.00         0.00         0.00         0.00         0.00         0.00         0.00         0.00         0.00       394.32         0.00       142.68          0.00     3,240.39       499.26     3,739.65       538.00     3,201.65
0442          1.00         0.00         0.00         0.00         0.00         0.00         0.00         0.00         0.00         9.08         0.00        31.74          0.00     1,368.62       234.60     1,603.22        41.82     1,561.40
7330          0.00         0.00         0.00         0.00         0.00         0.00         0.00         0.00         0.00         0.00         0.00         0.00          0.00         0.00         0.00         0.00         0.00         0.00
7243          1.00         0.00         0.00         0.00         0.00         0.00         0.00         0.00         0.00         0.00         0.00        21.11         59.13       861.38       179.35     1,040.73        22.11     1,018.62
7591          1.00         0.00         0.00         0.00         0.00         0.00         0.00         0.00         0.00         0.00         0.00         7.99         31.16       180.27        55.20       235.47         8.99       226.48
7397          1.00         0.00         0.00         0.00         0.00         0.00         0.00         0.00         0.00         0.00         0.00        21.12         50.49       871.38       170.71     1,042.09        22.12     1,019.97
7421          1.00         0.00         0.00         0.00         0.00         0.00         0.00         0.00         0.00         0.00         0.00        22.63         36.62       871.38       156.84     1,028.22        23.63     1,004.59
7298          1.00         0.00         0.00         0.00         0.00         0.00         0.00         0.00         0.00        47.69         0.00        34.24          0.00     1,495.34       279.00     1,774.34        82.93     1,691.41
5396          1.00        48.00         0.00         0.00         0.00         0.00         0.00         0.00         0.00         0.00         0.00        23.66         38.26       871.38       158.48     1,029.86        72.66       957.20
5704          1.00         0.00         0.00         0.00         0.00         0.00         0.00         0.00         0.00        17.59         0.00        32.63          0.00     1,305.66       252.41     1,558.07        51.22     1,506.85
7503          1.00         0.00         0.00         0.00         0.00         0.00         0.00         0.00         0.00         0.00         0.00        20.06         31.63       871.38       151.85     1,023.23        21.06     1,002.17
7557          1.00         0.00         0.00         0.00         0.00         0.00         0.00         0.00         0.00         0.00         0.00        23.69         49.75       893.63       192.22     1,085.85        24.69     1,061.16
7190          0.00         0.00         0.00         0.00         0.00         0.00         0.00         0.00         0.00         0.00         0.00         0.00          0.00         0.00         0.00         0.00         0.00         0.00
7280          1.00         0.00         0.00         0.00         0.00         0.00       104.13         0.00         0.00         0.00         0.00        18.86         65.86       780.28       166.33       946.61       123.99       822.62
7588          1.00         0.00         0.00         0.00         0.00         0.00         0.00         0.00         0.00         0.00         0.00        13.32         29.89       582.35       110.26       692.61        14.32       678.29
5588          1.00         0.00         0.00         0.00         0.00         0.00         0.00         0.00         0.00         0.00         0.00        23.67         34.43       871.38       154.65     1,026.03        24.67     1,001.36
6203          1.00         0.00         0.00         0.00         0.00         0.00         0.00         0.00         0.00         0.00         0.00        21.83         30.48       871.38       150.70     1,022.08        22.83       999.25
6582          1.00         0.00         0.00         0.00         0.00         0.00         0.00         0.00         0.00         0.00         0.00        21.01         38.90       861.38       159.12     1,020.50        22.01       998.49
7226          1.00         0.00         0.00         0.00         0.00         0.00         0.00         0.00         0.00         0.00         0.00        20.80         29.66       871.38       149.88     1,021.26        21.80       999.46
7272          1.00         0.00         0.00         0.00         0.00         0.00         0.00         0.00         0.00         0.00         0.00        20.06         43.10       893.63       185.57     1,079.20        21.06     1,058.14
3326          1.00         0.00         0.00         0.00         0.00         0.00         0.00         0.00         0.00        30.84         0.00        35.29          0.00     1,427.46       209.19     1,636.65        67.13     1,569.52
3960          1.00         0.00         0.00         0.00         0.00       266.64         0.00         0.00         0.00        17.32         0.00        31.83          0.00     1,303.15       288.03     1,591.18       316.79     1,274.39
2233          0.00         0.00         0.00         0.00         0.00         0.00         0.00         0.00         0.00         0.00         0.00         0.00          0.00         0.00         0.00         0.00         0.00         0.00
7584          1.00         0.00         0.00         0.00         0.00         0.00         0.00         0.00         0.00         0.00         0.00        18.65         37.48       883.63       179.95     1,063.58        19.65     1,043.93
0449          1.00         0.00       250.00         0.00         0.00       383.40         0.00         0.00         0.00         0.00         0.00        34.80          9.44     1,198.39       143.58     1,341.97       669.20       672.77
6934          1.00         0.00         0.00         0.00         0.00         0.00         0.00         0.00         0.00       342.85         0.00        85.62          0.00     2,999.45       460.71     3,460.16       429.47     3,030.69

















































EJECUTIVOS EN SERVICIOS DE ALIMENTOS, S.A. DE C.V.                                                                      Pagina: 0005
R.F.C.:                                                                                                                    5/NOV/19
REPORTE DE SUELDOS SEMANALES DEDUCCIONES


 
Codigo Desc Vales   Desc Zapatos Otras Deducc Desc Fonacot Pension Alim Desc Infonav Faltas       Inca Enferme Inca Riesgo  ISPT         Ajus ISPT    IMSS          Sub P/Empleo Tot Per Grav Tot Per Exce Total Percep Total Deducc Neto Pagado
..........................................................................................................................................................................................................................................
7137          1.00         0.00         0.00         0.00         0.00         0.00         0.00         0.00         0.00        29.64         0.00        34.27          0.00     1,329.47       195.11     1,524.58        64.91     1,459.67
6682          1.00         0.00         0.00         0.00         0.00         0.00       124.60         0.00         0.00         0.00         0.00        18.03         50.20       765.70       146.37       912.07       143.63       768.44
1269          1.00         0.00         0.00         0.00         0.00         0.00         0.00         0.00         0.00         0.00         0.00        23.38         38.27       871.38       158.49     1,029.87        24.38     1,005.49
7523          0.00         0.00         0.00         0.00         0.00         0.00         0.00         0.00         0.00         0.00         0.00        20.06         14.95     1,024.95        48.32     1,073.27        20.06     1,053.21
6006          1.00         0.00         0.00         0.00         0.00         0.00         0.00         0.00         0.00         0.00         0.00        23.21         57.51       871.38       177.73     1,049.11        24.21     1,024.90
1419          1.00         0.00         0.00         0.00         0.00       268.68         0.00         0.00         0.00        26.12         0.00        34.49          0.00     1,384.05       268.09     1,652.14       330.29     1,321.85
7453          0.00         0.00         0.00         0.00         0.00         0.00         0.00         0.00         0.00         0.00         0.00         0.00          0.00         0.00         0.00         0.00         0.00         0.00
7545          1.00         0.00         0.00         0.00         0.00         0.00         0.00         0.00         0.00        21.00         0.00        34.53          0.00     1,337.02       283.76     1,620.78        56.53     1,564.25
5905          1.00         0.00         0.00         0.00         0.00         0.00         0.00         0.00         0.00         0.00         0.00        41.85         99.64     1,446.77       430.44     1,877.21        42.85     1,834.36
7462          1.00         0.00         0.00         0.00         0.00         0.00         0.00         0.00         0.00         0.00         0.00        21.71         33.01       893.63       219.98     1,113.61        22.71     1,090.90
3525          1.00         0.00         0.00         0.00         0.00         0.00         0.00         0.00         0.00         0.00         0.00        29.89         34.18     1,090.76       189.50     1,280.26        30.89     1,249.37
2451          1.00         0.00         0.00         0.00         0.00         0.00         0.00         0.00         0.00         0.00         0.00        20.99         33.01       893.63       219.98     1,113.61        21.99     1,091.62
6885          1.00         0.00         0.00         0.00         0.00         0.00         0.00         0.00         0.00         0.00         0.00        21.49         11.50     1,038.26       165.09     1,203.35        22.49     1,180.86
4775          1.00         0.00         0.00         0.00         0.00         0.00         0.00         0.00         0.00         0.00         0.00        21.97         29.66       871.38       149.88     1,021.26        22.97       998.29
7528          1.00         0.00         0.00         0.00         0.00         0.00         0.00         0.00         0.00         0.00         0.00        21.10         53.88       904.76       251.97     1,156.73        22.10     1,134.63
5671          1.00         0.00         0.00         0.00         0.00         0.00         0.00         0.00         0.00       148.28         0.00        47.88          0.00     1,883.24       283.71     2,166.95       197.16     1,969.79
4832          1.00         0.00         0.00         0.00         0.00         0.00         0.00         0.00         0.00         0.00         0.00        22.05         26.02       904.76       179.61     1,084.37        23.05     1,061.32
6567          1.00         0.00         0.00         0.00         0.00         0.00         0.00         0.00         0.00         0.00         0.00        24.20         58.04       871.38       178.26     1,049.64        25.20     1,024.44
3321          1.00         0.00         0.00         0.00         0.00         0.00         0.00         0.00         0.00       161.87         0.00        55.28          0.00     2,001.43       241.96     2,243.39       218.15     2,025.24
7577          1.00         0.00         0.00         0.00         0.00         0.00         0.00         0.00         0.00         0.00         0.00        18.65         38.90       861.38       159.12     1,020.50        19.65     1,000.85
2112          1.00         0.00         0.00         0.00         0.00         0.00         0.00         0.00         0.00         0.00         0.00        20.82         30.48       871.38       150.70     1,022.08        21.82     1,000.26
0624          1.00         0.00         0.00         0.00         0.00         0.00         0.00         0.00         0.00       633.68         0.00        50.39          0.00     4,632.43     1,260.05     5,892.48       685.07     5,207.41
6877          1.00         0.00         0.00       141.34         0.00         0.00         0.00         0.00         0.00         0.00         0.00        24.60          4.15     1,105.86       124.37     1,230.23       166.94     1,063.29
4385          1.00         0.00         0.00         0.00         0.00         0.00         0.00         0.00         0.00        41.79         0.00        30.62          0.00     1,528.09       256.77     1,784.86        73.41     1,711.45
7378          1.00         0.00         0.00         0.00         0.00         0.00         0.00         0.00         0.00         0.00         0.00        19.82         51.19       861.38       171.41     1,032.79        20.82     1,011.97
0366          1.00         0.00         0.00         0.00         0.00         0.00         0.00         0.00         0.00       319.35         0.00       100.00          0.00     2,889.42       444.70     3,334.12       420.35     2,913.77
6206          1.00         0.00         0.00         0.00         0.00         0.00         0.00         0.00         0.00         0.00         0.00        26.76         10.97     1,090.76       166.29     1,257.05        27.76     1,229.29
 
*** GLO     189.00       192.00     1,250.00       457.42         0.00     8,442.16     1,456.04         0.00         0.00     7,596.46         0.00     5,632.71      5,733.91   227,671.93                270,943.05    25,215.79   245,727.26
  






























































