EJECUTIVOS EN SERVICIOS DE ALIMENTOS, S.A. DE C.V.                                                                      Pagina: 0001
R.F.C.:                                                                                                                    5/NOV/19
REPORTE DE SUELDOS SEMANALES DEDUCCIONES


 
Codigo Desc Vales   Desc Zapatos Otras Deducc Desc Fonacot Pension Alim Desc Infonav Faltas       Inca Enferme Inca Riesgo  ISPT         Ajus ISPT    IMSS          Sub P/Empleo Tot Per Grav Tot Per Exce Total Percep Total Deducc Neto Pagado
..........................................................................................................................................................................................................................................
7505          1.00         0.00         0.00         0.00         0.00         0.00       208.26         0.00         0.00         0.00         0.00        18.87         56.03       748.83       136.40       885.23       228.13       657.10
7652          1.00         0.00         0.00         0.00         0.00         0.00         0.00         0.00         0.00         0.00         0.00        20.04         44.72       871.38       164.94     1,036.32        21.04     1,015.28
6600          1.00         0.00         0.00         0.00         0.00         0.00         0.00         0.00         0.00         0.00         0.00        21.87         37.83       883.63       180.30     1,063.93        22.87     1,041.06
5933          1.00         0.00         0.00         0.00         0.00         0.00         0.00         0.00         0.00         0.00         0.00        22.53         38.26       871.38       158.48     1,029.86        23.53     1,006.33
7170          1.00         0.00         0.00         0.00         0.00         0.00         0.00         0.00         0.00         0.00         0.00        25.19         35.42       915.88       200.14     1,116.02        26.19     1,089.83
5618          1.00         0.00         0.00         0.00         0.00         0.00         0.00         0.00         0.00        72.06         0.00        22.97          0.00     1,694.76       153.59     1,848.35        96.03     1,752.32
3890          1.00         0.00         0.00         0.00         0.00         0.00         0.00         0.00         0.00       178.37         0.00        55.00          0.00     2,104.51       319.12     2,423.63       234.37     2,189.26
3652          1.00         0.00         0.00         0.00         0.00       383.82         0.00         0.00         0.00       176.02         0.00        50.17          0.00     2,089.84       386.74     2,476.58       611.01     1,865.57
2530          1.00         0.00         0.00         0.00         0.00       168.73         0.00         0.00         0.00         0.00         0.00        19.84         38.91       861.38       159.13     1,020.51       189.57       830.94
1123          1.00         0.00         0.00         0.00         0.00         0.00         0.00         0.00         0.00        16.10         0.00        31.65          0.00     1,291.87       187.49     1,479.36        48.75     1,430.61
7593          1.00         0.00         0.00         0.00         0.00         0.00         0.00         0.00         0.00        65.98         0.00        22.29          0.00     1,671.38       120.22     1,791.60        89.27     1,702.33
7640          1.00         0.00         0.00         0.00         0.00         0.00         0.00         0.00         0.00         0.00         0.00        20.61         38.27       871.38       158.49     1,029.87        21.61     1,008.26
7005          0.00         0.00         0.00         0.00         0.00         0.00         0.00         0.00         0.00         0.00         0.00         0.00          0.00         0.00         0.00         0.00         0.00         0.00
7259          1.00         0.00         0.00         0.00         0.00         0.00         0.00         0.00         0.00         0.00         0.00        22.71         38.27       871.38       158.49     1,029.87        23.71     1,006.16
7312          1.00         0.00         0.00         0.00         0.00         0.00         0.00         0.00         0.00         0.00         0.00        22.79         38.27       871.38       202.99     1,074.37        23.79     1,050.58
7338          1.00         0.00         0.00         0.00         0.00         0.00         0.00         0.00         0.00         0.00         0.00        22.55         38.27       871.38       158.49     1,029.87        23.55     1,006.32
7600          1.00         0.00         0.00         0.00         0.00         0.00         0.00         0.00         0.00        64.44         0.00        21.82          0.00     1,661.38       120.22     1,781.60        87.26     1,694.34
5677          1.00         0.00         0.00         0.00         0.00         0.00         0.00         0.00         0.00         0.00         0.00        27.58          7.69     1,137.24       170.44     1,307.68        28.58     1,279.10
6210          1.00         0.00         0.00         0.00         0.00         0.00         0.00         0.00         0.00         0.00         0.00        25.30         34.00       938.07       197.73     1,135.80        26.30     1,109.50
0849          1.00         0.00         0.00         0.00         0.00         0.00         0.00         0.00         0.00         0.00         0.00        25.95         38.06       976.11       207.56     1,183.67        26.95     1,156.72
7536          1.00         0.00         0.00         0.00         0.00         0.00         0.00         0.00         0.00         0.00         0.00        23.35         38.91       861.38       159.13     1,020.51        24.35       996.16
7430          1.00         0.00         0.00         0.00         0.00         0.00         0.00         0.00         0.00       166.80         0.00        40.87          0.00     2,053.46       463.42     2,516.88       208.67     2,308.21
5181          1.00         0.00         0.00         0.00         0.00         0.00         0.00         0.00         0.00         0.00         0.00        22.74         25.45     1,071.63       179.04     1,250.67        23.74     1,226.93
7655          1.00         0.00         0.00         0.00         0.00         0.00         0.00       373.80         0.00         0.00         0.00        11.13         54.76       766.66       175.15       941.81       385.93       555.88
7057          1.00         0.00         0.00         0.00         0.00         0.00         0.00         0.00         0.00         0.00         0.00        23.63         38.91       861.38       159.13     1,020.51        24.63       995.88
5558          1.00         0.00         0.00         0.00         0.00         0.00         0.00         0.00         0.00         0.00         0.00        23.56         37.48       883.63       179.95     1,063.58        24.56     1,039.02
4746          1.00         0.00         0.00         0.00         0.00       289.23       175.60         0.00         0.00         0.00         0.00        26.83         32.96     1,117.03       177.18     1,294.21       492.66       801.55
7643          1.00         0.00         0.00         0.00         0.00         0.00         0.00         0.00         0.00         0.00         0.00        20.64         34.99       922.57       216.39     1,138.96        21.64     1,117.32
7573          1.00         0.00         0.00         0.00         0.00         0.00         0.00         0.00         0.00         0.00         0.00        25.81         38.91       861.38       159.13     1,020.51        26.81       993.70
7663          1.00         0.00         0.00         0.00         0.00         0.00         0.00         0.00         0.00         0.00         0.00        10.66         31.62       395.05       124.20       519.25        11.66       507.59
7407          1.00         0.00         0.00         0.00         0.00         0.00         0.00         0.00         0.00         0.00         0.00        26.34         24.74     1,082.75       300.71     1,383.46        27.34     1,356.12
1424          1.00         0.00       200.00         0.00         0.00       457.22         0.00         0.00         0.00       319.52         0.00        80.82          0.00     2,890.24       619.86     3,510.10     1,058.56     2,451.54
5280          1.00         0.00         0.00       316.08         0.00       439.54         0.00         0.00         0.00       150.40         0.00        48.39          0.00     1,920.48       289.67     2,210.15       955.41     1,254.74
6461          1.00         0.00         0.00         0.00         0.00         0.00         0.00         0.00         0.00        14.07         0.00        28.51          0.00     1,273.29       318.33     1,591.62        43.58     1,548.04
6765          1.00         0.00         0.00         0.00         0.00         0.00         0.00         0.00         0.00       131.80         0.00        37.52          0.00     1,731.87       187.49     1,919.36       170.32     1,749.04
7012          1.00         0.00         0.00         0.00         0.00         0.00         0.00         0.00         0.00         0.00         0.00        23.99         38.27       871.38       158.49     1,029.87        24.99     1,004.88
5000          1.00         0.00         0.00         0.00         0.00         0.00         0.00         0.00         0.00         0.00         0.00        27.47          7.56     1,202.48       241.95     1,444.43        28.47     1,415.96
7586          1.00         0.00         0.00         0.00         0.00         0.00         0.00         0.00         0.00        64.18         0.00        24.20          0.00     1,671.38       120.22     1,791.60        89.38     1,702.22
7649          1.00         0.00         0.00         0.00         0.00         0.00         0.00         0.00         0.00         0.00         0.00        20.38         38.91       861.38       159.13     1,020.51        21.38       999.13
5644          1.00         0.00         0.00         0.00         0.00       331.25         0.00         0.00         0.00         0.74         0.00        28.72          0.00     1,237.70       268.51     1,506.21       361.71     1,144.50
7519          1.00         0.00         0.00         0.00         0.00         0.00         0.00         0.00         0.00         0.00         0.00        25.17         38.27       871.38       158.49     1,029.87        26.17     1,003.70
6638          1.00         0.00         0.00         0.00         0.00         0.00         0.00         0.00         0.00         0.00         0.00        13.32         37.80       520.82       109.93       630.75        14.32       616.43
6690          1.00         0.00         0.00         0.00         0.00         0.00       124.60         0.00         0.00         0.00         0.00        21.29         45.67       787.95       164.09       952.04       146.89       805.15

















































EJECUTIVOS EN SERVICIOS DE ALIMENTOS, S.A. DE C.V.                                                                      Pagina: 0002
R.F.C.:                                                                                                                    5/NOV/19
REPORTE DE SUELDOS SEMANALES DEDUCCIONES


 
Codigo Desc Vales   Desc Zapatos Otras Deducc Desc Fonacot Pension Alim Desc Infonav Faltas       Inca Enferme Inca Riesgo  ISPT         Ajus ISPT    IMSS          Sub P/Empleo Tot Per Grav Tot Per Exce Total Percep Total Deducc Neto Pagado
..........................................................................................................................................................................................................................................
7168          1.00         0.00         0.00         0.00         0.00         0.00       104.13         0.00         0.00         0.00         0.00        21.54         51.61       780.28       196.58       976.86       126.67       850.19
6958          1.00         0.00         0.00         0.00         0.00         0.00       124.60         0.00         0.00         0.00         0.00        23.60         34.64     1,074.54       175.31     1,249.85       149.20     1,100.65
4314          1.00         0.00         0.00         0.00         0.00         0.00         0.00         0.00         0.00       133.77         0.00        42.89          0.00     1,749.87       286.46     2,036.33       177.66     1,858.67
7485          1.00         0.00         0.00         0.00         0.00         0.00         0.00         0.00         0.00         0.00         0.00        25.28         38.27       871.38       202.99     1,074.37        26.28     1,048.09
7632          1.00         0.00         0.00         0.00         0.00         0.00         0.00         0.00         0.00         0.00         0.00        20.80         29.72     1,004.88       227.81     1,232.69        21.80     1,210.89
4287          1.00         0.00       200.00         0.00         0.00         0.00         0.00         0.00         0.00        15.50         0.00        30.87          0.00     1,286.40       155.32     1,441.72       247.37     1,194.35
6427          1.00         0.00         0.00         0.00         0.00         0.00         0.00         0.00         0.00         0.00         0.00        21.92         34.24       934.17       164.50     1,098.67        22.92     1,075.75
6504          1.00         0.00         0.00         0.00         0.00         0.00         0.00         0.00         0.00         0.00         0.00        21.44         38.27       871.38       185.32     1,056.70        22.44     1,034.26
5745          1.00         0.00         0.00         0.00         0.00         0.00         0.00         0.00         0.00         0.00         0.00        20.59         38.27       871.38       202.99     1,074.37        21.59     1,052.78
7617          1.00         0.00         0.00         0.00         0.00         0.00         0.00         0.00         0.00        75.05         0.00        29.42          0.00     1,659.86       220.34     1,880.20       105.47     1,774.73
7604          1.00         0.00         0.00         0.00         0.00         0.00         0.00         0.00         0.00         0.00         0.00        20.56         38.27       871.38       158.49     1,029.87        21.56     1,008.31
7660          1.00         0.00         0.00         0.00         0.00         0.00         0.00         0.00         0.00         0.00         0.00        18.65         38.26       871.38       202.98     1,074.36        19.65     1,054.71
6849          1.00         0.00         0.00         0.00         0.00         0.00         0.00         0.00         0.00         0.00         0.00        24.82         38.27       871.38       202.99     1,074.37        25.82     1,048.55
7061          1.00         0.00         0.00         0.00         0.00         0.00         0.00         0.00         0.00        13.91         0.00        28.89          0.00     1,271.88       220.34     1,492.22        43.80     1,448.42
0881          1.00         0.00         0.00         0.00         0.00         0.00         0.00         0.00         0.00         0.00         0.00        20.04         38.91       861.38       159.13     1,020.51        21.04       999.47
7634          1.00         0.00         0.00         0.00         0.00         0.00         0.00         0.00         0.00         0.00         0.00        35.15         11.46     1,488.26       273.39     1,761.65        36.15     1,725.50
7627          1.00         0.00         0.00         0.00         0.00         0.00         0.00         0.00         0.00         0.00         0.00        23.98         46.03       871.38       210.75     1,082.13        24.98     1,057.15
7633          1.00         0.00         0.00         0.00         0.00         0.00       124.60         0.00         0.00         0.00         0.00        17.72         54.89       799.08       184.43       983.51       143.32       840.19
7650          1.00         0.00         0.00         0.00         0.00         0.00         0.00         0.00         0.00         0.00         0.00        19.80         38.91       861.38       159.13     1,020.51        20.80       999.71
7428          1.00         0.00         0.00         0.00         0.00         0.00         0.00         0.00         0.00         0.00         0.00        22.53         38.27       871.38       158.49     1,029.87        23.53     1,006.34
7661          1.00         0.00         0.00         0.00         0.00         0.00         0.00         0.00         0.00         0.00         0.00        18.65         38.26       871.38       158.48     1,029.86        19.65     1,010.21
2897          1.00         0.00         0.00         0.00         0.00         0.00         0.00         0.00         0.00         0.00         0.00        19.86         38.91       861.38       159.13     1,020.51        20.86       999.65
7558          1.00         0.00         0.00         0.00         0.00         0.00         0.00         0.00         0.00         0.00         0.00        23.47         38.91       861.38       159.13     1,020.51        24.47       996.04
6360          1.00         0.00         0.00         0.00         0.00         0.00         0.00         0.00         0.00         0.00         0.00        20.12         38.90       861.38       185.95     1,047.33        21.12     1,026.21
7614          1.00         0.00         0.00         0.00         0.00         0.00         0.00         0.00         0.00         0.00         0.00        22.54         28.94     1,017.13       149.16     1,166.29        23.54     1,142.75
3318          1.00         0.00         0.00         0.00         0.00       500.52         0.00         0.00         0.00       190.69         0.00        57.96          0.00     2,183.88       313.42     2,497.30       750.17     1,747.13
5139          1.00         0.00         0.00         0.00         0.00       759.20         0.00         0.00         0.00       270.04         0.00        68.92          0.00     2,638.09       359.48     2,997.57     1,099.16     1,898.41
6083          1.00         0.00         0.00         0.00         0.00         0.00         0.00         0.00         0.00         0.00         0.00        25.22         40.75       934.17       215.51     1,149.68        26.22     1,123.46
7616          1.00         0.00         0.00         0.00         0.00         0.00       312.39         0.00         0.00         0.00         0.00        16.44         55.72       717.37       160.50       877.87       329.83       548.04
6766          1.00         0.00         0.00         0.00         0.00         0.00         0.00         0.00         0.00       219.09         0.00        42.02          0.00     2,353.80       292.69     2,646.49       262.11     2,384.38
4137          1.00         0.00         0.00         0.00         0.00         0.00         0.00         0.00         0.00       371.81         0.00        91.50          0.00     3,135.04       482.40     3,617.44       464.31     3,153.13
7657          1.00         0.00         0.00         0.00         0.00         0.00       498.40         0.00         0.00         0.00         0.00        14.92         57.78       658.67        81.82       740.49       514.32       226.17
7542          1.00         0.00         0.00         0.00         0.00         0.00       312.39         0.00         0.00         0.00         0.00        17.22         55.28       717.37       115.56       832.93       330.61       502.32
7656          1.00         0.00         0.00         0.00         0.00       160.86       312.39         0.00         0.00         0.00         0.00        14.22         45.83       717.37       106.11       823.48       488.47       335.01
3780          1.00         0.00         0.00         0.00         0.00         0.00         0.00         0.00         0.00       392.95         0.00        34.90          0.00     3,215.66       700.33     3,915.99       428.85     3,487.14
6205          1.00         0.00         0.00         0.00         0.00         0.00         0.00         0.00         0.00         0.00         0.00        24.77         38.27       871.38       158.49     1,029.87        25.77     1,004.10
5027          1.00         0.00         0.00         0.00         0.00         0.00         0.00         0.00         0.00         0.00         0.00        30.31          9.62     1,183.55       173.25     1,356.80        31.31     1,325.49
7245          1.00         0.00         0.00         0.00         0.00         0.00       104.13         0.00         0.00         0.00         0.00        17.97         54.73       780.28       155.20       935.48       123.10       812.38
6839          1.00         0.00         0.00         0.00         0.00         0.00         0.00         0.00         0.00         0.00         0.00        21.44         35.42       915.88       226.97     1,142.85        22.44     1,120.41
5646          1.00         0.00         0.00         0.00         0.00         0.00         0.00         0.00         0.00         0.00         0.00        22.71         38.26       871.38       158.48     1,029.86        23.71     1,006.15
6978          1.00         0.00         0.00         0.00         0.00         0.00         0.00         0.00         0.00         0.00         0.00        23.45         38.27       871.38       185.32     1,056.70        24.45     1,032.25
6658          1.00         0.00         0.00         0.00         0.00       462.28         0.00         0.00         0.00         0.00         0.00        29.63          8.61     1,128.70       170.00     1,298.70       492.91       805.79
4458          1.00         0.00         0.00         0.00         0.00         0.00         0.00         0.00         0.00       122.65         0.00        40.94          0.00     1,647.76       246.04     1,893.80       164.59     1,729.21

















































EJECUTIVOS EN SERVICIOS DE ALIMENTOS, S.A. DE C.V.                                                                      Pagina: 0003
R.F.C.:                                                                                                                    5/NOV/19
REPORTE DE SUELDOS SEMANALES DEDUCCIONES


 
Codigo Desc Vales   Desc Zapatos Otras Deducc Desc Fonacot Pension Alim Desc Infonav Faltas       Inca Enferme Inca Riesgo  ISPT         Ajus ISPT    IMSS          Sub P/Empleo Tot Per Grav Tot Per Exce Total Percep Total Deducc Neto Pagado
..........................................................................................................................................................................................................................................
7619          1.00         0.00         0.00         0.00         0.00         0.00       124.60         0.00         0.00         0.00         0.00        19.96         54.89       799.08       184.43       983.51       145.56       837.95
7647          1.00         0.00         0.00         0.00         0.00         0.00         0.00         0.00         0.00         0.00         0.00        20.05         33.99       938.13       187.58     1,125.71        21.05     1,104.66
6791          1.00         0.00         0.00         0.00         0.00         0.00         0.00         0.00         0.00         0.00         0.00        20.21         32.82       956.42       229.83     1,186.25        21.21     1,165.04
7574          0.00         0.00         0.00         0.00         0.00         0.00         0.00         0.00         0.00         0.00         0.00         0.00          0.00         0.00         0.00         0.00         0.00         0.00
5679          1.00         0.00         0.00         0.00         0.00         0.00         0.00         0.00         0.00         1.38         0.00        31.16          0.00     1,220.68       234.39     1,455.07        33.54     1,421.53
7601          1.00         0.00         0.00         0.00         0.00         0.00       124.60         0.00         0.00         0.00         0.00        20.20         55.75       787.95       174.17       962.12       145.80       816.32
7530          1.00         0.00         0.00         0.00         0.00         0.00         0.00         0.00         0.00         0.00         0.00        22.98         32.86       955.94       247.64     1,203.58        23.98     1,179.60
6028          1.00         0.00         0.00         0.00         0.00       399.30         0.00         0.00         0.00        21.82         0.00        27.96          0.00     1,344.47       289.86     1,634.33       450.08     1,184.25
6565          1.00         0.00         0.00         0.00         0.00         0.00         0.00         0.00         0.00         0.00         0.00        24.50         38.27       871.38       158.49     1,029.87        25.50     1,004.37
3218          1.00         0.00         0.00         0.00         0.00         0.00         0.00         0.00         0.00         0.00         0.00        25.27         34.24       934.17       209.00     1,143.17        26.27     1,116.90
3676          1.00         0.00         0.00         0.00         0.00         0.00         0.00         0.00         0.00        54.39         0.00        33.81          0.00     1,470.01       328.59     1,798.60        89.20     1,709.40
7269          1.00         0.00         0.00         0.00         0.00         0.00         0.00         0.00         0.00         0.00         0.00        21.42         38.27       871.38       185.32     1,056.70        22.42     1,034.28
2522          1.00         0.00         0.00         0.00         0.00         0.00         0.00         0.00         0.00         0.00         0.00        23.94         24.03     1,093.88       311.12     1,405.00        24.94     1,380.06
7555          1.00         0.00         0.00         0.00         0.00         0.00         0.00         0.00         0.00         0.00         0.00        22.29         38.91       861.38       159.13     1,020.51        23.29       997.22
5506          1.00         0.00         0.00         0.00         0.00       224.80         0.00         0.00         0.00         1.73         0.00        26.58          0.00     1,226.50       335.72     1,562.22       254.11     1,308.11
0236          1.00         0.00         0.00         0.00         0.00       523.01         0.00         0.00         0.00       212.85         0.00        52.95          0.00     2,320.01       571.57     2,891.58       789.81     2,101.77
7080          1.00         0.00         0.00         0.00         0.00         0.00         0.00         0.00         0.00        17.60         0.00        36.48          0.00     1,305.66       189.70     1,495.36        55.08     1,440.28
5965          1.00         0.00         0.00         0.00         0.00         0.00         0.00         0.00         0.00         0.00         0.00        27.75         15.48     1,129.61       177.01     1,306.62        28.75     1,277.87
5447          1.00         0.00         0.00         0.00         0.00         0.00       124.60         0.00         0.00         0.00         0.00        20.13         51.40       765.70       147.57       913.27       145.73       767.54
6685          1.00         0.00         0.00         0.00         0.00         0.00         0.00         0.00         0.00         0.00         0.00        23.95         36.85       893.63       179.32     1,072.95        24.95     1,048.00
5549          1.00         0.00         0.00         0.00         0.00         0.00         0.00         0.00         0.00         0.00         0.00        23.21         38.27       871.38       202.99     1,074.37        24.21     1,050.16
6349          1.00         0.00         0.00         0.00         0.00         0.00         0.00         0.00         0.00         0.00         0.00        21.44         38.27       871.38       185.32     1,056.70        22.44     1,034.26
7484          1.00         0.00         0.00         0.00         0.00         0.00       104.13         0.00         0.00         0.00         0.00        21.74         44.81       780.28       145.28       925.56       126.87       798.69
0854          1.00         0.00         0.00         0.00         0.00       326.19         0.00         0.00         0.00        46.85         0.00        35.56          0.00     1,487.60       220.41     1,708.01       409.60     1,298.41
7295          1.00         0.00         0.00         0.00         0.00         0.00         0.00         0.00         0.00         0.00         0.00        25.84         38.27       871.38       158.49     1,029.87        26.84     1,003.03
6832          1.00         0.00         0.00         0.00         0.00         0.00         0.00         0.00         0.00         0.00         0.00        25.33         31.86       971.51       296.70     1,268.21        26.33     1,241.88
4807          1.00         0.00         0.00         0.00         0.00         0.00         0.00         0.00         0.00       510.36         0.00       112.83          0.00     3,783.66       564.20     4,347.86       624.19     3,723.67
7610          1.00         0.00         0.00         0.00         0.00         0.00         0.00         0.00         0.00         0.00         0.00        22.24         38.27       871.38       158.49     1,029.87        23.24     1,006.63
6821          1.00         0.00         0.00         0.00         0.00         0.00       163.22         0.00         0.00         0.00         0.00        23.76         46.94     1,054.63       219.89     1,274.52       187.98     1,086.54
3169          1.00         0.00         0.00         0.00         0.00         0.00         0.00         0.00         0.00         0.00         0.00        22.84         38.27       871.38       185.32     1,056.70        23.84     1,032.86
6944          1.00         0.00         0.00         0.00         0.00         0.00       272.82         0.00         0.00         0.00         0.00        23.58         64.07       985.48       172.06     1,157.54       297.40       860.14
5902          0.00         0.00         0.00         0.00         0.00         0.00         0.00         0.00         0.00         0.00         0.00         0.00          0.00         0.00         0.00         0.00         0.00         0.00
4514          1.00         0.00         0.00         0.00         0.00       333.25         0.00         0.00         0.00         0.00         0.00        31.50          1.11     1,220.68       177.21     1,397.89       365.75     1,032.14
7104          1.00         0.00         0.00         0.00         0.00         0.00         0.00         0.00         0.00         0.00         0.00        18.65         44.47       861.38       164.69     1,026.07        19.65     1,006.42
6014          1.00         0.00         0.00         0.00         0.00         0.00         0.00         0.00         0.00         0.00         0.00        26.82          2.18     1,187.91       258.05     1,445.96        27.82     1,418.14
7551          1.00         0.00         0.00         0.00         0.00         0.00         0.00         0.00         0.00         0.00         0.00        24.90         38.27       871.38       158.49     1,029.87        25.90     1,003.97
7645          1.00         0.00         0.00         0.00         0.00         0.00         0.00         0.00         0.00         0.00         0.00        20.61         38.27       871.38       202.99     1,074.37        21.61     1,052.76
6985          1.00         0.00         0.00         0.00         0.00         0.00         0.00         0.00         0.00       307.78         0.00        67.20          0.00     2,838.06       507.78     3,345.84       375.98     2,969.86
3827          1.00         0.00         0.00         0.00         0.00         0.00         0.00         0.00         0.00         0.00         0.00        26.89         32.11       967.55       240.24     1,207.79        27.89     1,179.90
5412          1.00         0.00         0.00         0.00         0.00         0.00         0.00         0.00         0.00         0.00         0.00        19.90         38.91       861.38       185.96     1,047.34        20.90     1,026.44
4504          1.00         0.00         0.00         0.00         0.00         0.00         0.00         0.00         0.00       193.63         0.00        58.75          0.00     2,199.89       531.58     2,731.47       253.38     2,478.09
7395          1.00         0.00         0.00         0.00         0.00         0.00         0.00         0.00         0.00         0.00         0.00        24.79         38.27       871.38       158.49     1,029.87        25.79     1,004.08
0214          1.00         0.00         0.00         0.00         0.00         0.00         0.00         0.00         0.00       510.36         0.00       111.04          0.00     3,783.66       564.20     4,347.86       622.40     3,725.46

















































EJECUTIVOS EN SERVICIOS DE ALIMENTOS, S.A. DE C.V.                                                                      Pagina: 0004
R.F.C.:                                                                                                                    5/NOV/19
REPORTE DE SUELDOS SEMANALES DEDUCCIONES


 
Codigo Desc Vales   Desc Zapatos Otras Deducc Desc Fonacot Pension Alim Desc Infonav Faltas       Inca Enferme Inca Riesgo  ISPT         Ajus ISPT    IMSS          Sub P/Empleo Tot Per Grav Tot Per Exce Total Percep Total Deducc Neto Pagado
..........................................................................................................................................................................................................................................
7376          1.00         0.00         0.00         0.00         0.00         0.00         0.00         0.00         0.00         0.00         0.00        25.49         38.27       871.38       158.49     1,029.87        26.49     1,003.38
7212          1.00         0.00         0.00         0.00         0.00       357.68         0.00         0.00         0.00         0.00         0.00        21.92         51.53       871.38       171.75     1,043.13       380.60       662.53
6321          1.00         0.00         0.00         0.00         0.00         0.00         0.00         0.00         0.00         0.00         0.00        21.68         34.24       934.17       193.57     1,127.74        22.68     1,105.06
5232          1.00         0.00         0.00         0.00         0.00         0.00         0.00         0.00         0.00         0.00         0.00        29.21         28.75     1,024.17       159.01     1,183.18        30.21     1,152.97
4958          1.00         0.00         0.00         0.00         0.00         0.00         0.00         0.00         0.00         0.00         0.00        29.86         38.27       871.38       158.49     1,029.87        30.86       999.01
7620          1.00         0.00         0.00         0.00         0.00         0.00         0.00         0.00         0.00         0.00         0.00        23.60         44.72       871.38       164.94     1,036.32        24.60     1,011.72
3979          1.00         0.00         0.00         0.00         0.00         0.00         0.00         0.00         0.00       420.97         0.00        99.63          0.00     3,365.20       519.23     3,884.43       521.60     3,362.83
0442          1.00         0.00         0.00         0.00         0.00         0.00         0.00         0.00         0.00        29.70         0.00        39.77          0.00     1,416.92       242.33     1,659.25        70.47     1,588.78
7330          0.00         0.00         0.00         0.00         0.00         0.00         0.00         0.00         0.00         0.00         0.00         0.00          0.00         0.00         0.00         0.00         0.00         0.00
7243          1.00         0.00         0.00         0.00         0.00         0.00         0.00         0.00         0.00         0.00         0.00        22.43         38.91       861.38       159.13     1,020.51        23.43       997.08
7397          1.00         0.00         0.00         0.00         0.00         0.00       104.13         0.00         0.00         0.00         0.00        20.76         44.81       780.28       189.78       970.06       125.89       844.17
7421          1.00         0.00         0.00         0.00         0.00         0.00         0.00         0.00         0.00         0.00         0.00        24.20         36.85       893.63       179.32     1,072.95        25.20     1,047.75
7595          1.00         0.00         0.00         0.00         0.00         0.00         0.00         0.00         0.00        72.38         0.00        22.56          0.00     1,693.63       142.47     1,836.10        95.94     1,740.16
7298          1.00         0.00         0.00         0.00         0.00         0.00         0.00         0.00         0.00        46.00         0.00        36.29          0.00     1,479.76       219.16     1,698.92        83.29     1,615.63
5396          1.00         0.00         0.00         0.00         0.00         0.00         0.00         0.00         0.00         0.00         0.00        26.91         38.27       871.38       202.99     1,074.37        27.91     1,046.46
5704          1.00         0.00         0.00         0.00         0.00         0.00         0.00         0.00         0.00        22.76         0.00        34.39          0.00     1,353.12       260.00     1,613.12        58.15     1,554.97
7503          1.00         0.00         0.00         0.00         0.00         0.00         0.00       104.13         0.00         0.00         0.00        17.71         48.27       780.28       193.24       973.52       122.84       850.68
7190          1.00         0.00         0.00         0.00         0.00         0.00         0.00         0.00         0.00         0.00         0.00        22.09         38.27       871.38       158.49     1,029.87        23.09     1,006.78
7642          1.00         0.00         0.00         0.00         0.00         0.00       104.13         0.00         0.00         0.00         0.00        19.47         58.83       780.28       159.30       939.58       124.60       814.98
7588          1.00         0.00         0.00         0.00         0.00         0.00         0.00         0.00         0.00        69.96         0.00        22.53          0.00     1,671.38       120.22     1,791.60        93.49     1,698.11
5588          1.00         0.00         0.00         0.00         0.00         0.00         0.00         0.00         0.00         0.00         0.00        22.62         36.13       904.76       189.72     1,094.48        23.62     1,070.86
6203          1.00         0.00         0.00         0.00         0.00         0.00       104.13         0.00         0.00         0.00         0.00        20.96         44.81       780.28       189.78       970.06       126.09       843.97
6582          1.00         0.00         0.00         0.00         0.00         0.00         0.00         0.00         0.00         0.00         0.00        21.84         38.91       861.38       159.13     1,020.51        22.84       997.67
7226          1.00         0.00         0.00         0.00         0.00         0.00         0.00         0.00         0.00         0.00         0.00        22.59         51.53       871.38       171.75     1,043.13        23.59     1,019.54
7664          1.00         0.00         0.00         0.00         0.00         0.00         0.00         0.00         0.00         0.00         0.00        13.32         29.89       582.35       110.26       692.61        14.32       678.29
7613          1.00         0.00         0.00         0.00         0.00         0.00         0.00         0.00         0.00         0.00         0.00        21.92         38.91       861.38       159.13     1,020.51        22.92       997.59
3326          1.00         0.00         0.00         0.00         0.00         0.00         0.00         0.00         0.00        47.13         0.00        34.54          0.00     1,490.18       271.90     1,762.08        82.67     1,679.41
3960          1.00         0.00       100.00         0.00         0.00       283.45         0.00         0.00         0.00        35.54         0.00        30.90          0.00     1,470.66       309.54     1,780.20       450.89     1,329.31
2233          0.00         0.00         0.00         0.00         0.00         0.00         0.00         0.00         0.00         0.00         0.00         0.00          0.00         0.00         0.00         0.00         0.00         0.00
7584          1.00         0.00         0.00         0.00         0.00         0.00       373.80         0.00         0.00         0.00         0.00        15.40         58.25       694.35       106.33       800.68       390.20       410.48
0449          1.00         0.00       300.00         0.00         0.00       389.82         0.00         0.00         0.00        42.73         0.00        33.49          0.00     1,449.73       210.67     1,660.40       767.04       893.36
6934          1.00         0.00         0.00         0.00         0.00         0.00         0.00         0.00         0.00       342.85         0.00        84.39          0.00     2,999.45       460.71     3,460.16       428.24     3,031.92
7137          1.00         0.00         0.00         0.00         0.00         0.00         0.00         0.00         0.00        46.08         0.00        36.99          0.00     1,556.62       238.83     1,795.45        84.07     1,711.38
6682          1.00         0.00         0.00         0.00         0.00         0.00       124.60         0.00         0.00         0.00         0.00        17.95         50.20       765.70       146.37       912.07       143.55       768.52
1269          1.00         0.00         0.00         0.00         0.00         0.00         0.00         0.00         0.00         0.00         0.00        23.96         38.91       861.38       159.13     1,020.51        24.96       995.55
6006          1.00         0.00         0.00         0.00         0.00         0.00         0.00         0.00         0.00         0.00         0.00        23.92         35.42       915.88       200.14     1,116.02        24.92     1,091.10
6918          1.00         0.00         0.00         0.00         0.00         0.00         0.00         0.00         0.00         0.00         0.00        22.83         38.27       871.38       158.49     1,029.87        23.83     1,006.04
1419          1.00         0.00         0.00         0.00         0.00       268.68         0.00         0.00         0.00        27.05         0.00        32.96          0.00     1,305.66       189.70     1,495.36       329.69     1,165.67
7545          1.00        48.00         0.00         0.00         0.00         0.00         0.00         0.00         0.00        17.60         0.00        35.28          0.00     1,305.66       189.70     1,495.36       101.88     1,393.48
7653          1.00         0.00         0.00         0.00         0.00         0.00       136.41         0.00         0.00         0.00         0.00        24.72         34.07     1,068.54       175.58     1,244.12       162.13     1,081.99
5905          1.00         0.00         0.00         0.00         0.00         0.00         0.00         0.00         0.00        17.60         0.00        36.56          0.00     1,305.66       189.70     1,495.36        55.16     1,440.20
7638          1.00         0.00         0.00         0.00         0.00         0.00         0.00         0.00         0.00         0.00         0.00        19.83         38.91       861.38       159.13     1,020.51        20.83       999.68
7462          1.00        48.00         0.00         0.00         0.00         0.00       208.26         0.00         0.00         0.00         0.00        18.08         55.73       748.83       136.10       884.93       275.34       609.59

















































EJECUTIVOS EN SERVICIOS DE ALIMENTOS, S.A. DE C.V.                                                                      Pagina: 0005
R.F.C.:                                                                                                                    5/NOV/19
REPORTE DE SUELDOS SEMANALES DEDUCCIONES


 
Codigo Desc Vales   Desc Zapatos Otras Deducc Desc Fonacot Pension Alim Desc Infonav Faltas       Inca Enferme Inca Riesgo  ISPT         Ajus ISPT    IMSS          Sub P/Empleo Tot Per Grav Tot Per Exce Total Percep Total Deducc Neto Pagado
..........................................................................................................................................................................................................................................
3525          1.00         0.00         0.00         0.00         0.00         0.00         0.00         0.00         0.00         0.00         0.00        27.01         12.75     1,090.76       168.07     1,258.83        28.01     1,230.82
7626          1.00         0.00         0.00         0.00         0.00       219.33         0.00         0.00         0.00         0.00         0.00        21.23         38.27       871.38       158.49     1,029.87       241.56       788.31
2451          1.00         0.00         0.00         0.00         0.00         0.00         0.00         0.00         0.00         0.00         0.00        22.95         36.13       904.76       234.22     1,138.98        23.95     1,115.03
6885          1.00         0.00         0.00         0.00         0.00         0.00         0.00         0.00         0.00         0.00         0.00        23.53         38.27       871.38       158.49     1,029.87        24.53     1,005.34
7231          1.00         0.00         0.00         0.00         0.00         0.00         0.00         0.00         0.00         0.00         0.00        13.32         29.89       582.35       110.26       692.61        14.32       678.29
4775          1.00         0.00         0.00         0.00         0.00         0.00         0.00         0.00         0.00         0.00         0.00        22.18         36.13       904.76       216.55     1,121.31        23.18     1,098.13
7528          1.00        48.00         0.00         0.00         0.00         0.00         0.00         0.00         0.00         0.00         0.00        24.64         38.27       871.38       202.99     1,074.37        73.64     1,000.73
7658          1.00         0.00         0.00         0.00         0.00         0.00       416.52         0.00         0.00         0.00         0.00        10.80         44.26       685.91        84.44       770.35       428.32       342.03
5671          1.00         0.00         0.00         0.00         0.00         0.00         0.00         0.00         0.00       148.28         0.00        47.43          0.00     1,883.24       283.71     2,166.95       196.71     1,970.24
4832          1.00         0.00         0.00         0.00         0.00         0.00         0.00         0.00         0.00         0.00         0.00        23.97         38.27       871.38       158.49     1,029.87        24.97     1,004.90
7637          1.00         0.00         0.00         0.00         0.00         0.00         0.00         0.00         0.00         0.00         0.00        20.80         38.91       861.38       159.13     1,020.51        21.80       998.71
6567          1.00         0.00         0.00         0.00         0.00         0.00         0.00         0.00         0.00         0.00         0.00        20.24         38.27       871.38       158.49     1,029.87        21.24     1,008.63
3321          1.00         0.00         0.00         0.00         0.00         0.00         0.00         0.00         0.00       171.11         0.00        51.64          0.00     2,059.15       299.67     2,358.82       223.75     2,135.07
2112          1.00         0.00         0.00         0.00         0.00         0.00         0.00         0.00         0.00         0.00         0.00        22.68         38.27       871.38       158.49     1,029.87        23.68     1,006.19
0624          1.00         0.00         0.00         0.00         0.00         0.00         0.00         0.00         0.00       157.47         0.00        50.31          0.00     1,973.89       342.49     2,316.38       208.78     2,107.60
6877          1.00         0.00         0.00       141.34         0.00         0.00         0.00         0.00         0.00         0.00         0.00        26.16         10.00     1,105.86       130.22     1,236.08       168.50     1,067.58
4385          1.00         0.00         0.00         0.00         0.00         0.00         0.00         0.00         0.00         3.74         0.00        28.80          0.00     1,178.33       169.33     1,347.66        33.54     1,314.12
7378          1.00         0.00         0.00         0.00         0.00         0.00         0.00         0.00         0.00         0.00         0.00        20.43         38.91       861.38       185.96     1,047.34        21.43     1,025.91
0366          1.00         0.00         0.00         0.00         0.00         0.00         0.00         0.00         0.00       343.09         0.00        85.23          0.00     3,000.58       462.49     3,463.07       429.32     3,033.75
6206          1.00         0.00         0.00         0.00         0.00         0.00         0.00         0.00         0.00         0.00         0.00        27.45         12.31     1,158.76       202.98     1,361.74        28.45     1,333.29
7618          1.00         0.00         0.00         0.00         0.00         0.00         0.00       249.20         0.00         0.00         0.00        15.81         58.20       730.02        82.24       812.26       266.01       546.25
 
*** GLO     188.00       144.00       800.00       457.42         0.00     7,278.16     4,887.44       727.13         0.00     7,166.73         0.00     5,397.91      5,097.38   221,383.00                261,394.88    27,046.79   234,348.09
  




































































