EJECUTIVOS EN SERVICIOS DE ALIMENTOS, S.A. DE C.V.                                                                      Pagina: 0001
R.F.C.:                                                                                                                    5/NOV/19
REPORTE DE SUELDOS SEMANALES DEDUCCIONES


 
Codigo Desc Vales   Desc Zapatos Otras Deducc Desc Fonacot Pension Alim Desc Infonav Faltas       Inca Enferme Inca Riesgo  ISPT         Ajus ISPT    IMSS          Sub P/Empleo Tot Per Grav Tot Per Exce Total Percep Total Deducc Neto Pagado
..........................................................................................................................................................................................................................................
7505          1.00         0.00         0.00         0.00         0.00         0.00         0.00         0.00         0.00         0.00         0.00        20.63         38.26       871.38       158.48     1,029.86        21.63     1,008.23
7335          1.00         0.00       250.00         0.00         0.00         0.00         0.00         0.00         0.00         0.00         0.00        18.65          9.64     1,111.38       129.86     1,241.24       269.65       971.59
6600          1.00         0.00         0.00         0.00         0.00         0.00         0.00         0.00         0.00         0.00         0.00        21.60         34.63       928.13       221.60     1,149.73        22.60     1,127.13
7515          1.00         0.00         0.00         0.00         0.00         0.00         0.00         0.00         0.00         0.00         0.00        20.53         33.99       938.13       187.58     1,125.71        21.53     1,104.18
5933          1.00         0.00         0.00         0.00         0.00         0.00         0.00         0.00         0.00         0.00         0.00        20.45         36.12       904.76       189.71     1,094.47        21.45     1,073.02
7170          1.00         0.00         0.00         0.00         0.00         0.00         0.00         0.00         0.00         0.00         0.00        24.38         18.94     1,071.63       172.53     1,244.16        25.38     1,218.78
5618          1.00         0.00         0.00         0.00         0.00         0.00         0.00         0.00         0.00         0.00         0.00        18.65         38.90       861.38       159.12     1,020.50        19.65     1,000.85
3890          1.00         0.00         0.00         0.00         0.00         0.00         0.00         0.00         0.00       166.09         0.00        52.69          0.00     2,027.79       306.84     2,334.63       219.78     2,114.85
7526          1.00         0.00         0.00         0.00         0.00         0.00         0.00         0.00         0.00         0.00         0.00        24.36         36.12       904.76       189.71     1,094.47        25.36     1,069.11
3652          1.00         0.00         0.00         0.00         0.00       383.82         0.00         0.00         0.00       154.78         0.00        53.96          0.00     1,943.04       356.32     2,299.36       593.56     1,705.80
2530          1.00         0.00         0.00         0.00         0.00       169.29         0.00         0.00         0.00         0.00         0.00        19.82         38.90       861.38       159.12     1,020.50       190.11       830.39
1123          1.00         0.00         0.00         0.00         0.00         0.00         0.00         0.00         0.00        11.18         0.00        30.37          0.00     1,246.79       341.25     1,588.04        42.55     1,545.49
7593          1.00         0.00         0.00         0.00         0.00         0.00         0.00         0.00         0.00         0.00         0.00         7.99         24.04       291.17        64.22       355.39         8.99       346.40
7580          1.00         0.00         0.00         0.00         0.00         0.00       124.60         0.00         0.00         0.00         0.00        16.69         50.19       765.70       146.36       912.06       142.29       769.77
7458          1.00         0.00         0.00         0.00         0.00         0.00         0.00         0.00         0.00         0.00         0.00        23.16         29.72     1,004.88       183.31     1,188.19        24.16     1,164.03
6104          1.00         0.00         0.00         0.00         0.00         0.00         0.00         0.00         0.00         0.00         0.00        27.98         33.99       938.13       187.58     1,125.71        28.98     1,096.73
7005          1.00         0.00         0.00         0.00         0.00         0.00         0.00         0.00         0.00         0.00         0.00        22.71         33.27       949.25       197.99     1,147.24        23.71     1,123.53
7259          1.00        48.00         0.00         0.00         0.00         0.00         0.00         0.00         0.00         0.00         0.00        21.08         36.12       904.76       189.71     1,094.47        70.08     1,024.39
7276          1.00         0.00         0.00         0.00         0.00         0.00         0.00         0.00         0.00        11.95         0.00        25.65          0.00     1,253.82       241.45     1,495.27        38.60     1,456.67
7312          1.00         0.00         0.00         0.00         0.00         0.00         0.00         0.00         0.00         0.00         0.00        21.10         38.26       871.38       202.98     1,074.36        22.10     1,052.26
7338          1.00         0.00         0.00         0.00         0.00         0.00         0.00         0.00         0.00         0.00         0.00        22.73         38.26       871.38       158.48     1,029.86        23.73     1,006.13
7581          1.00         0.00         0.00         0.00         0.00         0.00         0.00         0.00         0.00         0.00         0.00        18.65         38.26       871.38       158.48     1,029.86        19.65     1,010.21
5677          1.00         0.00         0.00         0.00         0.00         0.00         0.00         0.00         0.00        16.70         0.00        28.76          0.00     1,297.55       279.34     1,576.89        46.46     1,530.43
6210          1.00         0.00       150.00         0.00         0.00         0.00         0.00         0.00         0.00         0.00         0.00        25.40         34.34       932.57       215.74     1,148.31       176.40       971.91
0849          1.00         0.00         0.00         0.00         0.00         0.00         0.00         0.00         0.00         0.00         0.00        25.48         19.62     1,061.11       158.19     1,219.30        26.48     1,192.82
7536          1.00         0.00         0.00         0.00         0.00         0.00         0.00         0.00         0.00         0.00         0.00        19.83         37.47       883.63       179.94     1,063.57        20.83     1,042.74
7538          1.00         0.00         0.00         0.00         0.00         0.00       104.13         0.00         0.00         0.00         0.00        18.28         46.44       813.66       180.28       993.94       123.41       870.53
7430          1.00         0.00         0.00         0.00         0.00         0.00         0.00         0.00         0.00        78.06         0.00        49.65          0.00     1,698.44       427.91     2,126.35       128.71     1,997.64
5181          1.00         0.00         0.00         0.00         0.00         0.00         0.00         0.00         0.00         0.00         0.00        21.11         38.26       871.38       158.48     1,029.86        22.11     1,007.75
7057          1.00         0.00         0.00         0.00         0.00         0.00         0.00         0.00         0.00         0.00         0.00        25.05         38.90       861.38       159.12     1,020.50        26.05       994.45
5558          1.00         0.00         0.00         0.00         0.00         0.00         0.00         0.00         0.00         0.00         0.00        23.86         34.63       928.13       221.60     1,149.73        24.86     1,124.87
4746          1.00         0.00         0.00         0.00         0.00       338.00         0.00         0.00         0.00        45.14         0.00        31.06          0.00     1,471.97       321.38     1,793.35       415.20     1,378.15
7573          1.00         0.00         0.00         0.00         0.00         0.00         0.00         0.00         0.00         0.00         0.00        18.65         38.90       861.38       159.12     1,020.50        19.65     1,000.85
7516          1.00         0.00         0.00         0.00         0.00         0.00         0.00         0.00         0.00         0.00         0.00        21.43         37.55       882.51       168.89     1,051.40        22.43     1,028.97
7407          1.00         0.00         0.00         0.00         0.00         0.00         0.00         0.00         0.00         0.00         0.00        24.24         36.12       904.76       189.71     1,094.47        25.24     1,069.23
7589          0.00         0.00         0.00         0.00         0.00         0.00         0.00         0.00         0.00         0.00         0.00         0.00          0.00         0.00         0.00         0.00         0.00         0.00
2107          1.00         0.00         0.00         0.00         0.00       334.63         0.00         0.00         0.00        26.36         0.00        36.92          0.00     1,386.26       262.25     1,648.51       398.91     1,249.60
1424          1.00         0.00         0.00         0.00         0.00       458.35         0.00         0.00         0.00       521.63         0.00        94.69          0.00     3,836.46       724.99     4,561.45     1,075.67     3,485.78
5280          1.00         0.00         0.00       316.08         0.00       433.73         0.00         0.00         0.00       152.32         0.00        51.82          0.00     1,920.48       289.67     2,210.15       954.95     1,255.20
6472          1.00         0.00         0.00         0.00         0.00     1,224.02         0.00         0.00         0.00       572.08         0.00       114.19          0.00     4,072.67       894.24     4,966.91     1,911.29     3,055.62
6461          1.00         0.00       200.00         0.00         0.00         0.00         0.00         0.00         0.00        22.23         0.00        26.26          0.00     1,348.32       404.63     1,752.95       249.49     1,503.46
6765          1.00         0.00         0.00         0.00         0.00         0.00         0.00         0.00         0.00        45.82         0.00        29.83          0.00     1,478.15       211.63     1,689.78        76.65     1,613.13
7012          1.00         0.00         0.00         0.00         0.00         0.00         0.00         0.00         0.00         0.00         0.00        21.57         36.83       893.63       179.30     1,072.93        22.57     1,050.36

















































EJECUTIVOS EN SERVICIOS DE ALIMENTOS, S.A. DE C.V.                                                                      Pagina: 0002
R.F.C.:                                                                                                                    5/NOV/19
REPORTE DE SUELDOS SEMANALES DEDUCCIONES


 
Codigo Desc Vales   Desc Zapatos Otras Deducc Desc Fonacot Pension Alim Desc Infonav Faltas       Inca Enferme Inca Riesgo  ISPT         Ajus ISPT    IMSS          Sub P/Empleo Tot Per Grav Tot Per Exce Total Percep Total Deducc Neto Pagado
..........................................................................................................................................................................................................................................
5000          1.00         0.00         0.00         0.00         0.00         0.00         0.00         0.00         0.00         0.00         0.00        27.47         10.96     1,090.76       166.28     1,257.04        28.47     1,228.57
7586          1.00         0.00         0.00         0.00         0.00         0.00         0.00         0.00         0.00         0.00         0.00        18.65         38.26       871.38       158.48     1,029.86        19.65     1,010.21
7206          1.00         0.00         0.00         0.00         0.00         0.00         0.00         0.00         0.00         0.00         0.00        19.93         38.90       861.38       159.12     1,020.50        20.93       999.57
5644          0.00         0.00         0.00         0.00         0.00         0.00         0.00         0.00         0.00         0.00         0.00         0.00          0.00         0.00         0.00         0.00         0.00         0.00
7519          1.00         0.00         0.00         0.00         0.00         0.00         0.00         0.00         0.00         0.00         0.00        21.85         38.26       871.38       158.48     1,029.86        22.85     1,007.01
7582          1.00         0.00         0.00         0.00         0.00         0.00         0.00         0.00         0.00         0.00         0.00        18.65         38.90       861.38       159.12     1,020.50        19.65     1,000.85
7292          1.00         0.00         0.00         0.00         0.00         0.00         0.00         0.00         0.00         0.00         0.00        20.73         38.90       861.38       159.12     1,020.50        21.73       998.77
6690          1.00         0.00         0.00         0.00         0.00         0.00         0.00         0.00         0.00         0.00         0.00        21.92         34.63       928.13       221.60     1,149.73        22.92     1,126.81
0090          1.00         0.00         0.00         0.00         0.00       489.83         0.00         0.00         0.00        29.75         0.00        34.16          0.00     1,417.46       209.19     1,626.65       554.74     1,071.91
7168          1.00         0.00         0.00         0.00         0.00         0.00       104.13         0.00         0.00         0.00         0.00        19.02         46.44       813.66       180.28       993.94       124.15       869.79
4314          1.00         0.00         0.00         0.00         0.00         0.00         0.00         0.00         0.00       138.71         0.00        51.08          0.00     1,795.38       383.66     2,179.04       190.79     1,988.25
6193          1.00         0.00         0.00         0.00         0.00         0.00         0.00         0.00         0.00         1.51         0.00        26.32          0.00     1,221.92       199.04     1,420.96        28.83     1,392.13
5332          1.00         0.00         0.00         0.00         0.00         0.00         0.00         0.00         0.00         0.00         0.00        19.81         37.47       883.63       179.94     1,063.57        20.81     1,042.76
7485          1.00         0.00         0.00         0.00         0.00         0.00         0.00         0.00         0.00         0.00         0.00        23.11         38.26       871.38       158.48     1,029.86        24.11     1,005.75
4287          1.00         0.00         0.00         0.00         0.00         0.00       163.22         0.00         0.00         0.00         0.00        23.43         35.80       979.83       160.05     1,139.88       187.65       952.23
6427          1.00         0.00         0.00         0.00         0.00         0.00         0.00         0.00         0.00         0.00         0.00        22.15         31.39       978.67       206.15     1,184.82        23.15     1,161.67
6504          1.00         0.00         0.00         0.00         0.00         0.00         0.00         0.00         0.00         0.00         0.00        22.90         38.26       871.38       158.48     1,029.86        23.90     1,005.96
7575          1.00         0.00       250.00         0.00         0.00         0.00         0.00         0.00         0.00         0.00         0.00        18.65          9.64     1,111.38       129.86     1,241.24       269.65       971.59
5745          1.00         0.00         0.00         0.00         0.00         0.00         0.00         0.00         0.00         0.00         0.00        20.28         34.70       927.01       210.54     1,137.55        21.28     1,116.27
6884          1.00         0.00         0.00         0.00         0.00         0.00         0.00         0.00         0.00         0.00         0.00        20.55         38.26       871.38       158.48     1,029.86        21.55     1,008.31
6849          1.00         0.00         0.00         0.00         0.00         0.00         0.00         0.00         0.00         0.00         0.00        29.52         30.36       994.88       295.20     1,290.08        30.52     1,259.56
7061          1.00         0.00         0.00         0.00         0.00         0.00         0.00         0.00         0.00         0.00         0.00        23.32         31.85       971.51       185.44     1,156.95        24.32     1,132.63
0881          1.00         0.00         0.00         0.00         0.00         0.00         0.00         0.00         0.00         0.00         0.00        20.45         38.90       861.38       159.12     1,020.50        21.45       999.05
6334          1.00         0.00       100.00         0.00         0.00         0.00         0.00         0.00         0.00        41.17         0.00        29.31          0.00     1,435.41       257.40     1,692.81       171.48     1,521.33
2413          1.00         0.00         0.00         0.00         0.00       380.72         0.00         0.00         0.00        10.08         0.00        26.27          0.00     1,236.63       227.62     1,464.25       418.07     1,046.18
7428          1.00         0.00         0.00         0.00         0.00         0.00         0.00         0.00         0.00         0.00         0.00        23.16         38.26       871.38       158.48     1,029.86        24.16     1,005.70
7567          1.00         0.00         0.00         0.00         0.00         0.00         0.00         0.00         0.00         0.00         0.00        20.55         37.47       883.63       179.94     1,063.57        21.55     1,042.02
2897          1.00         0.00         0.00         0.00         0.00         0.00         0.00         0.00         0.00         0.00         0.00        20.73         38.90       861.38       159.12     1,020.50        21.73       998.77
7558          1.00        48.00         0.00         0.00         0.00         0.00         0.00         0.00         0.00         0.00         0.00        26.12         36.12       904.76       234.21     1,138.97        75.12     1,063.85
6360          1.00         0.00         0.00         0.00         0.00         0.00       124.60         0.00         0.00         0.00         0.00        18.32         48.97       787.95       167.39       955.34       143.92       811.42
3318          1.00         0.00         0.00         0.00         0.00       501.65         0.00         0.00         0.00       179.01         0.00        54.80          0.00     2,108.56       301.36     2,409.92       736.46     1,673.46
5139          1.00         0.00         0.00         0.00         0.00       760.33         0.00         0.00         0.00       270.04         0.00        69.93          0.00     2,638.09       293.88     2,931.97     1,101.30     1,830.67
6083          1.00         0.00         0.00         0.00         0.00         0.00         0.00         0.00         0.00         0.00         0.00        23.01         29.97     1,000.92       238.10     1,239.02        24.01     1,215.01
6766          1.00         0.00         0.00         0.00         0.00         0.00         0.00         0.00         0.00        17.99         0.00        30.73          0.00     1,309.36       199.04     1,508.40        49.72     1,458.68
4137          1.00         0.00         0.00         0.00         0.00         0.00         0.00         0.00         0.00       318.64         0.00       101.47          0.00     2,886.12       442.57     3,328.69       421.11     2,907.58
7542          1.00         0.00         0.00         0.00         0.00         0.00         0.00         0.00         0.00         0.00         0.00        20.59         38.26       871.38       158.48     1,029.86        21.59     1,008.27
3780          1.00         0.00         0.00         0.00         0.00         0.00         0.00         0.00         0.00        50.54         0.00        34.85          0.00     1,521.53       318.93     1,840.46        86.39     1,754.07
7571          1.00         0.00         0.00         0.00         0.00         0.00         0.00         0.00         0.00         0.00         0.00        18.65         36.83       893.63       179.30     1,072.93        19.65     1,053.28
6205          1.00         0.00         0.00         0.00         0.00         0.00         0.00         0.00         0.00         0.00         0.00        23.39         38.26       871.38       158.48     1,029.86        24.39     1,005.47
5027          1.00         0.00         0.00         0.00         0.00         0.00         0.00         0.00         0.00         0.00         0.00        30.19          1.44     1,194.67       176.20     1,370.87        31.19     1,339.68
7245          1.00         0.00         0.00         0.00         0.00         0.00         0.00         0.00         0.00         0.00         0.00        20.06         38.26       871.38       158.48     1,029.86        21.06     1,008.80
6839          1.00         0.00         0.00         0.00         0.00         0.00         0.00         0.00         0.00         0.00         0.00        20.23         34.70       927.01       210.54     1,137.55        21.23     1,116.32
5646          1.00         0.00         0.00         0.00         0.00         0.00         0.00         0.00         0.00         0.00         0.00        20.48         36.12       904.76       189.71     1,094.47        21.48     1,072.99

















































EJECUTIVOS EN SERVICIOS DE ALIMENTOS, S.A. DE C.V.                                                                      Pagina: 0003
R.F.C.:                                                                                                                    5/NOV/19
REPORTE DE SUELDOS SEMANALES DEDUCCIONES


 
Codigo Desc Vales   Desc Zapatos Otras Deducc Desc Fonacot Pension Alim Desc Infonav Faltas       Inca Enferme Inca Riesgo  ISPT         Ajus ISPT    IMSS          Sub P/Empleo Tot Per Grav Tot Per Exce Total Percep Total Deducc Neto Pagado
..........................................................................................................................................................................................................................................
6978          1.00         0.00         0.00         0.00         0.00         0.00         0.00         0.00         0.00         0.00         0.00        21.55         38.26       871.38       158.48     1,029.86        22.55     1,007.31
6658          1.00         0.00         0.00         0.00         0.00       463.40         0.00         0.00         0.00         0.00         0.00        25.04          8.53     1,128.70       169.92     1,298.62       489.44       809.18
4458          1.00         0.00         0.00         0.00         0.00         0.00         0.00         0.00         0.00       149.54         0.00        40.97          0.00     1,894.91       420.35     2,315.26       191.51     2,123.75
7522          1.00         0.00         0.00         0.00         0.00         0.00         0.00         0.00         0.00         0.00         0.00        22.53         38.26       871.38       158.48     1,029.86        23.53     1,006.33
7574          1.00         0.00         0.00         0.00         0.00         0.00         0.00         0.00         0.00         0.00         0.00        18.65         38.90       861.38       159.12     1,020.50        19.65     1,000.85
5679          1.00         0.00         0.00         0.00         0.00         0.00         0.00         0.00         0.00         0.00         0.00        30.13          3.22     1,178.33       230.84     1,409.17        31.13     1,378.04
7417          1.00         0.00         0.00         0.00         0.00         0.00         0.00         0.00         0.00         0.00         0.00        21.44         32.56       960.38       286.28     1,246.66        22.44     1,224.22
7583          1.00         0.00         0.00         0.00         0.00         0.00         0.00         0.00         0.00         0.00         0.00        18.65         36.83       893.63       179.30     1,072.93        19.65     1,053.28
7530          1.00         0.00         0.00         0.00         0.00         0.00         0.00         0.00         0.00         0.00         0.00        20.17         32.85       955.94       247.63     1,203.57        21.17     1,182.40
7239          1.00         0.00         0.00         0.00         0.00         0.00         0.00         0.00         0.00         0.00         0.00        19.82         38.90       861.38       159.12     1,020.50        20.82       999.68
6028          1.00         0.00         0.00         0.00         0.00       400.43         0.00         0.00         0.00       129.56         0.00        26.66          0.00     1,711.31       283.64     1,994.95       557.65     1,437.30
6565          1.00         0.00         0.00         0.00         0.00         0.00         0.00         0.00         0.00         0.00         0.00        22.08         18.23     1,082.76       216.32     1,299.08        23.08     1,276.00
3218          1.00         0.00         0.00         0.00         0.00         0.00         0.00         0.00         0.00         0.00         0.00        23.10         34.24       934.17       209.00     1,143.17        24.10     1,119.07
3676          1.00         0.00         0.00         0.00         0.00         0.00         0.00         0.00         0.00        50.26         0.00        34.98          0.00     1,519.00       415.45     1,934.45        86.24     1,848.21
0445          1.00         0.00         0.00         0.00         0.00         0.00         0.00         0.00         0.00         0.00         0.00        27.47         10.95     1,090.83       166.28     1,257.11        28.47     1,228.64
5901          1.00         0.00         0.00         0.00         0.00         0.00         0.00         0.00         0.00         0.00         0.00        22.54         38.90       861.38       159.12     1,020.50        23.54       996.96
7269          1.00         0.00         0.00         0.00         0.00         0.00         0.00         0.00         0.00         0.00         0.00        21.43         37.55       882.51       168.89     1,051.40        22.43     1,028.97
2522          1.00         0.00         0.00         0.00         0.00         0.00         0.00         0.00         0.00         0.00         0.00        23.77         31.14       982.64       307.10     1,289.74        24.77     1,264.97
7555          1.00         0.00         0.00         0.00         0.00         0.00         0.00         0.00         0.00         0.00         0.00        21.36         32.49       961.51       252.83     1,214.34        22.36     1,191.98
0116          1.00         0.00         0.00         0.00         0.00         0.00         0.00         0.00         0.00        57.75         0.00        40.21          0.00     1,587.87       207.65     1,795.52        98.96     1,696.56
5506          1.00         0.00         0.00         0.00         0.00         0.00         0.00         0.00         0.00         0.00         0.00        26.07          2.74     1,182.78       260.07     1,442.85        27.07     1,415.78
7167          0.00        48.00         0.00         0.00         0.00         0.00         0.00         0.00         0.00         0.00         0.00        23.82         29.14     1,013.85        95.89     1,109.74        71.82     1,037.92
0236          1.00         0.00         0.00         0.00         0.00       524.15         0.00         0.00         0.00       162.80         0.00        54.20          0.00     2,007.27       378.67     2,385.94       742.15     1,643.79
7080          1.00         0.00         0.00         0.00         0.00         0.00         0.00         0.00         0.00        27.82         0.00        38.59          0.00     1,399.73       283.77     1,683.50        67.41     1,616.09
5965          1.00         0.00         0.00         0.00         0.00         0.00         0.00         0.00         0.00        14.82         0.00        26.89          0.00     1,280.22       213.61     1,493.83        42.71     1,451.12
7457          1.00         0.00         0.00         0.00         0.00         0.00         0.00         0.00         0.00         0.00         0.00        20.07         38.26       871.38       158.48     1,029.86        21.07     1,008.79
5447          1.00         0.00         0.00         0.00         0.00         0.00         0.00         0.00         0.00         0.00         0.00        20.16         21.72     1,028.26       242.06     1,270.32        21.16     1,249.16
6685          1.00         0.00         0.00         0.00         0.00         0.00         0.00         0.00         0.00         0.00         0.00        20.71         21.08     1,038.26       174.67     1,212.93        21.71     1,191.22
7489          1.00         0.00         0.00         0.00         0.00         0.00       104.13         0.00         0.00         0.00         0.00        19.72         31.30     1,002.78       187.39     1,190.17       124.85     1,065.32
5549          1.00         0.00         0.00         0.00         0.00         0.00         0.00         0.00         0.00         0.00         0.00        21.11         37.55       882.51       213.39     1,095.90        22.11     1,073.79
7554          1.00         0.00         0.00         0.00         0.00         0.00         0.00         0.00         0.00         0.00         0.00        20.27         30.43       993.76       206.27     1,200.03        21.27     1,178.76
4914          1.00         0.00         0.00         0.00         0.00         0.00         0.00         0.00         0.00         0.00         0.00        18.65         36.12       904.76       189.71     1,094.47        19.65     1,074.82
6349          1.00         0.00         0.00         0.00         0.00         0.00       104.13         0.00         0.00         0.00         0.00        18.13         48.27       780.28       148.74       929.02       123.26       805.76
7484          1.00         0.00         0.00         0.00         0.00         0.00         0.00         0.00         0.00         0.00         0.00        20.16         38.26       871.38       158.48     1,029.86        21.16     1,008.70
7592          1.00         0.00       100.00         0.00         0.00         0.00         0.00         0.00         0.00         0.00         0.00        13.32         22.82       692.82        94.95       787.77       114.32       673.45
0854          1.00         0.00         0.00         0.00         0.00       327.32         0.00         0.00         0.00        57.74         0.00        36.20          0.00     1,587.78       382.73     1,970.51       422.26     1,548.25
7295          1.00        48.00         0.00         0.00         0.00         0.00         0.00         0.00         0.00         0.00         0.00        21.30         38.26       871.38       158.48     1,029.86        70.30       959.56
6832          1.00         0.00         0.00         0.00         0.00         0.00         0.00         0.00         0.00         0.00         0.00        20.58         36.12       904.76       189.71     1,094.47        21.58     1,072.89
4807          1.00         0.00         0.00         0.00         0.00         0.00         0.00         0.00         0.00       458.42         0.00       125.53          0.00     3,540.55       547.28     4,087.83       584.95     3,502.88
6821          1.00         0.00         0.00         0.00         0.00         0.00         0.00         0.00         0.00         0.00         0.00        26.69          9.73     1,109.91       194.19     1,304.10        27.69     1,276.41
3169          1.00         0.00         0.00         0.00         0.00         0.00         0.00         0.00         0.00         0.00         0.00        21.65         36.83       893.63       179.30     1,072.93        22.65     1,050.28
6944          1.00         0.00         0.00         0.00         0.00         0.00         0.00         0.00         0.00         0.00         0.00        26.98         10.96     1,090.76       166.28     1,257.04        27.98     1,229.06
5737          1.00         0.00         0.00         0.00         0.00         0.00         0.00         0.00         0.00         0.00         0.00        18.65         38.26       871.38       202.98     1,074.36        19.65     1,054.71

















































EJECUTIVOS EN SERVICIOS DE ALIMENTOS, S.A. DE C.V.                                                                      Pagina: 0004
R.F.C.:                                                                                                                    5/NOV/19
REPORTE DE SUELDOS SEMANALES DEDUCCIONES


 
Codigo Desc Vales   Desc Zapatos Otras Deducc Desc Fonacot Pension Alim Desc Infonav Faltas       Inca Enferme Inca Riesgo  ISPT         Ajus ISPT    IMSS          Sub P/Empleo Tot Per Grav Tot Per Exce Total Percep Total Deducc Neto Pagado
..........................................................................................................................................................................................................................................
5902          0.00         0.00         0.00         0.00         0.00         0.00         0.00         0.00         0.00         0.00         0.00         0.00          0.00         0.00         0.00         0.00         0.00         0.00
4514          1.00         0.00         0.00         0.00         0.00       318.08         0.00         0.00         0.00        46.49         0.00        30.05          0.00     1,484.37       256.77     1,741.14       395.62     1,345.52
6014          1.00         0.00         0.00         0.00         0.00         0.00         0.00         0.00         0.00         0.00         0.00        25.75          4.82     1,163.63       233.00     1,396.63        26.75     1,369.88
7551          1.00         0.00         0.00         0.00         0.00         0.00         0.00         0.00         0.00         0.00         0.00        18.65         31.85       971.51       185.44     1,156.95        19.65     1,137.30
7590          1.00         0.00         0.00         0.00         0.00         0.00         0.00         0.00         0.00         0.00         0.00        18.65         38.90       861.38       159.12     1,020.50        19.65     1,000.85
6985          1.00         0.00         0.00         0.00         0.00         0.00         0.00         0.00         0.00       221.20         0.00        69.33          0.00     2,365.56       507.78     2,873.34       291.53     2,581.81
6831          1.00         0.00         0.00         0.00         0.00         0.00         0.00         0.00         0.00         0.00         0.00        20.29         31.07       983.76       273.66     1,257.42        21.29     1,236.13
3827          1.00         0.00         0.00         0.00         0.00         0.00         0.00         0.00         0.00         0.00         0.00        23.61         21.33     1,034.29       218.34     1,252.63        24.61     1,228.02
5412          0.00         0.00         0.00         0.00         0.00         0.00         0.00         0.00         0.00         0.00         0.00         0.00          0.00         0.00         0.00         0.00         0.00         0.00
4504          1.00         0.00         0.00         0.00         0.00         0.00         0.00         0.00         0.00       195.22         0.00        57.61          0.00     2,209.89       318.38     2,528.27       253.83     2,274.44
7395          1.00         0.00         0.00         0.00         0.00         0.00         0.00         0.00         0.00         0.00         0.00        20.53         36.12       904.76       234.21     1,138.97        21.53     1,117.44
0214          1.00         0.00         0.00         0.00         0.00         0.00         0.00         0.00         0.00       480.25         0.00       128.58          0.00     3,642.75       563.64     4,206.39       609.83     3,596.56
7376          1.00         0.00         0.00         0.00         0.00         0.00         0.00         0.00         0.00         0.00         0.00        23.43         38.26       871.38       158.48     1,029.86        24.43     1,005.43
7212          1.00         0.00         0.00         0.00         0.00       358.25         0.00         0.00         0.00         0.00         0.00        20.80         38.26       871.38       212.15     1,083.53       380.05       703.48
6321          1.00         0.00         0.00         0.00         0.00         0.00         0.00         0.00         0.00         0.00         0.00        21.82         30.68       989.80       216.56     1,206.36        22.82     1,183.54
5232          1.00         0.00         0.00         0.00         0.00         0.00         0.00         0.00         0.00         0.00         0.00        22.87         36.88       892.88       190.10     1,082.98        23.87     1,059.11
4958          1.00        48.00         0.00         0.00         0.00         0.00         0.00         0.00         0.00         0.00         0.00        22.72         38.26       871.38       158.48     1,029.86        71.72       958.14
3979          1.00         0.00         0.00         0.00         0.00         0.00         0.00         0.00         0.00       394.31         0.00       142.68          0.00     3,240.39       499.26     3,739.65       537.99     3,201.66
0442          1.00         0.00         0.00         0.00         0.00         0.00         0.00         0.00         0.00        28.95         0.00        31.74          0.00     1,410.09       276.07     1,686.16        61.69     1,624.47
7330          0.00         0.00         0.00         0.00         0.00         0.00         0.00         0.00         0.00         0.00         0.00         0.00          0.00         0.00         0.00         0.00         0.00         0.00
7243          1.00         0.00         0.00         0.00         0.00         0.00         0.00         0.00         0.00         0.00         0.00        21.11         21.72     1,028.26       242.06     1,270.32        22.11     1,248.21
7591          1.00         0.00         0.00         0.00         0.00         0.00         0.00         0.00         0.00         0.00         0.00        18.65         36.41       900.32       195.56     1,095.88        19.65     1,076.23
7397          1.00        48.00         0.00         0.00         0.00         0.00         0.00         0.00         0.00         0.00         0.00        21.12         38.26       871.38       158.48     1,029.86        70.12       959.74
7421          1.00         0.00         0.00         0.00         0.00         0.00         0.00         0.00         0.00         0.00         0.00        22.63         38.26       871.38       158.48     1,029.86        23.63     1,006.23
7298          1.00         0.00         0.00         0.00         0.00         0.00         0.00         0.00         0.00        51.40         0.00        34.24          0.00     1,529.47       261.93     1,791.40        86.64     1,704.76
5396          1.00        48.00         0.00         0.00         0.00         0.00         0.00         0.00         0.00         0.00         0.00        23.66         36.83       893.63       223.80     1,117.43        72.66     1,044.77
5704          1.00         0.00         0.00         0.00         0.00         0.00         0.00         0.00         0.00        42.40         0.00        32.63          0.00     1,446.76       283.77     1,730.53        76.03     1,654.50
7503          1.00         0.00         0.00         0.00         0.00         0.00         0.00         0.00         0.00         0.00         0.00        20.06         38.26       871.38       158.48     1,029.86        21.06     1,008.80
7557          1.00         0.00         0.00         0.00         0.00         0.00       104.13         0.00         0.00         0.00         0.00        21.20         48.27       780.28       148.74       929.02       126.33       802.69
7190          1.00         0.00         0.00         0.00         0.00         0.00         0.00       208.26         0.00         0.00         0.00        14.83         44.93       782.21       158.67       940.88       224.09       716.79
7280          1.00         0.00         0.00         0.00         0.00         0.00       520.65         0.00         0.00         0.00         0.00         9.98         19.30     1,021.60        39.39     1,060.99       531.63       529.36
7588          1.00         0.00         0.00         0.00         0.00         0.00         0.00         0.00         0.00         0.00         0.00        18.65         38.26       871.38       158.48     1,029.86        19.65     1,010.21
5588          1.00         0.00         0.00         0.00         0.00         0.00         0.00         0.00         0.00         0.00         0.00        23.67         38.26       871.38       158.48     1,029.86        24.67     1,005.19
6203          1.00         0.00         0.00         0.00         0.00         0.00         0.00         0.00         0.00         0.00         0.00        21.83         38.26       871.38       319.49     1,190.87        22.83     1,168.04
6582          1.00         0.00         0.00         0.00         0.00         0.00         0.00         0.00         0.00         0.00         0.00        21.01         21.72     1,028.26       242.06     1,270.32        22.01     1,248.31
7226          1.00         0.00         0.00         0.00         0.00         0.00         0.00         0.00         0.00         0.00         0.00        20.80         38.26       871.38       158.48     1,029.86        21.80     1,008.06
7272          0.00         0.00         0.00         0.00         0.00         0.00       104.13         0.00         0.00         0.00         0.00        17.95         42.76       880.73        42.76       923.49       122.08       801.41
3326          1.00         0.00         0.00         0.00         0.00         0.00         0.00         0.00         0.00       129.39         0.00        35.29          0.00     1,709.68       256.22     1,965.90       165.68     1,800.22
3960          1.00         0.00         0.00         0.00         0.00       284.57         0.00         0.00         0.00        59.55         0.00        31.83          0.00     1,604.34       302.72     1,907.06       376.95     1,530.11
2233          1.00         0.00         0.00         0.00         0.00         0.00         0.00       360.14         0.00         0.00         0.00        28.77          6.74     1,474.64       409.40     1,884.04       389.91     1,494.13
7584          1.00         0.00         0.00         0.00         0.00         0.00         0.00         0.00         0.00         0.00         0.00        18.65         37.47       883.63       179.94     1,063.57        19.65     1,043.92
0449          1.00         0.00       300.00         0.00         0.00       383.40         0.00         0.00         0.00        20.38         0.00        34.80          0.00     1,331.31       217.05     1,548.36       739.58       808.78
6934          1.00         0.00         0.00         0.00         0.00         0.00         0.00         0.00         0.00       342.84         0.00        85.62          0.00     2,999.45       460.71     3,460.16       429.46     3,030.70

















































EJECUTIVOS EN SERVICIOS DE ALIMENTOS, S.A. DE C.V.                                                                      Pagina: 0005
R.F.C.:                                                                                                                    5/NOV/19
REPORTE DE SUELDOS SEMANALES DEDUCCIONES


 
Codigo Desc Vales   Desc Zapatos Otras Deducc Desc Fonacot Pension Alim Desc Infonav Faltas       Inca Enferme Inca Riesgo  ISPT         Ajus ISPT    IMSS          Sub P/Empleo Tot Per Grav Tot Per Exce Total Percep Total Deducc Neto Pagado
..........................................................................................................................................................................................................................................
7137          1.00         0.00         0.00         0.00         0.00         0.00         0.00         0.00         0.00        26.52         0.00        34.27          0.00     1,387.77       253.40     1,641.17        61.79     1,579.38
6682          1.00         0.00         0.00         0.00         0.00         0.00       124.60         0.00         0.00         0.00         0.00        18.03         50.19       765.70       146.36       912.06       143.63       768.43
1269          1.00         0.00         0.00         0.00         0.00         0.00         0.00         0.00         0.00         0.00         0.00        23.38         35.41       915.88       200.13     1,116.01        24.38     1,091.63
7523          0.00         0.00         0.00         0.00         0.00         0.00         0.00         0.00         0.00         0.00         0.00         0.00          0.00         0.00         0.00         0.00         0.00         0.00
6006          1.00         0.00         0.00         0.00         0.00         0.00         0.00         0.00         0.00         0.00         0.00        23.21         38.26       871.38       158.48     1,029.86        24.21     1,005.65
1419          1.00         0.00         0.00         0.00         0.00       268.68         0.00         0.00         0.00        45.81         0.00        34.49          0.00     1,478.12       315.13     1,793.25       349.98     1,443.27
7545          1.00         0.00         0.00         0.00         0.00         0.00         0.00         0.00         0.00        17.59         0.00        34.53          0.00     1,305.66       189.70     1,495.36        53.12     1,442.24
5905          1.00         0.00         0.00         0.00         0.00         0.00         0.00         0.00         0.00       151.96         0.00        41.85          0.00     1,917.13       330.80     2,247.93       194.81     2,053.12
7462          1.00         0.00         0.00         0.00         0.00         0.00         0.00         0.00         0.00         0.00         0.00        21.71         38.26       871.38       202.98     1,074.36        22.71     1,051.65
3525          1.00         0.00         0.00         0.00         0.00         0.00         0.00         0.00         0.00         1.51         0.00        29.89          0.00     1,221.92       199.04     1,420.96        32.40     1,388.56
2451          1.00         0.00         0.00         0.00         0.00         0.00         0.00         0.00         0.00         0.00         0.00        20.99         36.12       904.76       234.21     1,138.97        21.99     1,116.98
6885          1.00         0.00         0.00         0.00         0.00         0.00         0.00         0.00         0.00         0.00         0.00        21.49          9.33     1,116.13       207.42     1,323.55        22.49     1,301.06
4775          1.00         0.00         0.00         0.00         0.00         0.00         0.00         0.00         0.00         0.00         0.00        21.97         38.26       871.38       319.49     1,190.87        22.97     1,167.90
7528          1.00         0.00         0.00         0.00         0.00         0.00         0.00         0.00         0.00         0.00         0.00        21.10         38.26       871.38       202.98     1,074.36        22.10     1,052.26
5671          1.00         0.00         0.00         0.00         0.00         0.00         0.00         0.00         0.00       148.27         0.00        47.88          0.00     1,883.24       283.71     2,166.95       197.15     1,969.80
4832          1.00         0.00         0.00         0.00         0.00         0.00         0.00         0.00         0.00         0.00         0.00        22.05         36.83       893.63       179.30     1,072.93        23.05     1,049.88
6567          1.00         0.00         0.00         0.00         0.00         0.00         0.00         0.00         0.00         0.00         0.00        24.20         38.26       871.38       158.48     1,029.86        25.20     1,004.66
3321          1.00         0.00         0.00         0.00         0.00         0.00         0.00         0.00         0.00       174.18         0.00        55.28          0.00     2,078.39       318.91     2,397.30       230.46     2,166.84
7577          1.00         0.00         0.00         0.00         0.00         0.00         0.00         0.00         0.00         0.00         0.00        18.65         37.47       883.63       179.94     1,063.57        19.65     1,043.92
2112          1.00         0.00         0.00         0.00         0.00         0.00         0.00         0.00         0.00         0.00         0.00        20.82         38.26       871.38       319.49     1,190.87        21.82     1,169.05
0624          1.00         0.00         0.00         0.00         0.00         0.00         0.00         0.00         0.00       153.49         0.00        50.39          0.00     1,931.18       289.78     2,220.96       204.88     2,016.08
6877          1.00         0.00         0.00       141.34         0.00         0.00         0.00         0.00         0.00         0.00         0.00        24.60          9.99     1,105.86       130.21     1,236.07       166.94     1,069.13
4385          1.00         0.00         0.00         0.00         0.00         0.00         0.00         0.00         0.00        18.00         0.00        30.62          0.00     1,309.49       213.05     1,522.54        49.62     1,472.92
7378          1.00         0.00         0.00         0.00         0.00         0.00         0.00         0.00         0.00         0.00         0.00        19.82         37.47       883.63       179.94     1,063.57        20.82     1,042.75
0366          1.00         0.00         0.00         0.00         0.00         0.00         0.00         0.00         0.00       319.34         0.00       100.00          0.00     2,889.42       444.70     3,334.12       420.34     2,913.78
6206          1.00         0.00         0.00         0.00         0.00         0.00         0.00         0.00         0.00        17.99         0.00        26.76          0.00     1,309.36       199.04     1,508.40        45.75     1,462.65
 
*** GLO     190.00       336.00     1,350.00       457.42         0.00     8,802.65     1,682.45       568.40         0.00     7,077.53         0.00     5,646.77      4,522.80   229,177.60                272,868.19    26,111.22   246,756.97
  































































