EJECUTIVOS EN SERVICIOS DE ALIMENTOS, S.A. DE C.V.                                                                      Pagina: 0001
R.F.C.:                                                                                                                    5/NOV/19
REPORTE DE SUELDOS SEMANALES DEDUCCIONES


 
Codigo Desc Vales   Desc Zapatos Otras Deducc Desc Fonacot Pension Alim Desc Infonav Faltas       Inca Enferme Inca Riesgo  ISPT         Ajus ISPT    IMSS          Sub P/Empleo Tot Per Grav Tot Per Exce Total Percep Total Deducc Neto Pagado
..........................................................................................................................................................................................................................................
7505          1.00         0.00         0.00         0.00         0.00         0.00         0.00         0.00         0.00         8.81         0.00        22.09          0.00     1,393.63       142.47     1,536.10        31.90     1,504.20
6600          1.00         0.00         0.00         0.00         0.00         0.00         0.00         0.00         0.00         0.00         0.00        23.11         37.48       883.63       179.95     1,063.58        24.11     1,039.47
7515          1.00        48.00         0.00         0.00         0.00         0.00         0.00         0.00         0.00         0.00         0.00        23.43         38.91       861.38       159.13     1,020.51        72.43       948.08
5933          1.00         0.00         0.00         0.00         0.00         0.00         0.00         0.00         0.00         0.00         0.00        23.75         31.85       971.51       185.44     1,156.95        24.75     1,132.20
7170          1.00         0.00         0.00         0.00         0.00         0.00         0.00         0.00         0.00        21.84         0.00        26.77          0.00     1,393.63       142.47     1,536.10        49.61     1,486.49
5618          1.00         0.00         0.00         0.00         0.00         0.00         0.00         0.00         0.00         0.00         0.00        20.56         34.63       928.13       188.22     1,116.35        21.56     1,094.79
3890          1.00         0.00         0.00         0.00         0.00         0.00         0.00         0.00         0.00       166.09         0.00        52.13          0.00     2,027.79       306.84     2,334.63       219.22     2,115.41
7526          1.00         0.00         0.00         0.00         0.00         0.00         0.00         0.00         0.00         0.00         0.00        27.52         95.94       145.58       116.03       261.61        28.52       233.09
3652          1.00         0.00         0.00         0.00         0.00       383.82         0.00         0.00         0.00       158.69         0.00        48.31          0.00     1,981.51       394.80     2,376.31       591.82     1,784.49
2530          1.00         0.00         0.00         0.00         0.00       168.73         0.00         0.00         0.00         0.00         0.00        19.82         45.48       861.38       165.70     1,027.08       189.55       837.53
1123          1.00         0.00         0.00         0.00         0.00         0.00         0.00         0.00         0.00        11.19         0.00        33.10          0.00     1,246.79       180.28     1,427.07        45.29     1,381.78
7593          1.00         0.00         0.00         0.00         0.00         0.00         0.00         0.00         0.00         0.00         0.00        20.35         36.13       904.76       189.72     1,094.48        21.35     1,073.13
7458          0.00         0.00         0.00         0.00         0.00         0.00         0.00         0.00         0.00         0.00         0.00         0.00          0.00         0.00         0.00         0.00         0.00         0.00
7607          1.00         0.00         0.00         0.00         0.00         0.00         0.00         0.00         0.00         0.00         0.00        19.21         38.91       861.38       159.13     1,020.51        20.21     1,000.30
7005          1.00         0.00         0.00         0.00         0.00         0.00         0.00         0.00         0.00        28.53         0.00        26.37          0.00     1,404.76       198.09     1,602.85        55.90     1,546.95
7259          1.00         0.00         0.00         0.00         0.00         0.00         0.00         0.00         0.00         0.00         0.00        21.95         38.27       871.38       158.49     1,029.87        22.95     1,006.92
7276          1.00         0.00         0.00         0.00         0.00         0.00         0.00         0.00         0.00         0.00         0.00        27.16         30.58       991.50       228.31     1,219.81        28.16     1,191.65
7312          1.00         0.00         0.00         0.00         0.00         0.00         0.00         0.00         0.00         0.00         0.00        26.11         38.27       871.38       158.49     1,029.87        27.11     1,002.76
7338          1.00         0.00         0.00         0.00         0.00         0.00         0.00         0.00         0.00         0.00         0.00        24.76         35.42       915.88       200.14     1,116.02        25.76     1,090.26
7600          1.00         0.00         0.00         0.00         0.00         0.00         0.00         0.00         0.00         0.00         0.00        19.76         38.91       861.38       159.13     1,020.51        20.76       999.75
7581          1.00         0.00         0.00         0.00         0.00         0.00         0.00         0.00         0.00         0.00         0.00        20.71         38.27       871.38       202.99     1,074.37        21.71     1,052.66
5677          1.00         0.00         0.00         0.00         0.00         0.00         0.00         0.00         0.00         0.00         0.00        28.67          4.52     1,166.39       196.41     1,362.80        29.67     1,333.13
6210          1.00         0.00       150.00         0.00         0.00         0.00         0.00         0.00         0.00        72.71         0.00        25.62          0.00     1,638.26       220.34     1,858.60       249.33     1,609.27
0849          1.00         0.00         0.00         0.00         0.00         0.00         0.00         0.00         0.00         0.00         0.00        27.90         19.62     1,061.11       158.19     1,219.30        28.90     1,190.40
7536          1.00         0.00         0.00         0.00         0.00         0.00         0.00         0.00         0.00        19.61         0.00        22.51          0.00     1,361.38       120.22     1,481.60        43.12     1,438.48
7430          1.00         0.00         0.00         0.00         0.00         0.00         0.00         0.00         0.00       207.80         0.00        42.38          0.00     1,893.70       463.42     2,357.12       251.18     2,105.94
5181          1.00         0.00         0.00         0.00         0.00         0.00         0.00         0.00         0.00         0.00         0.00        23.37         38.27       871.38       158.49     1,029.87        24.37     1,005.50
7057          1.00         0.00         0.00         0.00         0.00         0.00         0.00         0.00         0.00         0.00         0.00        27.65         38.91       861.38       159.13     1,020.51        28.65       991.86
5558          1.00         0.00         0.00         0.00         0.00         0.00         0.00         0.00         0.00         0.00         0.00        27.44         37.48       883.63       206.78     1,090.41        28.44     1,061.97
4746          1.00         0.00         0.00         0.00         0.00       337.44         0.00         0.00         0.00        11.80         0.00        31.81          0.00     1,252.47       195.95     1,448.42       382.05     1,066.37
7573          1.00         0.00         0.00         0.00         0.00         0.00         0.00         0.00         0.00         0.00         0.00        20.37         34.63       928.13       188.22     1,116.35        21.37     1,094.98
7407          1.00         0.00       150.00         0.00         0.00         0.00         0.00         0.00         0.00        26.82         0.00        24.23          0.00     1,393.63       142.47     1,536.10       202.05     1,334.05
1905          0.00         0.00         0.00         0.00         0.00         0.00       312.39         0.00         0.00         0.00         0.00         7.43         24.49       468.06        24.49       492.55       319.82       172.73
2107          1.00         0.00         0.00         0.00         0.00       333.50         0.00         0.00         0.00        24.86         0.00        33.90          0.00     1,372.44       248.43     1,620.87       393.26     1,227.61
1424          1.00         0.00         0.00         0.00         0.00       457.22         0.00         0.00         0.00       364.43         0.00        76.91          0.00     3,100.51       724.99     3,825.50       899.56     2,925.94
5280          1.00         0.00         0.00       316.08         0.00       439.54         0.00         0.00         0.00       152.33         0.00        48.76          0.00     1,920.48       289.67     2,210.15       957.71     1,252.44
6461          1.00         0.00       200.00         0.00         0.00         0.00         0.00         0.00         0.00        24.54         0.00        28.62          0.00     1,305.62       283.64     1,589.26       254.16     1,335.10
6765          1.00         0.00         0.00         0.00         0.00         0.00       146.75         0.00         0.00         0.00         0.00        27.38         25.51     1,219.25       296.89     1,516.14       175.13     1,341.01
7012          1.00        48.00         0.00         0.00         0.00         0.00         0.00         0.00         0.00         0.00         0.00        24.87         44.72       871.38       164.94     1,036.32        73.87       962.45
5000          1.00         0.00         0.00         0.00         0.00         0.00         0.00         0.00         0.00         0.00         0.00        26.34         10.96     1,090.76       166.28     1,257.04        27.34     1,229.70
7586          1.00         0.00         0.00         0.00         0.00         0.00         0.00         0.00         0.00        37.57         0.00        20.82          0.00     1,538.26       153.59     1,691.85        59.39     1,632.46
5644          1.00         0.00        21.00         0.00         0.00       331.25         0.00         0.00         0.00        24.56         0.00        26.75          0.00     1,369.67       283.64     1,653.31       404.56     1,248.75
7519          1.00         0.00         0.00         0.00         0.00         0.00         0.00         0.00         0.00        20.91         0.00        26.25          0.00     1,371.38       120.22     1,491.60        48.16     1,443.44

















































EJECUTIVOS EN SERVICIOS DE ALIMENTOS, S.A. DE C.V.                                                                      Pagina: 0002
R.F.C.:                                                                                                                    5/NOV/19
REPORTE DE SUELDOS SEMANALES DEDUCCIONES


 
Codigo Desc Vales   Desc Zapatos Otras Deducc Desc Fonacot Pension Alim Desc Infonav Faltas       Inca Enferme Inca Riesgo  ISPT         Ajus ISPT    IMSS          Sub P/Empleo Tot Per Grav Tot Per Exce Total Percep Total Deducc Neto Pagado
..........................................................................................................................................................................................................................................
7582          1.00         0.00         0.00         0.00         0.00         0.00         0.00         0.00         0.00         0.00         0.00        19.80         45.48       861.38       165.70     1,027.08        20.80     1,006.28
7292          1.00         0.00         0.00         0.00         0.00         0.00         0.00         0.00         0.00         0.00         0.00        19.84         38.91       861.38       159.13     1,020.51        20.84       999.67
6690          1.00         0.00         0.00         0.00         0.00         0.00         0.00         0.00         0.00         0.00         0.00        26.66         37.48       883.63       179.95     1,063.58        27.66     1,035.92
0090          1.00         0.00         0.00         0.00         0.00       488.15         0.00         0.00         0.00        39.21         0.00        34.16          0.00     1,417.46       209.19     1,626.65       562.52     1,064.13
7168          1.00         0.00         0.00         0.00         0.00         0.00         0.00         0.00         0.00         0.00         0.00        24.16         30.36       994.88       217.33     1,212.21        25.16     1,187.05
4314          1.00         0.00         0.00         0.00         0.00         0.00         0.00         0.00         0.00       127.07         0.00        45.80          0.00     1,688.34       337.78     2,026.12       173.87     1,852.25
5332          1.00         0.00         0.00         0.00         0.00         0.00       124.60         0.00         0.00         0.00         0.00        17.77         54.99       799.08       184.53       983.61       143.37       840.24
7485          1.00         0.00         0.00         0.00         0.00         0.00         0.00         0.00         0.00        87.66         0.00        26.57          0.00     1,838.63       264.84     2,103.47       115.23     1,988.24
4287          1.00         0.00       200.00         0.00         0.00         0.00         0.00         0.00         0.00        12.44         0.00        28.33          0.00     1,280.76       155.32     1,436.08       241.77     1,194.31
6427          1.00         0.00         0.00         0.00         0.00         0.00         0.00         0.00         0.00         0.00         0.00        21.69         34.24       934.17       209.00     1,143.17        22.69     1,120.48
7621          0.00         0.00         0.00         0.00         0.00         0.00         0.00         0.00         0.00         0.00         0.00        18.65         85.88       215.67        85.88       301.55        18.65       282.90
6504          1.00         0.00         0.00         0.00         0.00         0.00         0.00         0.00         0.00         0.00         0.00        20.12         38.26       871.38       158.48     1,029.86        21.12     1,008.74
5745          1.00         0.00         0.00         0.00         0.00         0.00         0.00         0.00         0.00         0.00         0.00        22.85         36.13       904.76       234.22     1,138.98        23.85     1,115.13
7617          1.00         0.00         0.00         0.00         0.00         0.00         0.00         0.00         0.00         0.00         0.00        18.65          7.56     1,138.38       194.53     1,332.91        19.65     1,313.26
7604          1.00         0.00         0.00         0.00         0.00         0.00         0.00         0.00         0.00         0.00         0.00        19.90         38.27       871.38       158.49     1,029.87        20.90     1,008.97
6849          1.00         0.00         0.00         0.00         0.00         0.00         0.00         0.00         0.00         4.46         0.00        31.72          0.00     1,271.88       264.84     1,536.72        37.18     1,499.54
7061          1.00         0.00         0.00         0.00         0.00         0.00         0.00         0.00         0.00         0.00         0.00        28.40         29.04     1,004.88       182.63     1,187.51        29.40     1,158.11
0881          1.00         0.00         0.00         0.00         0.00         0.00         0.00         0.00         0.00         0.00         0.00        28.62         38.91       861.38       159.13     1,020.51        29.62       990.89
7428          1.00        48.00         0.00         0.00         0.00         0.00         0.00         0.00         0.00         0.00         0.00        23.28         38.27       871.38       158.49     1,029.87        72.28       957.59
2897          1.00         0.00         0.00         0.00         0.00         0.00         0.00         0.00         0.00         0.00         0.00        22.87         38.91       861.38       159.13     1,020.51        23.87       996.64
7558          1.00         0.00         0.00         0.00         0.00         0.00         0.00         0.00         0.00         0.00         0.00        25.17         31.44       915.88       240.66     1,156.54        26.17     1,130.37
6360          1.00         0.00         0.00         0.00         0.00         0.00         0.00         0.00         0.00         0.00         0.00        20.55         38.91       861.38       159.13     1,020.51        21.55       998.96
7614          1.00         0.00         0.00         0.00         0.00         0.00         0.00         0.00         0.00         0.00         0.00        18.65         44.47       861.38       164.69     1,026.07        19.65     1,006.42
3318          1.00         0.00       250.00         0.00         0.00       500.52         0.00         0.00         0.00       179.01         0.00        55.26          0.00     2,108.56       301.36     2,409.92       985.79     1,424.13
5139          1.00         0.00         0.00         0.00         0.00       759.20         0.00         0.00         0.00       270.04         0.00        68.45          0.00     2,638.09       293.88     2,931.97     1,098.69     1,833.28
6083          1.00         0.00         0.00         0.00         0.00         0.00         0.00         0.00         0.00         0.00         0.00        26.40         32.11       967.55       240.24     1,207.79        27.40     1,180.39
7616          1.00         0.00         0.00         0.00         0.00         0.00         0.00         0.00         0.00         0.00         0.00        18.65         30.43       993.76       317.52     1,311.28        19.65     1,291.63
6766          1.00         0.00         0.00         0.00         0.00         0.00         0.00         0.00         0.00         0.00         0.00        28.74         10.96     1,090.76       166.28     1,257.04        29.74     1,227.30
4137          1.00         0.00         0.00         0.00         0.00         0.00         0.00         0.00         0.00       318.64         0.00        96.81          0.00     2,886.12       442.57     3,328.69       416.45     2,912.24
7542          1.00         0.00         0.00         0.00         0.00         0.00         0.00         0.00         0.00        20.25         0.00        23.28          0.00     1,371.38       120.22     1,491.60        44.53     1,447.07
3780          1.00         0.00         0.00         0.00         0.00         0.00         0.00         0.00         0.00        45.43         0.00        34.94          0.00     1,474.50       256.22     1,730.72        81.37     1,649.35
7571          1.00         0.00         0.00         0.00         0.00         0.00         0.00         0.00         0.00         0.00         0.00        20.63         38.27       871.38       158.49     1,029.87        21.63     1,008.24
6205          1.00         0.00         0.00         0.00         0.00         0.00         0.00         0.00         0.00         0.00         0.00        25.30         27.59     1,038.25       214.56     1,252.81        26.30     1,226.51
5027          1.00         0.00         0.00         0.00         0.00         0.00         0.00         0.00         0.00        83.68         0.00        29.51          0.00     1,739.17       219.26     1,958.43       114.19     1,844.24
7245          1.00         0.00         0.00         0.00         0.00         0.00         0.00         0.00         0.00         0.00         0.00        20.08         38.26       871.38       158.48     1,029.86        21.08     1,008.78
6839          1.00         0.00         0.00         0.00         0.00         0.00         0.00         0.00         0.00        28.46         0.00        22.77          0.00     1,427.01       175.84     1,602.85        52.23     1,550.62
5646          1.00         0.00         0.00         0.00         0.00         0.00         0.00         0.00         0.00         0.00         0.00        23.37         36.14       904.76       189.73     1,094.49        24.37     1,070.12
6978          1.00         0.00         0.00         0.00         0.00         0.00         0.00         0.00         0.00         0.00         0.00        22.77         38.27       871.38       158.49     1,029.87        23.77     1,006.10
6658          1.00         0.00         0.00         0.00         0.00       462.28         0.00         0.00         0.00        28.37         0.00        28.62          0.00     1,340.82       423.41     1,764.23       520.27     1,243.96
4458          1.00         0.00         0.00         0.00         0.00         0.00         0.00         0.00         0.00        18.22         0.00        41.61          0.00     1,609.03       256.99     1,866.02        60.83     1,805.19
7619          1.00         0.00         0.00         0.00         0.00         0.00         0.00         0.00         0.00         0.00         0.00        13.32         37.80       520.82       109.93       630.75        14.32       616.43
7574          1.00         0.00         0.00         0.00         0.00         0.00         0.00         0.00         0.00         0.00         0.00        19.84         38.91       861.38       159.13     1,020.51        20.84       999.67
5679          1.00         0.00         0.00         0.00         0.00         0.00         0.00         0.00         0.00         0.00         0.00        30.13         25.91     1,265.77       340.97     1,606.74        31.13     1,575.61

















































EJECUTIVOS EN SERVICIOS DE ALIMENTOS, S.A. DE C.V.                                                                      Pagina: 0003
R.F.C.:                                                                                                                    5/NOV/19
REPORTE DE SUELDOS SEMANALES DEDUCCIONES


 
Codigo Desc Vales   Desc Zapatos Otras Deducc Desc Fonacot Pension Alim Desc Infonav Faltas       Inca Enferme Inca Riesgo  ISPT         Ajus ISPT    IMSS          Sub P/Empleo Tot Per Grav Tot Per Exce Total Percep Total Deducc Neto Pagado
..........................................................................................................................................................................................................................................
7583          1.00         0.00         0.00         0.00         0.00         0.00         0.00         0.00         0.00         0.00         0.00        20.78         38.27       871.38       158.49     1,029.87        21.78     1,008.09
7601          1.00         0.00         0.00         0.00         0.00         0.00         0.00         0.00         0.00         0.00         0.00        19.71         37.48       883.63       179.95     1,063.58        20.71     1,042.87
7530          1.00         0.00         0.00         0.00         0.00         0.00         0.00         0.00         0.00         0.00         0.00        23.37         37.48       883.63       179.95     1,063.58        24.37     1,039.21
7239          1.00         0.00         0.00         0.00         0.00         0.00         0.00         0.00         0.00         0.00         0.00        19.85         38.91       861.38       159.13     1,020.51        20.85       999.66
6028          1.00         0.00         0.00         0.00         0.00       399.30         0.00         0.00         0.00        24.54         0.00        28.79          0.00     1,305.62       283.64     1,589.26       453.63     1,135.63
6565          1.00         0.00         0.00         0.00         0.00         0.00         0.00         0.00         0.00        10.70         0.00        23.95          0.00     1,705.13       186.97     1,892.10        35.65     1,856.45
3218          1.00         0.00         0.00         0.00         0.00         0.00         0.00         0.00         0.00         0.00         0.00        23.09         34.24       934.17       209.00     1,143.17        24.09     1,119.08
3676          1.00         0.00         0.00         0.00         0.00         0.00         0.00         0.00         0.00        54.61         0.00        32.47          0.00     1,471.97       321.38     1,793.35        88.08     1,705.27
0445          1.00         0.00         0.00         0.00         0.00         0.00         0.00         0.00         0.00         0.00         0.00        26.13         13.29     1,080.83       168.62     1,249.45        27.13     1,222.32
5901          1.00         0.00         0.00         0.00         0.00         0.00         0.00         0.00         0.00         0.00         0.00        23.11         38.91       861.38       159.13     1,020.51        24.11       996.40
7269          1.00         0.00         0.00         0.00         0.00         0.00         0.00         0.00         0.00         0.00         0.00        22.77         38.26       871.38       158.48     1,029.86        23.77     1,006.09
2522          1.00         0.00         0.00         0.00         0.00         0.00         0.00         0.00         0.00         0.00         0.00        24.43         35.42       915.88       244.64     1,160.52        25.43     1,135.09
7555          1.00         0.00         0.00         0.00         0.00         0.00         0.00         0.00         0.00         0.00         0.00        23.59         38.19       872.51       169.53     1,042.04        24.59     1,017.45
5506          1.00         0.00         0.00         0.00         0.00       224.80         0.00         0.00         0.00         0.00         0.00        25.42          4.32     1,168.20       247.08     1,415.28       251.22     1,164.06
0236          1.00         0.00         0.00         0.00         0.00       523.01         0.00         0.00         0.00       162.81         0.00        53.12          0.00     2,007.27       378.67     2,385.94       739.94     1,646.00
7080          1.00         0.00         0.00         0.00         0.00         0.00         0.00         0.00         0.00       160.49         0.00        33.97          0.00     1,995.52       518.94     2,514.46       195.46     2,319.00
5965          1.00         0.00         0.00         0.00         0.00         0.00         0.00         0.00         0.00         0.00         0.00        26.68         10.96     1,090.76       166.28     1,257.04        27.68     1,229.36
7457          0.00         0.00         0.00         0.00         0.00         0.00         0.00         0.00         0.00         0.00         0.00         0.00          0.00         0.00         0.00         0.00         0.00         0.00
5447          1.00         0.00         0.00         0.00         0.00         0.00         0.00         0.00         0.00         0.00         0.00        22.11         38.19       872.51       169.53     1,042.04        23.11     1,018.93
6685          1.00         0.00         0.00         0.00         0.00         0.00         0.00         0.00         0.00         0.00         0.00        25.21         38.27       871.38       158.49     1,029.87        26.21     1,003.66
5549          1.00         0.00         0.00         0.00         0.00         0.00         0.00         0.00         0.00         0.00         0.00        23.90         38.27       871.38       310.33     1,181.71        24.90     1,156.81
7554          1.00         0.00         0.00         0.00         0.00         0.00         0.00         0.00         0.00         0.00         0.00        23.69         38.27       871.38       158.49     1,029.87        24.69     1,005.18
7608          0.00         0.00         0.00         0.00         0.00         0.00         0.00         0.00         0.00         0.00         0.00        19.76         27.24       991.60        27.24     1,018.84        19.76       999.08
6349          1.00         0.00         0.00         0.00         0.00         0.00         0.00         0.00         0.00         0.00         0.00        20.12         38.27       871.38       158.49     1,029.87        21.12     1,008.75
7484          1.00         0.00         0.00         0.00         0.00         0.00       104.13         0.00         0.00         0.00         0.00        21.68         44.86       780.28       189.83       970.11       126.81       843.30
7592          1.00         0.00         0.00         0.00         0.00         0.00       124.60         0.00         0.00         0.00         0.00        22.61         56.92       765.70       153.09       918.79       148.21       770.58
0854          1.00         0.00         0.00         0.00         0.00       326.19         0.00         0.00         0.00        43.87         0.00        36.65          0.00     1,487.60       220.41     1,708.01       407.71     1,300.30
7295          1.00         0.00         0.00         0.00         0.00         0.00         0.00         0.00         0.00         0.00         0.00        24.84         39.12       871.38       159.34     1,030.72        25.84     1,004.88
6832          1.00         0.00         0.00         0.00         0.00         0.00         0.00         0.00         0.00        21.41         0.00        23.17          0.00     1,371.38       120.22     1,491.60        45.58     1,446.02
4807          1.00         0.00         0.00         0.00         0.00         0.00         0.00         0.00         0.00       458.43         0.00       102.64          0.00     3,540.55       547.28     4,087.83       562.07     3,525.76
7610          1.00         0.00         0.00         0.00         0.00         0.00         0.00         0.00         0.00         0.00         0.00        18.65         44.76       871.38       164.98     1,036.36        19.65     1,016.71
6821          1.00         0.00         0.00         0.00         0.00         0.00         0.00         0.00         0.00         0.00         0.00        25.35          7.50     1,139.06       221.11     1,360.17        26.35     1,333.82
3169          1.00         0.00         0.00         0.00         0.00         0.00         0.00         0.00         0.00        20.91         0.00        20.17          0.00     1,371.38       120.22     1,491.60        42.08     1,449.52
6944          1.00         0.00         0.00         0.00         0.00         0.00         0.00         0.00         0.00        13.24         0.00        26.31          0.00     1,265.64       344.77     1,610.41        40.55     1,569.86
5737          0.00         0.00         0.00         0.00         0.00         0.00         0.00         0.00         0.00         0.00         0.00         0.00          0.00         0.00         0.00         0.00         0.00         0.00
5902          0.00         0.00         0.00         0.00         0.00         0.00         0.00         0.00         0.00         0.00         0.00         0.00          0.00         0.00         0.00         0.00         0.00         0.00
4514          1.00         0.00         0.00         0.00         0.00       312.94         0.00         0.00         0.00         0.00         0.00        29.57          5.72     1,178.33       175.05     1,353.38       343.51     1,009.87
6014          1.00         0.00         0.00         0.00         0.00         0.00         0.00         0.00         0.00         0.00         0.00        25.62          4.82     1,163.63       233.00     1,396.63        26.62     1,370.01
7551          1.00         0.00         0.00         0.00         0.00         0.00         0.00         0.00         0.00         0.00         0.00        21.92         38.27       871.38       158.49     1,029.87        22.92     1,006.95
6985          1.00         0.00         0.00         0.00         0.00         0.00         0.00         0.00         0.00       303.53         0.00        59.75          0.00     2,824.96       768.38     3,593.34       364.28     3,229.06
6831          1.00         0.00         0.00         0.00         0.00         0.00         0.00         0.00         0.00         0.00         0.00        24.17         34.63       928.13       221.60     1,149.73        25.17     1,124.56
3827          1.00         0.00         0.00         0.00         0.00         0.00         0.00         0.00         0.00        60.00         0.00        26.42          0.00     1,567.67       308.26     1,875.93        87.42     1,788.51
5412          1.00         0.00         0.00         0.00         0.00         0.00         0.00       249.20         0.00         0.00         0.00        13.37         49.19       730.02       121.32       851.34       263.57       587.77

















































EJECUTIVOS EN SERVICIOS DE ALIMENTOS, S.A. DE C.V.                                                                      Pagina: 0004
R.F.C.:                                                                                                                    5/NOV/19
REPORTE DE SUELDOS SEMANALES DEDUCCIONES


 
Codigo Desc Vales   Desc Zapatos Otras Deducc Desc Fonacot Pension Alim Desc Infonav Faltas       Inca Enferme Inca Riesgo  ISPT         Ajus ISPT    IMSS          Sub P/Empleo Tot Per Grav Tot Per Exce Total Percep Total Deducc Neto Pagado
..........................................................................................................................................................................................................................................
4504          1.00         0.00         0.00         0.00         0.00         0.00         0.00         0.00         0.00       193.63         0.00        58.40          0.00     2,199.89       318.38     2,518.27       253.03     2,265.24
7395          1.00         0.00         0.00         0.00         0.00         0.00         0.00         0.00         0.00         0.00         0.00        24.56         24.74     1,082.76       334.08     1,416.84        25.56     1,391.28
0214          1.00         0.00         0.00         0.00         0.00         0.00         0.00         0.00         0.00       480.26         0.00       105.44          0.00     3,642.75       563.64     4,206.39       586.70     3,619.69
7376          1.00        48.00         0.00         0.00         0.00         0.00         0.00         0.00         0.00        24.74         0.00        26.66          0.00     1,371.38       120.22     1,491.60       100.40     1,391.20
7212          1.00         0.00         0.00         0.00         0.00       357.68         0.00         0.00         0.00         0.00         0.00        25.94         38.27       871.38       158.49     1,029.87       384.62       645.25
6321          1.00         0.00         0.00         0.00         0.00         0.00         0.00         0.00         0.00         0.00         0.00        24.40         34.25       934.17       164.51     1,098.68        25.40     1,073.28
5232          1.00         0.00         0.00         0.00         0.00         0.00         0.00         0.00         0.00        30.30         0.00        27.60          0.00     1,452.72       185.10     1,637.82        58.90     1,578.92
4958          1.00         0.00         0.00         0.00         0.00         0.00         0.00         0.00         0.00        20.25         0.00        24.86          0.00     1,371.38       120.22     1,491.60        46.11     1,445.49
7620          1.00         0.00         0.00         0.00         0.00         0.00         0.00         0.00         0.00         0.00         0.00        13.32         29.89       582.35       110.26       692.61        14.32       678.29
3979          1.00         0.00         0.00         0.00         0.00         0.00         0.00         0.00         0.00       394.31         0.00        93.22          0.00     3,240.39       499.26     3,739.65       488.53     3,251.12
0442          1.00         0.00         0.00         0.00         0.00         0.00         0.00         0.00         0.00       115.82         0.00        34.50          0.00     1,882.44       248.43     2,130.87       151.32     1,979.55
7330          0.00         0.00         0.00         0.00         0.00         0.00         0.00         0.00         0.00         0.00         0.00         0.00          0.00         0.00         0.00         0.00         0.00         0.00
7243          1.00         0.00         0.00         0.00         0.00         0.00         0.00         0.00         0.00         0.00         0.00        24.41         38.19       872.51       169.53     1,042.04        25.41     1,016.63
7591          0.00         0.00         0.00         0.00         0.00         0.00         0.00         0.00         0.00         0.00         0.00         0.00          0.00         0.00         0.00         0.00         0.00         0.00
7397          1.00        48.00         0.00         0.00         0.00         0.00       104.13         0.00         0.00         0.00         0.00        20.57         54.73       780.28       155.20       935.48       173.70       761.78
7421          1.00         0.00         0.00         0.00         0.00         0.00         0.00         0.00         0.00         0.00         0.00        25.16         38.27       871.38       158.49     1,029.87        26.16     1,003.71
7595          1.00         0.00         0.00         0.00         0.00         0.00         0.00         0.00         0.00         0.00         0.00        20.06         35.42       915.88       200.14     1,116.02        21.06     1,094.96
7298          1.00         0.00         0.00         0.00         0.00         0.00       191.19         0.00         0.00         0.00         0.00        30.45          1.76     1,318.97       204.48     1,523.45       222.64     1,300.81
5396          1.00         0.00         0.00         0.00         0.00         0.00         0.00         0.00         0.00        53.85         0.00        22.72          0.00     1,504.88       220.34     1,725.22        77.57     1,647.65
5704          1.00         0.00         0.00         0.00         0.00         0.00         0.00         0.00         0.00        31.24         0.00        34.39          0.00     1,431.09       377.84     1,808.93        66.63     1,742.30
7503          0.00         0.00         0.00         0.00         0.00         0.00         0.00         0.00         0.00         0.00         0.00         0.00          0.00         0.00         0.00         0.00         0.00         0.00
7190          1.00         0.00         0.00         0.00         0.00         0.00         0.00         0.00         0.00        20.25         0.00        20.72          0.00     1,371.38       120.22     1,491.60        41.97     1,449.63
7280          1.00         0.00         0.00         0.00         0.00         0.00       104.13         0.00         0.00         0.00         0.00        22.20         75.71       239.71        95.80       335.51       127.33       208.18
7588          1.00         0.00         0.00         0.00         0.00         0.00         0.00         0.00         0.00         0.00         0.00        20.96         38.27       871.38       158.49     1,029.87        21.96     1,007.91
5588          1.00         0.00         0.00         0.00         0.00         0.00         0.00         0.00         0.00         0.00         0.00        23.37         38.27       871.38       158.49     1,029.87        24.37     1,005.50
6203          1.00         0.00         0.00         0.00         0.00         0.00       104.13         0.00         0.00         0.00         0.00        20.87         53.46       802.53       220.68     1,023.21       126.00       897.21
6582          1.00         0.00         0.00         0.00         0.00         0.00         0.00         0.00         0.00         0.00         0.00        20.06         38.19       872.51       169.53     1,042.04        21.06     1,020.98
7226          1.00         0.00         0.00         0.00         0.00         0.00         0.00         0.00         0.00         0.00         0.00        26.27         38.27       871.38       158.49     1,029.87        27.27     1,002.60
7613          1.00         0.00         0.00         0.00         0.00         0.00         0.00         0.00         0.00         0.00         0.00        18.65         44.47       861.38       164.69     1,026.07        19.65     1,006.42
3326          1.00         0.00         0.00         0.00         0.00         0.00         0.00         0.00         0.00        54.88         0.00        35.32          0.00     1,474.50       256.22     1,730.72        91.20     1,639.52
3960          1.00         0.00         0.00         0.00         0.00       283.45         0.00         0.00         0.00        21.31         0.00        30.83          0.00     1,339.87       361.49     1,701.36       336.59     1,364.77
2233          0.00         0.00         0.00         0.00         0.00         0.00         0.00         0.00         0.00         0.00         0.00         0.00          0.00         0.00         0.00         0.00         0.00         0.00
7584          1.00         0.00         0.00         0.00         0.00         0.00         0.00         0.00         0.00         0.00         0.00        19.83         36.06       905.88       200.78     1,106.66        20.83     1,085.83
0449          1.00         0.00       300.00         0.00         0.00       389.82         0.00         0.00         0.00        93.01         0.00        37.29          0.00     1,824.93       210.67     2,035.60       821.12     1,214.48
6934          1.00         0.00         0.00         0.00         0.00         0.00         0.00         0.00         0.00       342.85         0.00        84.39          0.00     2,999.45       460.71     3,460.16       428.24     3,031.92
7137          1.00         0.00         0.00         0.00         0.00         0.00         0.00         0.00         0.00        34.45         0.00        34.75          0.00     1,460.63       282.55     1,743.18        70.20     1,672.98
6682          1.00         0.00         0.00         0.00         0.00         0.00       124.60         0.00         0.00         0.00         0.00        17.70         50.20       765.70       146.37       912.07       143.30       768.77
1269          1.00         0.00         0.00         0.00         0.00         0.00         0.00         0.00         0.00         0.00         0.00        20.36         36.13       904.76       189.72     1,094.48        21.36     1,073.12
6006          1.00         0.00         0.00         0.00         0.00         0.00         0.00         0.00         0.00         0.00         0.00        24.83         38.27       871.38       158.49     1,029.87        25.83     1,004.04
1419          1.00         0.00         0.00         0.00         0.00       268.68         0.00         0.00         0.00        45.81         0.00        31.82          0.00     1,478.12       268.09     1,746.21       347.31     1,398.90
7605          1.00         0.00         0.00         0.00         0.00         0.00         0.00         0.00         0.00         0.00         0.00        19.90          3.90     1,205.13       190.87     1,396.00        20.90     1,375.10
7545          1.00         0.00         0.00         0.00         0.00         0.00         0.00         0.00         0.00       160.49         0.00        35.84          0.00     1,995.52       518.94     2,514.46       197.33     2,317.13
5905          1.00         0.00         0.00         0.00         0.00         0.00         0.00         0.00         0.00       157.08         0.00        37.30          0.00     1,964.16       330.80     2,294.96       195.38     2,099.58

















































EJECUTIVOS EN SERVICIOS DE ALIMENTOS, S.A. DE C.V.                                                                      Pagina: 0005
R.F.C.:                                                                                                                    5/NOV/19
REPORTE DE SUELDOS SEMANALES DEDUCCIONES


 
Codigo Desc Vales   Desc Zapatos Otras Deducc Desc Fonacot Pension Alim Desc Infonav Faltas       Inca Enferme Inca Riesgo  ISPT         Ajus ISPT    IMSS          Sub P/Empleo Tot Per Grav Tot Per Exce Total Percep Total Deducc Neto Pagado
..........................................................................................................................................................................................................................................
7462          1.00         0.00         0.00         0.00         0.00         0.00         0.00         0.00         0.00         0.00         0.00        24.99         29.72     1,004.88       294.56     1,299.44        25.99     1,273.45
3525          1.00         0.00         0.00         0.00         0.00         0.00         0.00         0.00         0.00        12.41         0.00        29.59          0.00     1,338.51       228.18     1,566.69        43.00     1,523.69
2451          1.00         0.00         0.00         0.00         0.00         0.00         0.00         0.00         0.00         0.00         0.00        23.76         35.42       915.88       244.64     1,160.52        24.76     1,135.76
6885          1.00         0.00         0.00         0.00         0.00         0.00       104.13         0.00         0.00         0.00         0.00        22.31         19.75     1,114.03       186.97     1,301.00       127.44     1,173.56
4775          1.00         0.00         0.00         0.00         0.00         0.00         0.00         0.00         0.00         0.00         0.00        26.18         19.42     1,165.88       184.14     1,350.02        27.18     1,322.84
7528          1.00         0.00         0.00         0.00         0.00         0.00         0.00         0.00         0.00         0.00         0.00        25.94         44.76       871.38       164.98     1,036.36        26.94     1,009.42
5671          1.00         0.00         0.00         0.00         0.00         0.00         0.00         0.00         0.00       149.36         0.00        47.35          0.00     1,893.24       283.71     2,176.95       197.71     1,979.24
4832          1.00         0.00         0.00         0.00         0.00         0.00         0.00         0.00         0.00        20.25         0.00        24.83          0.00     1,371.38       120.22     1,491.60        46.08     1,445.52
6567          1.00         0.00         0.00         0.00         0.00         0.00         0.00         0.00         0.00         0.00         0.00        26.88         36.13       904.76       189.72     1,094.48        27.88     1,066.60
3321          1.00         0.00         0.00         0.00         0.00         0.00         0.00         0.00         0.00       195.73         0.00        50.70          0.00     2,213.05       338.15     2,551.20       247.43     2,303.77
2112          1.00         0.00         0.00         0.00         0.00         0.00         0.00         0.00         0.00         0.00         0.00        22.87         38.27       871.38       158.49     1,029.87        23.87     1,006.00
0624          1.00         0.00         0.00         0.00         0.00         0.00         0.00         0.00         0.00       197.87         0.00        62.81          0.00     2,247.46       395.20     2,642.66       261.68     2,380.98
6877          1.00         0.00       250.00       141.34         0.00         0.00         0.00         0.00         0.00         0.00         0.00        30.29         10.00     1,105.86       130.22     1,236.08       422.63       813.45
4385          1.00         0.00         0.00         0.00         0.00         0.00         0.00         0.00         0.00         0.00         0.00        37.24          3.22     1,178.33       172.55     1,350.88        38.24     1,312.64
7378          1.00         0.00         0.00         0.00         0.00         0.00         0.00         0.00         0.00         0.00         0.00        22.59         37.48       883.63       179.95     1,063.58        23.59     1,039.99
0366          1.00         0.00         0.00         0.00         0.00         0.00         0.00         0.00         0.00       319.35         0.00        81.08          0.00     2,889.42       444.70     3,334.12       401.43     2,932.69
6206          1.00         0.00         0.00         0.00         0.00         0.00         0.00         0.00         0.00         0.00         0.00        26.80         10.96     1,090.76       166.28     1,257.04        27.80     1,229.24
7618          1.00         0.00         0.00         0.00         0.00         0.00         0.00         0.00         0.00         0.00         0.00        15.99         38.40       691.10       134.57       825.67        16.99       808.68
 
*** GLO     179.00       240.00     1,521.00       457.42         0.00     7,747.52     1,544.78       249.20         0.00     7,150.07         0.00     5,342.67      3,940.60   223,998.67                264,135.26    24,431.66   239,703.60
  







































































