EJECUTIVOS EN SERVICIOS DE ALIMENTOS, S.A. DE C.V.                                                                      Pagina: 0001
R.F.C.:                                                                                                                    2/NOV/19
REPORTE DE SUELDOS SEMANALES DEDUCCIONES


 
Codigo Desc Vales   Desc Zapatos Otras Deducc Desc Fonacot Pension Alim Desc Infonav Faltas       Inca Enferme Inca Riesgo  ISPT         Ajus ISPT    IMSS          Sub P/Empleo Tot Per Grav Tot Per Exce Total Percep Total Deducc Neto Pagado
..........................................................................................................................................................................................................................................
7879          1.00         0.00         0.00         0.00         0.00         0.00         0.00         0.00         0.00         0.00         0.00        20.08         38.27       871.38       158.49     1,029.87        21.08     1,008.79
6600          1.00         0.00         0.00         0.00         0.00         0.00       144.20         0.00         0.00         0.00         0.00        24.05         38.06       935.40       255.58     1,190.98       169.25     1,021.73
7685          1.00         0.00         0.00         0.00         0.00         0.00         0.00         0.00         0.00         0.00         0.00        32.30         35.53       914.15       162.59     1,076.74        33.30     1,043.44
7331          1.00         0.00         0.00         0.00         0.00         0.00         0.00         0.00         0.00         0.00         0.00        27.09         25.82     1,080.99       236.16     1,317.15        28.09     1,289.06
5933          1.00         0.00         0.00         0.00         0.00         0.00         0.00         0.00         0.00         0.00         0.00        33.56         38.73       965.65       217.29     1,182.94        34.56     1,148.38
7170          1.00         0.00         0.00         0.00         0.00         0.00         0.00         0.00         0.00         0.00         0.00        33.61         35.53       914.15       162.59     1,076.74        34.61     1,042.13
5201          1.00         0.00         0.00         0.00         0.00       335.50         0.00         0.00         0.00        47.98         0.00        37.61          0.00     1,498.02       220.48     1,718.50       422.09     1,296.41
3890          1.00         0.00         0.00         0.00         0.00         0.00         0.00         0.00         0.00       178.37         0.00        54.41          0.00     2,104.51       319.12     2,423.63       233.78     2,189.85
7834          1.00         0.00         0.00         0.00         0.00         0.00       361.53       241.02         0.00         0.00         0.00        12.00         50.78       759.92        74.68       834.60       615.55       219.05
3652          1.00         0.00         0.00         0.00         0.00       456.67         0.00         0.00         0.00       179.10         0.00        57.41          0.00     2,109.09       425.21     2,534.30       694.18     1,840.12
1123          1.00         0.00         0.00         0.00         0.00         0.00         0.00         0.00         0.00        28.15         0.00        37.64          0.00     1,402.68       244.73     1,647.41        66.79     1,580.62
7593          1.00         0.00         0.00         0.00         0.00         0.00         0.00         0.00         0.00        11.45         0.00        30.46          0.00     1,291.13       384.56     1,675.69        42.91     1,632.78
7903          0.00         0.00         0.00         0.00         0.00         0.00         0.00         0.00         0.00         0.00         0.00         0.00          0.00         0.00         0.00         0.00         0.00         0.00
7865          1.00         0.00         0.00         0.00         0.00         0.00         0.00         0.00         0.00         0.00         0.00        20.94         30.33       935.76       214.92     1,150.68        21.94     1,128.74
7916          0.00         0.00         0.00         0.00         0.00         0.00       361.53         0.00         0.00         0.00         0.00        12.76         39.93       826.51        39.93       866.44       374.29       492.15
7259          1.00         0.00         0.00         0.00         0.00         0.00       144.20         0.00         0.00         0.00         0.00        24.07         54.93       819.52       156.58       976.10       169.27       806.83
7312          1.00         0.00         0.00         0.00         0.00         0.00         0.00         0.00         0.00         0.00         0.00        23.77         32.33       964.06       218.87     1,182.93        24.77     1,158.16
7338          1.00         0.00         0.00         0.00         0.00         0.00         0.00         0.00         0.00         0.00         0.00        29.47         29.14     1,014.04       172.18     1,186.22        30.47     1,155.75
5677          1.00         0.00         0.00         0.00         0.00         0.00         0.00         0.00         0.00        51.87         0.00        34.77          0.00     1,533.78       338.80     1,872.58        87.64     1,784.94
7737          1.00         0.00         0.00         0.00         0.00         0.00         0.00         0.00         0.00         0.00         0.00        22.01         86.55       972.04       213.61     1,185.65        23.01     1,162.64
6210          1.00         0.00         0.00         0.00         0.00         0.00         0.00       120.51         0.00         0.00         0.00        24.01         46.33       832.13       322.68     1,154.81       145.52     1,009.29
6213          1.00         0.00         0.00         0.00         0.00         0.00         0.00         0.00         0.00         0.00         0.00        32.80         20.80     1,042.67       202.46     1,245.13        33.80     1,211.33
7896          1.00         0.00         0.00         0.00         0.00         0.00         0.00         0.00         0.00         0.00         0.00        20.08         38.27       871.38       158.49     1,029.87        21.08     1,008.79
0849          1.00         0.00         0.00         0.00         0.00         0.00         0.00         0.00         0.00         0.00         0.00        35.49         11.07     1,089.04       154.11     1,243.15        36.49     1,206.66
7536          1.00         0.00         0.00         0.00         0.00         0.00         0.00         0.00         0.00         0.00         0.00        24.87         29.57     1,007.15       259.63     1,266.78        25.87     1,240.91
7430          1.00         0.00         0.00         0.00         0.00         0.00         0.00         0.00         0.00       238.70         0.00        56.73          0.00     2,463.16       477.71     2,940.87       296.43     2,644.44
5181          1.00         0.00         0.00         0.00         0.00         0.00         0.00         0.00         0.00         0.00         0.00        27.20         37.63       914.15       164.69     1,078.84        28.20     1,050.64
7655          1.00         0.00         0.00         0.00         0.00         0.00         0.00         0.00         0.00         0.00         0.00        21.02         32.87       955.65       211.43     1,167.08        22.02     1,145.06
7919          0.00         0.00         0.00         0.00         0.00         0.00         0.00         0.00         0.00        82.20         0.00        24.21          0.00     1,052.92        82.68     1,135.60       106.41     1,029.19
7057          1.00         0.00         0.00         0.00         0.00         0.00         0.00         0.00         0.00         0.00         0.00        32.01          7.69     1,145.88       302.12     1,448.00        33.01     1,414.99
5558          1.00         0.00         0.00         0.00         0.00         0.00         0.00         0.00         0.00         5.84         0.00        29.68          0.00     1,235.79       258.91     1,494.70        36.52     1,458.18
4746          1.00         0.00         0.00         0.00         0.00       344.19         0.00         0.00         0.00        32.70         0.00        32.99          0.00     1,444.51       242.99     1,687.50       410.88     1,276.62
7663          1.00         0.00         0.00         0.00         0.00         0.00         0.00         0.00         0.00         0.00         0.00        26.73         13.11     1,151.47       159.08     1,310.55        27.73     1,282.82
7407          1.00         0.00         0.00         0.00         0.00         0.00         0.00         0.00         0.00         0.00         0.00        30.92          2.75     1,223.15       207.06     1,430.21        31.92     1,398.29
7828          1.00         0.00         0.00         0.00         0.00         0.00       241.02         0.00         0.00         0.00         0.00        22.39         31.28     1,062.15       391.94     1,454.09       264.41     1,189.68
7773          1.00         0.00         0.00         0.00         0.00         0.00       120.51         0.00         0.00         0.00         0.00        20.76         36.81       932.00       194.49     1,126.49       142.27       984.22
7839          1.00         0.00         0.00         0.00         0.00         0.00         0.00         0.00         0.00       244.99         0.00        59.79          0.00     2,519.17       521.45     3,040.62       305.78     2,734.84
1424          1.00         0.00         0.00         0.00         0.00       466.38         0.00         0.00         0.00       302.67         0.00        75.10          0.00     2,820.15       549.77     3,369.92       845.15     2,524.77
5280          1.00         0.00         0.00       362.10         0.00       435.11         0.00         0.00         0.00       161.40         0.00        48.09          0.00     2,003.82       373.00     2,376.82     1,007.70     1,369.12
7912          1.00         0.00         0.00         0.00         0.00         0.00         0.00         0.00         0.00         6.86         0.00        27.97          0.00     1,246.79       242.99     1,489.78        35.83     1,453.95
7742          1.00         0.00         0.00         0.00         0.00         0.00         0.00         0.00         0.00         0.00         0.00        21.03         36.17       904.15       163.23     1,067.38        22.03     1,045.35
5636          0.00         0.00         0.00         0.00         0.00         0.00         0.00         0.00         0.00         0.00         0.00         0.00          0.00         0.00         0.00         0.00         0.00         0.00
7883          1.00         0.00         0.00         0.00         0.00         0.00         0.00         0.00         0.00         0.00         0.00        23.19         32.33       964.06       167.37     1,131.43        24.19     1,107.24

















































EJECUTIVOS EN SERVICIOS DE ALIMENTOS, S.A. DE C.V.                                                                      Pagina: 0002
R.F.C.:                                                                                                                    2/NOV/19
REPORTE DE SUELDOS SEMANALES DEDUCCIONES


 
Codigo Desc Vales   Desc Zapatos Otras Deducc Desc Fonacot Pension Alim Desc Infonav Faltas       Inca Enferme Inca Riesgo  ISPT         Ajus ISPT    IMSS          Sub P/Empleo Tot Per Grav Tot Per Exce Total Percep Total Deducc Neto Pagado
..........................................................................................................................................................................................................................................
7894          1.00         0.00         0.00         0.00         0.00         0.00       120.51         0.00         0.00         0.00         0.00        17.88         44.23       873.63       221.95     1,095.58       139.39       956.19
6461          1.00         0.00       250.00         0.00         0.00         0.00         0.00         0.00         0.00         3.81         0.00        28.35          0.00     1,243.04       273.84     1,516.88       283.16     1,233.72
6765          0.00         0.00       300.00         0.00         0.00         0.00         0.00         0.00         0.00        62.53         0.00        33.92          0.00     1,631.73        78.39     1,710.12       396.45     1,313.67
7909          1.00         0.00         0.00         0.00         0.00         0.00         0.00         0.00         0.00         0.00         0.00        18.65         38.26       871.38       158.48     1,029.86        19.65     1,010.21
5000          1.00         0.00         0.00         0.00         0.00         0.00         0.00         0.00         0.00         0.00         0.00        29.55          4.65     1,188.13       175.55     1,363.68        30.55     1,333.13
7915          1.00         0.00         0.00         0.00         0.00         0.00         0.00         0.00         0.00         0.00         0.00        18.65          8.99     1,121.52       245.08     1,366.60        19.65     1,346.95
5644          1.00         0.00       150.00         0.00         0.00       337.88         0.00         0.00         0.00         2.94         0.00        28.41          0.00     1,257.98       288.79     1,546.77       520.23     1,026.54
6638          1.00         0.00         0.00         0.00         0.00         0.00         0.00         0.00         0.00         0.00         0.00        32.37         35.53       914.15       162.59     1,076.74        33.37     1,043.37
7800          1.00         0.00         0.00         0.00         0.00         0.00         0.00         0.00         0.00         0.00         0.00        21.69         36.43       900.01       195.27     1,095.28        22.69     1,072.59
6690          1.00         0.00         0.00         0.00         0.00         0.00         0.00         0.00         0.00        11.36         0.00        27.54          0.00     1,232.46       339.49     1,571.95        39.90     1,532.05
7168          1.00         0.00         0.00         0.00         0.00         0.00         0.00         0.00         0.00         0.00         0.00        23.00         12.64     1,068.65       268.45     1,337.10        24.00     1,313.10
7901          1.00         0.00         0.00         0.00         0.00         0.00         0.00         0.00         0.00         0.00         0.00        18.65         38.27       871.38       158.49     1,029.87        19.65     1,010.22
7786          1.00         0.00         0.00         0.00         0.00         0.00         0.00         0.00         0.00         0.00         0.00        25.12         38.91       861.38       159.13     1,020.51        26.12       994.39
4314          1.00         0.00         0.00         0.00         0.00         0.00         0.00         0.00         0.00       192.78         0.00        49.43          0.00     2,194.61       393.60     2,588.21       243.21     2,345.00
7904          0.00         0.00         0.00         0.00         0.00         0.00         0.00         0.00         0.00         0.00         0.00         0.00          0.00         0.00         0.00         0.00         0.00         0.00
7848          1.00         0.00         0.00         0.00         0.00         0.00       144.20         0.00         0.00         0.00         0.00        19.18         51.80       817.49       180.15       997.64       164.38       833.26
7632          1.00         0.00         0.00         0.00         0.00         0.00       120.51         0.00         0.00         0.00         0.00        27.07         37.05       928.69       239.79     1,168.48       148.58     1,019.90
7873          1.00         0.00         0.00         0.00         0.00         0.00         0.00         0.00         0.00         0.00         0.00        21.10         38.27       871.38       158.49     1,029.87        22.10     1,007.77
6504          0.00         0.00         0.00         0.00         0.00         0.00         0.00         0.00         0.00         0.00         0.00         0.00          0.00         0.00         0.00         0.00         0.00         0.00
7905          1.00         0.00         0.00         0.00         0.00         0.00       120.51         0.00       241.02         0.00         0.00        11.36         52.57       766.23       112.85       879.08       373.89       505.19
7801          1.00         0.00         0.00         0.00         0.00         0.00         0.00         0.00         0.00         0.00         0.00        26.58         20.33     1,180.38       217.80     1,398.18        27.58     1,370.60
7604          0.00         0.00         0.00         0.00         0.00         0.00       241.02         0.00         0.00         0.00         0.00        18.54         47.96       917.31        47.96       965.27       259.56       705.71
7918          1.00         0.00         0.00         0.00         0.00         0.00         0.00         0.00         0.00         0.00         0.00        13.32          6.71       796.52       151.45       947.97        14.32       933.65
7061          1.00         0.00         0.00         0.00         0.00         0.00         0.00         0.00         0.00        26.99         0.00        35.32          0.00     1,328.08       209.81     1,537.89        63.31     1,474.58
7847          1.00         0.00         0.00         0.00         0.00         0.00         0.00         0.00         0.00         0.00         0.00        20.38         38.91       861.38       159.13     1,020.51        21.38       999.13
7884          1.00         0.00         0.00         0.00         0.00         0.00         0.00         0.00         0.00       130.13         0.00        43.85          0.00     1,716.43       257.02     1,973.45       174.98     1,798.47
7633          1.00         0.00         0.00         0.00         0.00         0.00         0.00         0.00         0.00         0.00         0.00        29.69         36.17       904.15       163.23     1,067.38        30.69     1,036.69
7906          1.00         0.00         0.00         0.00         0.00         0.00         0.00         0.00         0.00       141.21         0.00        39.88          0.00     1,818.32       430.59     2,248.91       182.09     2,066.82
7914          1.00         0.00         0.00         0.00         0.00         0.00         0.00         0.00         0.00         0.00         0.00        13.32         29.89       582.35       110.26       692.61        14.32       678.29
2897          1.00         0.00         0.00         0.00         0.00         0.00         0.00         0.00         0.00         0.00         0.00        26.47         34.71       927.03       174.64     1,101.67        27.47     1,074.20
7614          1.00         0.00         0.00         0.00         0.00         0.00         0.00         0.00         0.00        71.25         0.00        48.18          0.00     1,624.91       377.83     2,002.74       120.43     1,882.31
3318          1.00         0.00         0.00         0.00         0.00       510.55         0.00         0.00         0.00       191.07         0.00        65.82          0.00     2,183.88       313.42     2,497.30       768.44     1,728.86
7804          1.00         0.00         0.00         0.00         0.00         0.00         0.00         0.00         0.00        55.18         0.00        37.71          0.00     1,564.18       232.66     1,796.84        93.89     1,702.95
5139          1.00         0.00       302.00         0.00         0.00       774.43         0.00         0.00         0.00       327.08         0.00        68.68          0.00     2,938.09       518.88     3,456.97     1,473.19     1,983.78
7921          1.00         0.00         0.00         0.00         0.00         0.00         0.00         0.00         0.00         0.00         0.00        10.66         20.30       522.39       132.08       654.47        11.66       642.81
6083          1.00         0.00         0.00         0.00         0.00         0.00         0.00         0.00         0.00         0.00         0.00        34.46         13.89     1,144.31       303.43     1,447.74        35.46     1,412.28
6766          1.00         0.00         0.00         0.00         0.00         0.00         0.00         0.00         0.00         0.00         0.00        26.88          8.00     1,134.45       171.91     1,306.36        27.88     1,278.48
4137          1.00         0.00         0.00         0.00         0.00         0.00         0.00         0.00         0.00       371.81         0.00        92.87          0.00     3,135.04       482.40     3,617.44       465.68     3,151.76
7913          1.00         0.00         0.00         0.00         0.00         0.00         0.00         0.00         0.00         0.00         0.00        15.99         34.01       727.93       134.48       862.41        16.99       845.42
7542          1.00         0.00         0.00         0.00         0.00         0.00         0.00         0.00         0.00         0.00         0.00        30.79         36.09       914.15       163.15     1,077.30        31.79     1,045.51
3780          1.00         0.00         0.00         0.00         0.00         0.00         0.00         0.00         0.00       196.97         0.00        39.48          0.00     1,870.23       361.58     2,231.81       237.45     1,994.36
6205          1.00         0.00         0.00         0.00         0.00         0.00         0.00         0.00         0.00         0.00         0.00        27.97         38.84       964.06       173.88     1,137.94        28.97     1,108.97
5027          1.00         0.00         0.00         0.00         0.00         0.00         0.00         0.00         0.00         9.36         0.00        39.42          0.00     1,230.04       143.04     1,373.08        49.78     1,323.30

















































EJECUTIVOS EN SERVICIOS DE ALIMENTOS, S.A. DE C.V.                                                                      Pagina: 0003
R.F.C.:                                                                                                                    2/NOV/19
REPORTE DE SUELDOS SEMANALES DEDUCCIONES


 
Codigo Desc Vales   Desc Zapatos Otras Deducc Desc Fonacot Pension Alim Desc Infonav Faltas       Inca Enferme Inca Riesgo  ISPT         Ajus ISPT    IMSS          Sub P/Empleo Tot Per Grav Tot Per Exce Total Percep Total Deducc Neto Pagado
..........................................................................................................................................................................................................................................
7818          1.00         0.00         0.00         0.00         0.00         0.00         0.00         0.00         0.00         0.00         0.00        27.56         27.30     1,042.67       208.96     1,251.63        28.56     1,223.07
7815          1.00         0.00         0.00         0.00         0.00         0.00         0.00         0.00         0.00         0.00         0.00        25.27         38.91       861.38       159.13     1,020.51        26.27       994.24
6839          1.00         0.00         0.00         0.00         0.00         0.00         0.00         0.00         0.00         0.00         0.00        21.32         31.41       978.53       222.84     1,201.37        22.32     1,179.05
5646          1.00         0.00         0.00         0.00         0.00         0.00         0.00         0.00         0.00         0.00         0.00        33.15         35.53       914.15       162.59     1,076.74        34.15     1,042.59
7708          1.00         0.00         0.00         0.00         0.00         0.00         0.00         0.00         0.00         0.00         0.00        27.63         38.20       914.15       165.26     1,079.41        28.63     1,050.78
7869          1.00         0.00         0.00         0.00         0.00         0.00       120.51         0.00         0.00         0.00         0.00        20.92         47.10       873.84       159.96     1,033.80       142.43       891.37
7882          1.00         0.00         0.00         0.00         0.00         0.00       288.40         0.00         0.00         0.00         0.00        15.90         54.67       833.60       191.17     1,024.77       305.30       719.47
5679          1.00         0.00         0.00         0.00         0.00         0.00         0.00         0.00         0.00        33.26         0.00        36.06          0.00     1,449.71       307.44     1,757.15        70.32     1,686.83
7892          1.00         0.00         0.00         0.00         0.00         0.00         0.00         0.00         0.00         0.00         0.00        23.62         28.30     1,014.04       171.34     1,185.38        24.62     1,160.76
7530          1.00         0.00         0.00         0.00         0.00         0.00         0.00         0.00         0.00         0.00         0.00        21.99         29.35     1,010.71       252.97     1,263.68        22.99     1,240.69
6028          1.00         0.00         0.00         0.00         0.00       407.29         0.00         0.00         0.00        32.73         0.00        31.78          0.00     1,444.81       296.26     1,741.07       472.80     1,268.27
6565          0.00         0.00         0.00         0.00         0.00         0.00         0.00         0.00         0.00         0.00         0.00         0.00          0.00         0.00         0.00         0.00         0.00         0.00
7753          1.00         0.00         0.00         0.00         0.00         0.00         0.00         0.00         0.00         0.00         0.00        29.12         27.30     1,042.67       208.96     1,251.63        30.12     1,221.51
3676          1.00         0.00         0.00         0.00         0.00         0.00         0.00         0.00         0.00       135.84         0.00        39.30          0.00     1,768.96       338.80     2,107.76       176.14     1,931.62
3221          1.00         0.00         0.00         0.00         0.00         0.00         0.00         0.00         0.00        40.58         0.00        31.22          0.00     1,430.01       371.60     1,801.61        72.80     1,728.81
7741          1.00         0.00         0.00         0.00         0.00         0.00         0.00         0.00         0.00         0.00         0.00        26.31         36.17       904.15       163.23     1,067.38        27.31     1,040.07
7779          1.00         0.00         0.00         0.00         0.00         0.00         0.00         0.00         0.00        78.06         0.00        27.42          0.00     1,687.55       293.04     1,980.59       106.48     1,874.11
7845          1.00         0.00         0.00         0.00         0.00         0.00         0.00         0.00         0.00         0.00         0.00        30.94         30.41     1,314.04       224.95     1,538.99        31.94     1,507.05
7920          1.00         0.00         0.00         0.00         0.00         0.00         0.00         0.00         0.00         0.00         0.00        13.32         37.80       520.82       109.93       630.75        14.32       616.43
2522          1.00         0.00         0.00         0.00         0.00         0.00         0.00         0.00         0.00         0.00         0.00        27.76         35.52       914.15       332.75     1,246.90        28.76     1,218.14
7875          0.00         0.00         0.00         0.00         0.00         0.00         0.00         0.00         0.00         0.00         0.00         0.00          0.00         0.00         0.00         0.00         0.00         0.00
0236          1.00         0.00         0.00         0.00         0.00       533.49         0.00         0.00         0.00       376.84         0.00        52.25          0.00     3,258.26       975.98     4,234.24       963.58     3,270.66
7080          1.00         0.00         0.00         0.00         0.00         0.00         0.00         0.00         0.00        53.98         0.00        38.50          0.00     1,553.09       340.29     1,893.38        93.48     1,799.90
5965          1.00         0.00         0.00         0.00         0.00         0.00         0.00         0.00         0.00         1.16         0.00        29.92          0.00     1,218.74       201.50     1,420.24        32.08     1,388.16
5447          1.00         0.00         0.00         0.00         0.00         0.00         0.00         0.00         0.00         0.00         0.00        31.26         29.77     1,004.04       172.81     1,176.85        32.26     1,144.59
7886          0.00         0.00         0.00         0.00         0.00         0.00         0.00         0.00         0.00         0.00         0.00         0.00          0.00         0.00         0.00         0.00         0.00         0.00
6685          1.00         0.00         0.00         0.00         0.00         0.00         0.00         0.00         0.00         0.00         0.00        29.07         28.94     1,017.15       315.72     1,332.87        30.07     1,302.80
5549          1.00         0.00         0.00         0.00         0.00         0.00         0.00         0.00         0.00         0.00         0.00        31.96          1.68     1,130.19       202.16     1,332.35        32.96     1,299.39
7911          1.00         0.00         0.00         0.00         0.00         0.00         0.00         0.00         0.00         0.00         0.00        18.65         19.58     1,061.67       159.11     1,220.78        19.65     1,201.13
7874          1.00         0.00         0.00         0.00         0.00         0.00         0.00         0.00         0.00         0.00         0.00        23.32         38.83       964.06       173.87     1,137.93        24.32     1,113.61
0854          1.00         0.00         0.00         0.00         0.00       332.71         0.00         0.00         0.00       150.66         0.00        41.65          0.00     1,905.15       394.58     2,299.73       526.02     1,773.71
7295          1.00         0.00         0.00         0.00         0.00         0.00         0.00         0.00         0.00         0.00         0.00        30.97         35.53       914.15       162.59     1,076.74        31.97     1,044.77
6832          1.00         0.00         0.00         0.00         0.00         0.00         0.00         0.00       602.55         0.00         0.00         8.69         51.10       743.22        72.33       815.55       612.24       203.31
4807          1.00         0.00         0.00         0.00         0.00         0.00         0.00         0.00         0.00       510.36         0.00       112.04          0.00     3,783.66       586.18     4,369.84       623.40     3,746.44
6821          1.00         0.00         0.00         0.00         0.00         0.00         0.00         0.00         0.00         0.00         0.00        28.55          3.24     1,178.13       174.14     1,352.27        29.55     1,322.72
3169          1.00         0.00         0.00         0.00         0.00         0.00         0.00         0.00         0.00         0.00         0.00        25.86         35.53       914.15       162.59     1,076.74        26.86     1,049.88
4514          1.00         0.00         0.00         0.00         0.00       364.81         0.00         0.00         0.00       103.36         0.00        34.49          0.00     1,920.07       338.80     2,258.87       503.66     1,755.21
7814          1.00         0.00         0.00         0.00         0.00         0.00         0.00         0.00         0.00         0.00         0.00        26.09         29.77     1,004.04       172.81     1,176.85        27.09     1,149.76
7754          1.00         0.00         0.00         0.00         0.00         0.00       120.51         0.00         0.00         0.00         0.00        19.53         54.75       796.38       155.22       951.60       141.04       810.56
7717          1.00         0.00         0.00         0.00         0.00         0.00         0.00         0.00         0.00        74.04         0.00        33.96          0.00     1,650.59       299.45     1,950.04       109.00     1,841.04
6014          1.00         0.00         0.00         0.00         0.00         0.00         0.00         0.00         0.00        42.73         0.00        32.26          0.00     1,449.71       291.77     1,741.48        75.99     1,665.49
7775          1.00         0.00         0.00         0.00         0.00         0.00         0.00         0.00         0.00         0.00         0.00        25.42         35.60       912.88       207.32     1,120.20        26.42     1,093.78
7551          1.00         0.00         0.00         0.00         0.00         0.00         0.00         0.00         0.00        69.45         0.00        35.25          0.00     1,695.33       301.63     1,996.96       105.70     1,891.26

















































EJECUTIVOS EN SERVICIOS DE ALIMENTOS, S.A. DE C.V.                                                                      Pagina: 0004
R.F.C.:                                                                                                                    2/NOV/19
REPORTE DE SUELDOS SEMANALES DEDUCCIONES


 
Codigo Desc Vales   Desc Zapatos Otras Deducc Desc Fonacot Pension Alim Desc Infonav Faltas       Inca Enferme Inca Riesgo  ISPT         Ajus ISPT    IMSS          Sub P/Empleo Tot Per Grav Tot Per Exce Total Percep Total Deducc Neto Pagado
..........................................................................................................................................................................................................................................
7715          1.00         0.00         0.00         0.00         0.00         0.00       120.51         0.00         0.00         0.00         0.00        25.64         46.33       832.13       204.01     1,036.14       147.15       888.99
3827          1.00         0.00         0.00         0.00         0.00         0.00         0.00         0.00         0.00         0.00         0.00        29.36         17.18     1,099.24       248.78     1,348.02        30.36     1,317.66
5412          1.00         0.00         0.00         0.00         0.00         0.00         0.00         0.00         0.00         0.00         0.00        30.21         36.17       904.15       163.23     1,067.38        31.21     1,036.17
4504          1.00         0.00         0.00         0.00         0.00         0.00         0.00         0.00         0.00       193.63         0.00        73.23          0.00     2,199.89       318.38     2,518.27       267.86     2,250.41
7395          1.00         0.00         0.00         0.00         0.00         0.00         0.00         0.00         0.00         0.00         0.00        31.86         39.47       954.06       174.51     1,128.57        32.86     1,095.71
0214          1.00         0.00         0.00         0.00         0.00         0.00         0.00         0.00         0.00       510.36         0.00       110.55          0.00     3,783.66       586.18     4,369.84       621.91     3,747.93
7849          1.00         0.00         0.00         0.00         0.00         0.00         0.00         0.00         0.00         0.00         0.00        20.18         25.29     1,022.32       306.44     1,328.76        21.18     1,307.58
6321          0.00         0.00         0.00         0.00         0.00         0.00         0.00         0.00         0.00         0.00         0.00         0.00          0.00         0.00         0.00         0.00         0.00         0.00
5232          1.00         0.00         0.00         0.00         0.00         0.00         0.00         0.00         0.00        66.96         0.00        46.41          0.00     1,585.49       387.66     1,973.15       114.37     1,858.78
4958          1.00         0.00         0.00         0.00         0.00         0.00         0.00         0.00         0.00         0.00         0.00        30.51         35.53       914.15       162.59     1,076.74        31.51     1,045.23
7880          1.00         0.00         0.00         0.00         0.00         0.00       120.51         0.00         0.00         0.00         0.00        21.10         41.03       977.90       180.12     1,158.02       142.61     1,015.41
3979          1.00         0.00         0.00         0.00         0.00         0.00         0.00         0.00         0.00       720.03         0.00       103.06          0.00     4,765.32       869.26     5,634.58       824.09     4,810.49
7902          1.00         0.00         0.00         0.00         0.00         0.00         0.00         0.00         0.00         0.00         0.00        18.65         11.17     1,087.42       227.95     1,315.37        19.65     1,295.72
0442          1.00         0.00         0.00         0.00         0.00         0.00         0.00         0.00         0.00        45.93         0.00        34.10          0.00     1,479.12       304.53     1,783.65        81.03     1,702.62
7699          0.00         0.00         0.00         0.00         0.00         0.00         0.00         0.00         0.00         0.00         0.00         0.00          0.00         0.00         0.00         0.00         0.00         0.00
7857          1.00         0.00         0.00         0.00         0.00         0.00         0.00         0.00         0.00       146.67         0.00        47.09          0.00     1,868.43       397.15     2,265.58       194.76     2,070.82
7330          0.00         0.00         0.00         0.00         0.00         0.00         0.00         0.00         0.00         0.00         0.00         0.00          0.00         0.00         0.00         0.00         0.00         0.00
7719          1.00         0.00         0.00         0.00         0.00         0.00       120.51         0.00         0.00         0.00         0.00        27.34         46.90       832.13       153.08       985.21       148.85       836.36
7846          1.00         0.00         0.00         0.00         0.00         0.00         0.00         0.00         0.00         7.27         0.00        24.24          0.00     1,168.54       181.66     1,350.20        32.51     1,317.69
7421          1.00         0.00         0.00         0.00         0.00         0.00         0.00         0.00         0.00         0.00         0.00        29.22         15.02     1,133.03       206.45     1,339.48        30.22     1,309.26
7776          1.00         0.00         0.00         0.00         0.00         0.00         0.00         0.00         0.00         0.00         0.00        28.36         45.48       861.38       165.70     1,027.08        29.36       997.72
7823          1.00         0.00         0.00         0.00         0.00         0.00         0.00         0.00         0.00         0.00         0.00        21.33         38.27       871.38       158.49     1,029.87        22.33     1,007.54
7298          1.00         0.00         0.00         0.00         0.00         0.00         0.00         0.00         0.00        51.57         0.00        36.47          0.00     1,530.97       270.37     1,801.34        89.04     1,712.30
7758          1.00         0.00         0.00         0.00         0.00         0.00       241.02         0.00         0.00         0.00         0.00        21.46         53.86       809.90       138.81       948.71       263.48       685.23
5396          1.00         0.00         0.00         0.00         0.00         0.00         0.00         0.00         0.00         0.00         0.00        33.69         31.41       978.53       222.84     1,201.37        34.69     1,166.68
5704          1.00         0.00         0.00         0.00         0.00         0.00         0.00         0.00         0.00        58.94         0.00        32.96          0.00     1,511.74       355.97     1,867.71        92.90     1,774.81
7588          1.00         0.00         0.00         0.00         0.00         0.00         0.00         0.00         0.00         0.00         0.00        30.74         35.53       914.15       332.76     1,246.91        31.74     1,215.17
7821          1.00         0.00         0.00         0.00         0.00         0.00         0.00         0.00         0.00         0.00         0.00        30.22         29.14     1,014.04       172.18     1,186.22        31.22     1,155.00
5588          1.00         0.00         0.00         0.00         0.00         0.00         0.00         0.00         0.00         0.00         0.00        27.74         38.20       914.15       165.26     1,079.41        28.74     1,050.67
6203          1.00         0.00         0.00         0.00         0.00         0.00         0.00         0.00         0.00        48.48         0.00        24.35          0.00     1,326.11       250.91     1,577.02        73.83     1,503.19
6582          1.00         0.00         0.00         0.00         0.00         0.00         0.00         0.00         0.00         0.00         0.00        26.80         36.17       904.15       163.23     1,067.38        27.80     1,039.58
7392          1.00         0.00        10.00         0.00         0.00         0.00         0.00         0.00         0.00        22.01         0.00        29.10          0.00     1,377.65       204.31     1,581.96        62.11     1,519.85
7226          1.00         0.00         0.00         0.00         0.00         0.00         0.00         0.00         0.00         0.00         0.00        32.96         29.14     1,014.04       172.18     1,186.22        33.96     1,152.26
7664          1.00         0.00         0.00         0.00         0.00         0.00         0.00         0.00         0.00         0.00         0.00        28.30         36.17       904.15       219.95     1,124.10        29.30     1,094.80
7885          1.00         0.00         0.00         0.00         0.00         0.00         0.00         0.00         0.00         0.00         0.00        21.46         38.27       871.38       158.49     1,029.87        22.46     1,007.41
3326          1.00         0.00         0.00         0.00         0.00       352.72         0.00         0.00         0.00        47.98         0.00        37.79          0.00     1,498.02       220.48     1,718.50       439.49     1,279.01
0449          1.00         0.00         0.00         0.00         0.00       447.60         0.00         0.00         0.00        18.50         0.00        46.29          0.00     1,314.04       143.04     1,457.08       513.39       943.69
6934          1.00         0.00         0.00         0.00         0.00         0.00         0.00         0.00         0.00       342.84         0.00        84.19          0.00     2,999.45       460.71     3,460.16       428.03     3,032.13
7137          1.00         0.00         0.00         0.00         0.00         0.00         0.00         0.00         0.00        52.37         0.00        36.53          0.00     1,538.38       199.19     1,737.57        89.90     1,647.67
6682          1.00         0.00        10.00         0.00         0.00         0.00       144.20         0.00         0.00         0.00         0.00        18.36         50.20       785.30       146.37       931.67       173.56       758.11
1269          1.00         0.00         0.00         0.00         0.00         0.00         0.00         0.00         0.00         0.00         0.00        29.21         36.17       904.15       163.23     1,067.38        30.21     1,037.17
7890          1.00         0.00         0.00         0.00         0.00         0.00       120.51         0.00         0.00         0.00         0.00        19.21         54.75       796.38       206.72     1,003.10       140.72       862.38
6006          0.00         0.00         0.00         0.00         0.00         0.00         0.00         0.00         0.00         0.00         0.00        25.59         31.21       981.60        31.21     1,012.81        25.59       987.22

















































EJECUTIVOS EN SERVICIOS DE ALIMENTOS, S.A. DE C.V.                                                                      Pagina: 0005
R.F.C.:                                                                                                                    2/NOV/19
REPORTE DE SUELDOS SEMANALES DEDUCCIONES


 
Codigo Desc Vales   Desc Zapatos Otras Deducc Desc Fonacot Pension Alim Desc Infonav Faltas       Inca Enferme Inca Riesgo  ISPT         Ajus ISPT    IMSS          Sub P/Empleo Tot Per Grav Tot Per Exce Total Percep Total Deducc Neto Pagado
..........................................................................................................................................................................................................................................
1419          1.00         0.00         0.00         0.00         0.00       268.68         0.00         0.00         0.00        59.92         0.00        39.46          0.00     1,607.73       268.33     1,876.06       369.06     1,507.00
7868          1.00         0.00         0.00         0.00         0.00         0.00         0.00         0.00         0.00         9.85         0.00        24.50          0.00     1,234.44       250.91     1,485.35        35.35     1,450.00
7887          1.00         0.00         0.00         0.00         0.00         0.00         0.00         0.00         0.00         0.00         0.00        20.06         38.27       871.38       158.49     1,029.87        21.06     1,008.81
3525          1.00         0.00         0.00         0.00         0.00         0.00         0.00         0.00         0.00         9.73         0.00        32.51          0.00     1,297.47       225.12     1,522.59        43.24     1,479.35
7855          0.00         0.00         0.00         0.00         0.00         0.00         0.00         0.00         0.00         0.00         0.00         0.00          0.00         0.00         0.00         0.00         0.00         0.00
6885          1.00         0.00         0.00         0.00         0.00         0.00         0.00         0.00         0.00        14.22         0.00        32.74          0.00     1,274.65       345.93     1,620.58        47.96     1,572.62
7893          1.00         0.00         0.00         0.00         0.00         0.00         0.00         0.00         0.00         0.00         0.00        19.98         26.73     1,051.63       211.32     1,262.95        20.98     1,241.97
7907          1.00         0.00         0.00         0.00         0.00         0.00         0.00         0.00         0.00       131.22         0.00        39.88          0.00     1,726.43       257.02     1,983.45       172.10     1,811.35
4775          1.00         0.00         0.00         0.00         0.00         0.00         0.00         0.00         0.00         0.00         0.00        30.17         32.05       968.53       223.48     1,192.01        31.17     1,160.84
7528          1.00         0.00         0.00         0.00         0.00         0.00         0.00         0.00         0.00         0.00         0.00        28.58         29.86     1,002.69       255.02     1,257.71        29.58     1,228.13
4832          1.00         0.00         0.00         0.00         0.00         0.00         0.00         0.00         0.00         0.00         0.00        28.01         35.53       914.15       162.59     1,076.74        29.01     1,047.73
7836          0.00         0.00         0.00         0.00         0.00         0.00         0.00         0.00         0.00         0.00         0.00         0.00          0.00         0.00         0.00         0.00         0.00         0.00
7824          1.00         0.00         0.00         0.00         0.00         0.00         0.00         0.00         0.00         0.00         0.00        26.99         38.27       871.38       158.49     1,029.87        27.99     1,001.88
3321          1.00         0.00         0.00         0.00         0.00         0.00         0.00         0.00         0.00       243.47         0.00        63.70          0.00     2,489.79       504.45     2,994.24       308.17     2,686.07
2112          1.00         0.00         0.00         0.00         0.00         0.00         0.00         0.00         0.00         0.00         0.00        30.84         35.53       914.15       162.59     1,076.74        31.84     1,044.90
0624          1.00         0.00         0.00         0.00         0.00         0.00         0.00         0.00         0.00       168.15         0.00        53.30          0.00     2,061.75       430.35     2,492.10       222.45     2,269.65
6877          1.00         0.00         0.00       194.15         0.00         0.00         0.00         0.00         0.00         0.00         0.00        30.78          8.00     1,134.45       171.91     1,306.36       225.93     1,080.43
4385          1.00         0.00         0.00         0.00         0.00         0.00         0.00         0.00         0.00        48.74         0.00        35.42          0.00     1,504.95       199.19     1,704.14        85.16     1,618.98
7378          0.00         0.00         0.00         0.00         0.00         0.00       241.02         0.00         0.00         0.00         0.00        17.33         41.72       887.43        67.47       954.90       258.35       696.55
0366          1.00         0.00         0.00         0.00         0.00         0.00         0.00         0.00         0.00       397.04         0.00        86.30          0.00     3,253.15       715.05     3,968.20       484.34     3,483.86
7917          1.00         0.00         0.00         0.00         0.00         0.00         0.00         0.00         0.00         0.00         0.00        13.32         37.80       520.82       109.93       630.75        14.32       616.43
6206          1.00         0.00         0.00         0.00         0.00         0.00         0.00         0.00         0.00        29.78         0.00        31.37          0.00     1,417.66       308.62     1,726.28        62.15     1,664.13
4366          1.00         0.00         0.00         0.00         0.00         0.00         0.00         0.00         0.00         0.00         0.00        29.75         17.57     1,014.04       160.61     1,174.65        30.75     1,143.90
7618          1.00         0.00         0.00         0.00         0.00         0.00         0.00         0.00         0.00         0.00         0.00        24.89         28.52     1,023.59       265.01     1,288.60        25.89     1,262.71
 
*** GLO     178.00         0.00     1,022.00       556.25         0.00     6,368.01     3,757.44       361.53       843.57     8,515.46         0.00     5,929.27      3,846.22   234,658.45                279,532.40    27,531.53   252,000.87
  

































































