EJECUTIVOS EN SERVICIOS DE ALIMENTOS, S.A. DE C.V.                                                                      Pagina: 0001
R.F.C.:                                                                                                                    2/NOV/19
REPORTE DE SUELDOS SEMANALES DEDUCCIONES


 
Codigo Desc Vales   Desc Zapatos Otras Deducc Desc Fonacot Pension Alim Desc Infonav Faltas       Inca Enferme Inca Riesgo  ISPT         Ajus ISPT    IMSS          Sub P/Empleo Tot Per Grav Tot Per Exce Total Percep Total Deducc Neto Pagado
..........................................................................................................................................................................................................................................
7840          1.00         0.00         0.00         0.00         0.00         0.00         0.00         0.00         0.00       289.63         0.00        49.55          0.00     2,747.43       604.16     3,351.59       340.18     3,011.41
7505          1.00         0.00         0.00         0.00         0.00         0.00         0.00         0.00         0.00        60.93         0.00        24.12          0.00     1,617.04       246.04     1,863.08        86.05     1,777.03
6600          1.00         0.00         0.00         0.00         0.00         0.00         0.00         0.00         0.00         0.00         0.00        20.07         33.13       951.51       243.47     1,194.98        21.07     1,173.91
7685          1.00         0.00         0.00         0.00         0.00         0.00         0.00         0.00         0.00         0.00         0.00        27.04         38.26       871.38       185.31     1,056.69        28.04     1,028.65
7331          1.00         0.00         0.00         0.00         0.00         0.00         0.00         0.00         0.00         0.00         0.00        23.71         34.96       922.88       206.68     1,129.56        24.71     1,104.85
5933          1.00         0.00         0.00         0.00         0.00         0.00         0.00         0.00         0.00         0.00         0.00        27.01         31.67       974.38       306.39     1,280.77        28.01     1,252.76
7170          1.00         0.00         0.00         0.00         0.00         0.00         0.00         0.00         0.00         0.00         0.00        30.70         30.02     1,000.13       330.49     1,330.62        31.70     1,298.92
7774          1.00         0.00         0.00         0.00         0.00         0.00         0.00         0.00         0.00         0.00         0.00        19.81         34.14       935.76       218.73     1,154.49        20.81     1,133.68
5201          1.00         0.00         0.00         0.00         0.00       312.81         0.00         0.00         0.00       158.20         0.00        36.20          0.00     1,974.50       256.22     2,230.72       508.21     1,722.51
3890          1.00         0.00         0.00         0.00         0.00         0.00         0.00         0.00         0.00       178.36         0.00        54.71          0.00     2,104.51       319.12     2,423.63       234.07     2,189.56
7834          1.00         0.00         0.00         0.00         0.00         0.00         0.00         0.00         0.00         0.00         0.00        23.59          9.28     1,117.04       306.82     1,423.86        24.59     1,399.27
3652          1.00         0.00         0.00         0.00         0.00       380.99         0.00         0.00         0.00       154.00         0.00        51.13          0.00     1,935.94       367.50     2,303.44       587.12     1,716.32
1123          1.00         0.00         0.00         0.00         0.00         0.00         0.00         0.00         0.00        46.02         0.00        48.57          0.00     1,480.01       438.34     1,918.35        95.59     1,822.76
4044          1.00         0.00         0.00         0.00         0.00         0.00         0.00         0.00         0.00        31.23         0.00        33.04          0.00     1,431.09       377.84     1,808.93        65.27     1,743.66
7593          1.00         0.00         0.00         0.00         0.00         0.00         0.00         0.00         0.00         0.00         0.00        26.65         35.79       910.01       194.63     1,104.64        27.65     1,076.99
7259          1.00         0.00         0.00         0.00         0.00         0.00         0.00         0.00         0.00         0.00         0.00        21.27         38.90       861.38       159.12     1,020.50        22.27       998.23
7312          1.00         0.00         0.00         0.00         0.00         0.00       120.51         0.00         0.00         0.00         0.00        20.72         33.62       976.84       249.48     1,226.32       142.23     1,084.09
7338          1.00         0.00         0.00         0.00         0.00         0.00         0.00         0.00         0.00         0.00         0.00        24.12         29.13     1,014.04       172.17     1,186.21        25.12     1,161.09
5677          1.00         0.00         0.00         0.00         0.00         0.00         0.00         0.00         0.00        29.23         0.00        33.57          0.00     1,412.68       300.47     1,713.15        63.80     1,649.35
7737          1.00         0.00         0.00         0.00         0.00         0.00         0.00         0.00         0.00         0.00         0.00        19.82         38.90       861.38       159.12     1,020.50        20.82       999.68
6210          1.00         0.00         0.00         0.00         0.00         0.00         0.00         0.00         0.00         0.00         0.00        27.88         30.21       997.13       176.18     1,173.31        28.88     1,144.43
6213          1.00         0.00         0.00         0.00         0.00         0.00         0.00         0.00         0.00       178.77         0.00        25.36          0.00     2,107.04       246.04     2,353.08       205.13     2,147.95
7812          1.00         0.00         0.00         0.00         0.00         0.00         0.00         0.00         0.00         0.00         0.00        21.62         38.26       871.38       158.48     1,029.86        22.62     1,007.24
0849          1.00         0.00         0.00         0.00         0.00         0.00         0.00         0.00         0.00        57.88         0.00        28.63          0.00     1,589.04       143.04     1,732.08        87.51     1,644.57
7536          1.00         0.00         0.00         0.00         0.00         0.00       144.20         0.00         0.00         0.00         0.00        18.06         50.19       785.30       226.86     1,012.16       163.26       848.90
7430          1.00         0.00         0.00         0.00         0.00         0.00         0.00         0.00         0.00       232.31         0.00        69.76          0.00     2,427.56       715.81     3,143.37       303.07     2,840.30
5181          1.00         0.00         0.00         0.00         0.00         0.00         0.00         0.00         0.00         0.00         0.00        20.64         38.26       871.38       158.48     1,029.86        21.64     1,008.22
7655          1.00         0.00         0.00         0.00         0.00         0.00         0.00         0.00         0.00         0.00         0.00        22.54         33.95       938.63       231.42     1,170.05        23.54     1,146.51
7057          1.00         0.00         0.00         0.00         0.00         0.00         0.00         0.00         0.00       157.10         0.00        23.94          0.00     1,964.38       223.22     2,187.60       182.04     2,005.56
5558          1.00         0.00         0.00         0.00         0.00         0.00         0.00         0.00         0.00       180.37         0.00        30.74          0.00     2,117.04       246.04     2,363.08       212.11     2,150.97
4746          1.00         0.00         0.00         0.00         0.00       337.44         0.00         0.00         0.00        45.57         0.00        34.99          0.00     1,475.86       274.35     1,750.21       419.00     1,331.21
7663          1.00         0.00         0.00         0.00         0.00         0.00         0.00         0.00         0.00         0.00         0.00        27.30          8.72     1,125.72       128.94     1,254.66        28.30     1,226.36
7407          1.00         0.00         0.00         0.00         0.00         0.00         0.00         0.00         0.00        26.37         0.00        29.01          0.00     1,386.38       377.72     1,764.10        56.38     1,707.72
7828          1.00         0.00         0.00         0.00         0.00         0.00         0.00         0.00         0.00         0.00         0.00        22.14          9.18     1,118.56       260.09     1,378.65        23.14     1,355.51
7773          1.00         0.00         0.00         0.00         0.00         0.00         0.00         0.00         0.00         0.00         0.00        21.02         33.95       938.63       231.42     1,170.05        22.02     1,148.03
7839          1.00         0.00         0.00         0.00         0.00         0.00         0.00         0.00         0.00       179.96         0.00        53.71          0.00     2,114.51       319.12     2,433.63       234.67     2,198.96
1424          1.00         0.00       250.00         0.00         0.00       457.22         0.00         0.00         0.00       319.52         0.00        96.37          0.00     2,890.24       619.86     3,510.10     1,124.11     2,385.99
5280          1.00         0.00         0.00       362.10         0.00       435.11         0.00         0.00         0.00       152.32         0.00        48.39          0.00     1,920.48       289.67     2,210.15       998.92     1,211.23
7742          1.00         0.00         0.00         0.00         0.00         0.00       144.20         0.00         0.00         0.00         0.00        17.74         50.19       785.30       146.36       931.66       162.94       768.72
6461          1.00         0.00       200.00         0.00         0.00         0.00         0.00         0.00         0.00         0.00         0.00        30.67          8.37     1,130.94       206.22     1,337.16       231.67     1,105.49
6765          1.00         0.00         0.00         0.00         0.00         0.00       146.75         0.00         0.00         0.00         0.00        31.74          8.60     1,251.98       243.68     1,495.66       179.49     1,316.17
7694          1.00         0.00         0.00         0.00         0.00         0.00       120.51         0.00         0.00         0.00         0.00        19.77         35.04       950.88       341.51     1,292.39       141.28     1,151.11
7752          1.00         0.00         0.00         0.00         0.00         0.00         0.00         0.00         0.00         0.00         0.00        22.28         71.69       436.76       131.97       568.73        23.28       545.45

















































EJECUTIVOS EN SERVICIOS DE ALIMENTOS, S.A. DE C.V.                                                                      Pagina: 0002
R.F.C.:                                                                                                                    2/NOV/19
REPORTE DE SUELDOS SEMANALES DEDUCCIONES


 
Codigo Desc Vales   Desc Zapatos Otras Deducc Desc Fonacot Pension Alim Desc Infonav Faltas       Inca Enferme Inca Riesgo  ISPT         Ajus ISPT    IMSS          Sub P/Empleo Tot Per Grav Tot Per Exce Total Percep Total Deducc Neto Pagado
..........................................................................................................................................................................................................................................
6657          0.00         0.00         0.00         0.00         0.00         0.00         0.00         0.00         0.00         0.00         0.00         0.00          0.00         0.00         0.00         0.00         0.00         0.00
5000          1.00         0.00         0.00         0.00         0.00         0.00         0.00         0.00         0.00        13.42         0.00        29.00          0.00     1,267.34       360.45     1,627.79        43.42     1,584.37
5644          1.00         0.00         0.00         0.00         0.00       331.25         0.00         0.00         0.00         0.00         0.00        29.88          6.75     1,145.89       219.54     1,365.43       362.13     1,003.30
6638          1.00         0.00         0.00         0.00         0.00         0.00         0.00         0.00         0.00         0.00         0.00        21.08         38.26       871.38       158.48     1,029.86        22.08     1,007.78
7800          1.00         0.00         0.00         0.00         0.00         0.00         0.00         0.00         0.00         0.00         0.00        20.31         38.90       861.38       159.12     1,020.50        21.31       999.19
6690          1.00         0.00         0.00         0.00         0.00         0.00         0.00         0.00         0.00         0.00         0.00        21.32         33.13       951.51       243.47     1,194.98        22.32     1,172.66
7168          1.00         0.00         0.00         0.00         0.00         0.00       120.51         0.00         0.00         0.00         0.00        25.75         48.29       796.38       148.76       945.14       147.26       797.88
4233          0.00         0.00         0.00         0.00         0.00         0.00         0.00         0.00         0.00         0.00         0.00        10.66         21.92       497.04        21.92       518.96        10.66       508.30
7786          1.00         0.00         0.00         0.00         0.00         0.00         0.00         0.00         0.00         0.00         0.00        20.19         38.90       861.38       159.12     1,020.50        21.19       999.31
4314          1.00         0.00         0.00         0.00         0.00         0.00         0.00         0.00         0.00       163.39         0.00        60.16          0.00     2,010.95       301.75     2,312.70       224.55     2,088.15
7632          1.00         0.00         0.00         0.00         0.00         0.00         0.00         0.00         0.00         0.00         0.00        26.13         38.26       871.38       158.48     1,029.86        27.13     1,002.73
6504          1.00         0.00         0.00         0.00         0.00         0.00         0.00         0.00         0.00         0.00         0.00        22.83         38.26       871.38       185.31     1,056.69        23.83     1,032.86
7801          1.00         0.00         0.00         0.00         0.00         0.00         0.00         0.00         0.00         0.00         0.00        21.88         31.67       974.38       306.39     1,280.77        22.88     1,257.89
7604          1.00         0.00         0.00         0.00         0.00         0.00       120.51         0.00         0.00         0.00         0.00        19.15         48.29       796.38       148.76       945.14       140.66       804.48
7061          1.00         0.00         0.00         0.00         0.00         0.00         0.00         0.00         0.00         9.23         0.00        30.29          0.00     1,228.86       274.72     1,503.58        40.52     1,463.06
7805          1.00         0.00         0.00         0.00         0.00         0.00         0.00         0.00         0.00        23.71         0.00        29.75          0.00     1,361.96       276.44     1,638.40        54.46     1,583.94
7633          1.00         0.00         0.00         0.00         0.00         0.00         0.00         0.00         0.00         0.00         0.00        22.99         38.90       861.38       159.12     1,020.50        23.99       996.51
7428          1.00         0.00         0.00         0.00         0.00         0.00         0.00         0.00         0.00         0.00         0.00        25.15         31.67       974.38       306.39     1,280.77        26.15     1,254.62
2897          1.00         0.00         0.00         0.00         0.00         0.00         0.00         0.00         0.00         0.00         0.00        19.86         38.90       861.38       159.12     1,020.50        20.86       999.64
7558          1.00         0.00         0.00         0.00         0.00         0.00         0.00         0.00         0.00         0.00         0.00        23.03         38.26       871.38       158.48     1,029.86        24.03     1,005.83
6360          1.00         0.00         0.00         0.00         0.00         0.00       120.51         0.00         0.00         0.00         0.00        19.14         48.29       796.38       148.76       945.14       140.65       804.49
7614          1.00         0.00         0.00         0.00         0.00         0.00       171.38         0.00         0.00         0.00         0.00        26.89         27.85     1,132.81       152.10     1,284.91       199.27     1,085.64
3318          1.00         0.00         0.00         0.00         0.00       500.52         0.00         0.00         0.00       306.57         0.00        60.38          0.00     2,829.62       459.16     3,288.78       868.47     2,420.31
7706          1.00         0.00         0.00         0.00         0.00         0.00         0.00         0.00         0.00         0.00         0.00        23.07         38.90       861.38       159.12     1,020.50        24.07       996.43
7804          1.00         0.00         0.00         0.00         0.00         0.00         0.00         0.00         0.00        75.04         0.00        39.55          0.00     1,670.69       339.16     2,009.85       115.59     1,894.26
5139          1.00         0.00         0.00         0.00         0.00       759.20         0.00         0.00         0.00       270.04         0.00        84.29          0.00     2,638.09       359.48     2,997.57     1,114.53     1,883.04
6083          1.00         0.00         0.00         0.00         0.00         0.00         0.00         0.00         0.00         0.00         0.00        29.84          1.77     1,191.67       402.40     1,594.07        30.84     1,563.23
6766          1.00         0.00         0.00         0.00         0.00         0.00         0.00         0.00         0.00         0.00         0.00        26.31          9.11     1,119.61       206.69     1,326.30        27.31     1,298.99
4137          1.00         0.00         0.00         0.00         0.00         0.00         0.00         0.00         0.00       371.80         0.00       137.60          0.00     3,135.04       482.40     3,617.44       510.40     3,107.04
7542          1.00         0.00         0.00         0.00         0.00         0.00         0.00         0.00         0.00         0.00         0.00        26.38         30.02     1,000.13       330.49     1,330.62        27.38     1,303.24
7756          1.00         0.00         0.00         0.00         0.00         0.00         0.00         0.00         0.00         0.00         0.00        22.59         38.26       871.38       158.48     1,029.86        23.59     1,006.27
7759          0.00         0.00         0.00         0.00         0.00         0.00         0.00         0.00         0.00         0.00         0.00         0.00          0.00         0.00         0.00         0.00         0.00         0.00
3780          1.00         0.00         0.00         0.00         0.00         0.00         0.00         0.00         0.00        51.80         0.00        37.18          0.00     1,533.14       224.86     1,758.00        89.98     1,668.02
6205          1.00         0.00         0.00         0.00         0.00         0.00         0.00         0.00         0.00         0.00         0.00        24.81         20.88     1,041.31       366.62     1,407.93        25.81     1,382.12
5027          1.00         0.00         0.00         0.00         0.00         0.00         0.00         0.00         0.00         9.36         0.00        34.61          0.00     1,230.04       143.04     1,373.08        44.97     1,328.11
7791          1.00         0.00         0.00         0.00         0.00         0.00         0.00         0.00         0.00         0.00         0.00        21.37         36.61       897.13       234.08     1,131.21        22.37     1,108.84
7818          1.00         0.00         0.00         0.00         0.00         0.00         0.00         0.00         0.00       178.77         0.00        24.46          0.00     2,107.04       246.04     2,353.08       204.23     2,148.85
7815          1.00         0.00         0.00         0.00         0.00         0.00         0.00         0.00         0.00         0.00         0.00        19.81         38.90       861.38       159.12     1,020.50        20.81       999.69
7838          1.00         0.00         0.00         0.00         0.00         0.00         0.00         0.00         0.00         0.00         0.00        25.19         29.13     1,014.04       172.17     1,186.21        26.19     1,160.02
6839          1.00         0.00         0.00         0.00         0.00         0.00         0.00         0.00         0.00         0.00         0.00        25.71         35.79       910.01       221.46     1,131.47        26.71     1,104.76
5646          1.00         0.00         0.00         0.00         0.00         0.00         0.00         0.00         0.00         0.00         0.00        26.98         31.67       974.38       306.39     1,280.77        27.98     1,252.79
7750          1.00         0.00         0.00         0.00         0.00         0.00         0.00         0.00         0.00         0.00         0.00        20.54         71.69       436.76       131.97       568.73        21.54       547.19
7708          1.00         0.00         0.00         0.00         0.00         0.00         0.00         0.00         0.00         0.00         0.00        21.39         31.67       974.38       306.39     1,280.77        22.39     1,258.38

















































EJECUTIVOS EN SERVICIOS DE ALIMENTOS, S.A. DE C.V.                                                                      Pagina: 0003
R.F.C.:                                                                                                                    2/NOV/19
REPORTE DE SUELDOS SEMANALES DEDUCCIONES


 
Codigo Desc Vales   Desc Zapatos Otras Deducc Desc Fonacot Pension Alim Desc Infonav Faltas       Inca Enferme Inca Riesgo  ISPT         Ajus ISPT    IMSS          Sub P/Empleo Tot Per Grav Tot Per Exce Total Percep Total Deducc Neto Pagado
..........................................................................................................................................................................................................................................
7833          0.00         0.00         0.00         0.00         0.00         0.00       361.53         0.00         0.00         0.00         0.00        13.52         39.93       826.50        39.93       866.43       375.05       491.38
5679          1.00         0.00         0.00         0.00         0.00         0.00         0.00         0.00         0.00         1.38         0.00        35.62          0.00     1,220.68       372.65     1,593.33        38.00     1,555.33
7530          1.00         0.00         0.00         0.00         0.00         0.00         0.00         0.00         0.00         0.00         0.00        25.35         38.26       871.38       158.48     1,029.86        26.35     1,003.51
6028          1.00         0.00         0.00         0.00         0.00       399.30         0.00         0.00         0.00        22.97         0.00        34.39          0.00     1,355.13       296.26     1,651.39       457.66     1,193.73
6565          1.00         0.00         0.00         0.00         0.00         0.00         0.00         0.00         0.00         0.00         0.00        27.42         38.26       871.38       158.48     1,029.86        28.42     1,001.44
7731          1.00         0.00         0.00         0.00         0.00         0.00         0.00         0.00         0.00         0.00         0.00        23.62         33.95       938.63       231.42     1,170.05        24.62     1,145.43
7753          1.00         0.00         0.00         0.00         0.00         0.00       144.20         0.00         0.00        12.10         0.00        26.90          0.00     1,399.43       114.43     1,513.86       184.20     1,329.66
3676          1.00         0.00         0.00         0.00         0.00         0.00         0.00         0.00         0.00        30.35         0.00        35.79          0.00     1,422.98       328.59     1,751.57        67.14     1,684.43
3221          1.00         0.00         0.00         0.00         0.00         0.00         0.00         0.00         0.00        41.39         0.00        33.33          0.00     1,437.49       446.33     1,883.82        75.72     1,808.10
7741          1.00         0.00         0.00         0.00         0.00         0.00         0.00         0.00         0.00         0.00         0.00        19.83         38.90       861.38       159.12     1,020.50        20.83       999.67
7779          1.00         0.00         0.00         0.00         0.00         0.00         0.00         0.00         0.00         0.56         0.00        27.37          0.00     1,213.18       338.95     1,552.13        28.93     1,523.20
7269          1.00         0.00         0.00         0.00         0.00         0.00         0.00         0.00         0.00         0.00         0.00        25.38         38.26       871.38       185.31     1,056.69        26.38     1,030.31
2522          1.00         0.00         0.00         0.00         0.00         0.00         0.00         0.00         0.00         0.00         0.00        27.19         37.85       877.82       164.50     1,042.32        28.19     1,014.13
0236          1.00         0.00         0.00         0.00         0.00       523.01         0.00         0.00         0.00       172.01         0.00        68.68          0.00     2,064.81       359.49     2,424.30       764.70     1,659.60
7080          1.00         0.00         0.00         0.00         0.00         0.00       146.75         0.00         0.00         0.00         0.00        35.71          5.58     1,294.86       336.57     1,631.43       183.46     1,447.97
5965          1.00         0.00         0.00         0.00         0.00         0.00         0.00         0.00         0.00        15.08         0.00        31.39          0.00     1,282.64       375.76     1,658.40        47.47     1,610.93
5447          1.00         0.00         0.00         0.00         0.00         0.00         0.00         0.00         0.00       178.77         0.00        26.90          0.00     2,107.04       246.04     2,353.08       206.67     2,146.41
7723          0.00         0.00         0.00         0.00         0.00         0.00         0.00         0.00         0.00         0.00         0.00         0.00          0.00         0.00         0.00         0.00         0.00         0.00
6685          1.00         0.00         0.00         0.00         0.00         0.00         0.00         0.00         0.00         0.00         0.00        22.26          4.40     1,167.51       356.36     1,523.87        23.26     1,500.61
5549          1.00         0.00         0.00         0.00         0.00         0.00         0.00         0.00         0.00         0.00         0.00        24.52         37.44       884.26       248.86     1,133.12        25.52     1,107.60
0854          1.00         0.00         0.00         0.00         0.00       326.19         0.00         0.00         0.00        59.69         0.00        38.44          0.00     1,605.64       238.44     1,844.08       425.32     1,418.76
7295          1.00         0.00         0.00         0.00         0.00         0.00         0.00         0.00         0.00         0.00         0.00        26.94         30.02     1,000.13       330.49     1,330.62        27.94     1,302.68
6832          1.00         0.00         0.00         0.00         0.00         0.00         0.00         0.00         0.00         0.00         0.00        26.02         38.26       871.38       158.48     1,029.86        27.02     1,002.84
4807          1.00         0.00         0.00         0.00         0.00         0.00         0.00         0.00         0.00       510.35         0.00       161.30          0.00     3,783.66       564.20     4,347.86       672.65     3,675.21
6821          1.00         0.00         0.00         0.00         0.00         0.00         0.00         0.00         0.00         0.00         0.00        38.56          9.11     1,119.61       350.92     1,470.53        39.56     1,430.97
3169          1.00         0.00         0.00         0.00         0.00         0.00         0.00         0.00         0.00         0.00         0.00        25.48         38.26       871.38       292.65     1,164.03        26.48     1,137.55
4514          1.00         0.00         0.00         0.00         0.00       550.29         0.00         0.00         0.00        29.73         0.00        53.47          0.00     1,417.30       375.63     1,792.93       634.49     1,158.44
7814          1.00         0.00         0.00         0.00         0.00         0.00       144.20         0.00         0.00         0.00         0.00        20.88         43.93       899.43       158.36     1,057.79       166.08       891.71
7104          1.00         0.00         0.00         0.00         0.00         0.00         0.00         0.00         0.00        48.63         0.00        27.29          0.00     1,504.04       143.04     1,647.08        76.92     1,570.16
7754          1.00         0.00         0.00         0.00         0.00         0.00         0.00         0.00         0.00         0.00         0.00        22.25         31.67       974.38       306.39     1,280.77        23.25     1,257.52
7717          1.00         0.00         0.00         0.00         0.00         0.00         0.00         0.00         0.00        31.23         0.00        33.88          0.00     1,431.09       377.84     1,808.93        66.11     1,742.82
6014          1.00         0.00         0.00         0.00         0.00         0.00         0.00         0.00         0.00         0.00         0.00        27.02          3.52     1,175.52       247.00     1,422.52        28.02     1,394.50
7775          1.00         0.00         0.00         0.00         0.00         0.00         0.00         0.00         0.00         0.00         0.00        20.97         33.95       938.63       231.42     1,170.05        21.97     1,148.08
7783          0.00         0.00         0.00         0.00         0.00         0.00       143.23         0.00         0.00        24.62         0.00        32.00          0.00     1,513.55       306.05     1,819.60       199.85     1,619.75
7551          1.00         0.00         0.00         0.00         0.00         0.00         0.00         0.00         0.00         9.23         0.00        30.29          0.00     1,228.86       274.72     1,503.58        40.52     1,463.06
7715          1.00         0.00         0.00         0.00         0.00         0.00         0.00         0.00         0.00         0.00         0.00        24.65         38.26       871.38       209.98     1,081.36        25.65     1,055.71
3827          1.00         0.00         0.00         0.00         0.00         0.00         0.00         0.00         0.00         0.00         0.00        27.68         32.59       959.92       188.60     1,148.52        28.68     1,119.84
5412          1.00         0.00         0.00         0.00         0.00         0.00         0.00         0.00         0.00         0.00         0.00        20.32         38.90       861.38       293.29     1,154.67        21.32     1,133.35
4504          1.00         0.00         0.00         0.00         0.00         0.00         0.00         0.00         0.00       193.62         0.00        57.11          0.00     2,199.89       318.38     2,518.27       251.73     2,266.54
7395          1.00         0.00         0.00         0.00         0.00         0.00         0.00         0.00         0.00        47.32         0.00        26.40          0.00     1,491.94       435.55     1,927.49        74.72     1,852.77
0214          1.00         0.00         0.00         0.00         0.00         0.00         0.00         0.00         0.00       510.35         0.00       161.69          0.00     3,783.66       564.20     4,347.86       673.04     3,674.82
6321          1.00         0.00         0.00         0.00         0.00         0.00         0.00         0.00         0.00         0.00         0.00        27.12         34.24       934.17       193.57     1,127.74        28.12     1,099.62
5232          1.00         0.00         0.00         0.00         0.00         0.00         0.00         0.00         0.00       194.77         0.00        33.46          0.00     2,207.04       246.04     2,453.08       229.23     2,223.85

















































EJECUTIVOS EN SERVICIOS DE ALIMENTOS, S.A. DE C.V.                                                                      Pagina: 0004
R.F.C.:                                                                                                                    2/NOV/19
REPORTE DE SUELDOS SEMANALES DEDUCCIONES


 
Codigo Desc Vales   Desc Zapatos Otras Deducc Desc Fonacot Pension Alim Desc Infonav Faltas       Inca Enferme Inca Riesgo  ISPT         Ajus ISPT    IMSS          Sub P/Empleo Tot Per Grav Tot Per Exce Total Percep Total Deducc Neto Pagado
..........................................................................................................................................................................................................................................
4958          1.00         0.00         0.00         0.00         0.00         0.00         0.00         0.00         0.00         0.00         0.00        26.83         30.02     1,000.13       330.49     1,330.62        27.83     1,302.79
3979          1.00         0.00         0.00         0.00         0.00         0.00         0.00         0.00         0.00       420.97         0.00       152.85          0.00     3,365.20       519.23     3,884.43       574.82     3,309.61
0442          1.00         0.00         0.00         0.00         0.00         0.00         0.00         0.00         0.00        25.93         0.00        38.94          0.00     1,382.36       207.78     1,590.14        65.87     1,524.27
7699          1.00         0.00         0.00         0.00         0.00         0.00         0.00         0.00         0.00         0.00         0.00        21.33         38.26       871.38       209.98     1,081.36        22.33     1,059.03
7330          0.00         0.00         0.00         0.00         0.00         0.00         0.00         0.00         0.00         0.00         0.00         0.00          0.00         0.00         0.00         0.00         0.00         0.00
7719          1.00         0.00         0.00         0.00         0.00         0.00         0.00         0.00         0.00         0.00         0.00        24.25         30.02     1,000.13       330.49     1,330.62        25.25     1,305.37
7841          0.00         0.00         0.00         0.00         0.00         0.00         0.00         0.00         0.00         0.00         0.00         7.99         21.47       331.35        21.47       352.82         7.99       344.83
7421          1.00         0.00         0.00         0.00         0.00         0.00         0.00         0.00         0.00        54.04         0.00        25.43          0.00     1,553.76       351.96     1,905.72        80.47     1,825.25
7776          1.00         0.00         0.00         0.00         0.00         0.00         0.00         0.00         0.00         0.00         0.00        19.83         38.90       861.38       159.12     1,020.50        20.83       999.67
7823          1.00         0.00         0.00         0.00         0.00         0.00         0.00         0.00         0.00         0.00         0.00        21.38         34.14       935.76       270.23     1,205.99        22.38     1,183.61
7298          1.00         0.00         0.00         0.00         0.00         0.00         0.00         0.00         0.00        57.14         0.00        48.33          0.00     1,582.19       370.50     1,952.69       106.47     1,846.22
7758          1.00         0.00         0.00         0.00         0.00         0.00         0.00         0.00         0.00         0.00         0.00        24.01         38.26       871.38       158.48     1,029.86        25.01     1,004.85
5396          1.00         0.00         0.00         0.00         0.00         0.00         0.00         0.00         0.00         0.00         0.00        27.39         38.26       871.38       158.48     1,029.86        28.39     1,001.47
5704          1.00         0.00         0.00         0.00         0.00         0.00         0.00         0.00         0.00        22.75         0.00        37.09          0.00     1,353.12       197.29     1,550.41        60.84     1,489.57
7503          1.00         0.00         0.00         0.00         0.00         0.00         0.00         0.00         0.00         0.00         0.00        25.08         32.33       964.06       218.87     1,182.93        26.08     1,156.85
7588          1.00         0.00         0.00         0.00         0.00         0.00         0.00         0.00         0.00         0.00         0.00        27.94         31.67       974.38       306.39     1,280.77        28.94     1,251.83
7821          1.00         0.00         0.00         0.00         0.00         0.00         0.00         0.00         0.00         0.00         0.00        23.47          9.28     1,117.04       306.82     1,423.86        24.47     1,399.39
5588          1.00         0.00       200.00         0.00         0.00         0.00         0.00         0.00         0.00         0.00         0.00        21.45         31.67       974.38       306.39     1,280.77       222.45     1,058.32
6203          1.00         0.00         0.00         0.00         0.00         0.00         0.00         0.00         0.00         0.00         0.00        25.64          4.12     1,170.06       345.16     1,515.22        26.64     1,488.58
6582          1.00         0.00         0.00         0.00         0.00         0.00         0.00         0.00         0.00         0.00         0.00        20.93         33.95       938.63       231.42     1,170.05        21.93     1,148.12
7392          1.00         0.00         0.00         0.00         0.00         0.00         0.00         0.00         0.00         0.00         0.00        24.25          0.19     1,206.13       313.53     1,519.66        25.25     1,494.41
7226          1.00         0.00         0.00         0.00         0.00         0.00         0.00         0.00         0.00         0.00         0.00        31.27          9.28     1,117.04       306.82     1,423.86        32.27     1,391.59
7664          1.00         0.00         0.00         0.00         0.00         0.00         0.00         0.00         0.00         0.00         0.00        26.75         31.67       974.38       306.39     1,280.77        27.75     1,253.02
7766          1.00         0.00         0.00         0.00         0.00       357.28         0.00         0.00         0.00         0.00         0.00        20.31         38.90       861.38       159.12     1,020.50       378.59       641.91
3326          1.00         0.00         0.00         0.00         0.00       352.72         0.00         0.00         0.00        57.36         0.00        43.82          0.00     1,584.25       428.68     2,012.93       454.90     1,558.03
0449          1.00         0.00       250.00         0.00         0.00       386.21         0.00         0.00         0.00       166.48         0.00        34.80          0.00     2,030.26       391.64     2,421.90       838.49     1,583.41
6934          1.00         0.00         0.00         0.00         0.00         0.00         0.00         0.00         0.00       342.84         0.00        84.50          0.00     2,999.45       460.71     3,460.16       428.34     3,031.82
7770          0.00         0.00         0.00         0.00         0.00         0.00         0.00         0.00         0.00         0.00         0.00        26.24         30.56       991.60        30.56     1,022.16        26.24       995.92
7137          1.00         0.00         0.00         0.00         0.00         0.00         0.00         0.00         0.00        49.60         0.00        35.89          0.00     1,512.90       195.11     1,708.01        86.49     1,621.52
6682          1.00         0.00         0.00         0.00         0.00         0.00       144.20         0.00         0.00         0.00         0.00        17.70         50.19       785.30       146.36       931.66       162.90       768.76
1269          1.00         0.00         0.00         0.00         0.00         0.00         0.00         0.00         0.00         0.00         0.00        19.98         38.90       861.38       293.29     1,154.67        20.98     1,133.69
6006          1.00         0.00         0.00         0.00         0.00         0.00         0.00         0.00         0.00         0.00         0.00        19.80         38.90       861.38       159.12     1,020.50        20.80       999.70
1419          1.00         0.00         0.00         0.00         0.00       268.68         0.00         0.00         0.00        71.90         0.00        51.65          0.00     1,641.89       436.84     2,078.73       393.23     1,685.50
3525          1.00         0.00         0.00         0.00         0.00         0.00         0.00         0.00         0.00        45.29         0.00        32.09          0.00     1,473.32       415.46     1,888.78        78.38     1,810.40
6885          1.00         0.00         0.00         0.00         0.00         0.00         0.00         0.00         0.00         0.00         0.00        25.70         18.57     1,077.38       396.29     1,473.67        26.70     1,446.97
4775          1.00         0.00         0.00         0.00         0.00         0.00         0.00         0.00         0.00         0.00         0.00        25.85         33.95       938.63       258.25     1,196.88        26.85     1,170.03
7528          1.00         0.00         0.00         0.00         0.00         0.00         0.00         0.00         0.00         0.00         0.00        25.90          9.18     1,118.56       311.59     1,430.15        26.90     1,403.25
4832          1.00         0.00         0.00         0.00         0.00         0.00         0.00         0.00         0.00         0.00         0.00        27.97         34.14       935.76       270.23     1,205.99        28.97     1,177.02
7836          1.00         0.00         0.00         0.00         0.00         0.00         0.00         0.00         0.00        58.24         0.00        20.04          0.00     1,592.38       390.59     1,982.97        79.28     1,903.69
7824          1.00         0.00         0.00         0.00         0.00         0.00         0.00         0.00         0.00         0.00         0.00        21.34         34.96       922.88       258.18     1,181.06        22.34     1,158.72
3321          1.00         0.00         0.00         0.00         0.00         0.00         0.00         0.00         0.00       517.44         0.00        73.39          0.00     3,816.84       485.21     4,302.05       591.83     3,710.22
2112          1.00         0.00         0.00         0.00         0.00         0.00         0.00         0.00         0.00         0.00         0.00        23.40         30.84       987.26       318.43     1,305.69        24.40     1,281.29
0624          1.00         0.00         0.00         0.00         0.00         0.00         0.00         0.00         0.00       374.92         0.00        60.78          0.00     3,149.61       518.20     3,667.81       436.70     3,231.11

















































EJECUTIVOS EN SERVICIOS DE ALIMENTOS, S.A. DE C.V.                                                                      Pagina: 0005
R.F.C.:                                                                                                                    2/NOV/19
REPORTE DE SUELDOS SEMANALES DEDUCCIONES


 
Codigo Desc Vales   Desc Zapatos Otras Deducc Desc Fonacot Pension Alim Desc Infonav Faltas       Inca Enferme Inca Riesgo  ISPT         Ajus ISPT    IMSS          Sub P/Empleo Tot Per Grav Tot Per Exce Total Percep Total Deducc Neto Pagado
..........................................................................................................................................................................................................................................
6877          1.00         0.00       200.00       194.15         0.00         0.00         0.00         0.00         0.00       194.15         0.00        27.81          0.00     2,203.18       277.74     2,480.92       617.11     1,863.81
4385          1.00         0.00         0.00         0.00         0.00         0.00         0.00         0.00         0.00        18.97         0.00        31.46          0.00     1,318.33       207.12     1,525.45        51.43     1,474.02
7378          1.00         0.00         0.00         0.00         0.00         0.00       241.02         0.00         0.00         0.00         0.00        16.79         46.47       781.31       178.34       959.65       258.81       700.84
0366          1.00         0.00         0.00         0.00         0.00         0.00         0.00         0.00         0.00       343.08         0.00       105.70          0.00     3,000.58       462.49     3,463.07       449.78     3,013.29
7755          1.00         0.00         0.00         0.00         0.00         0.00         0.00         0.00         0.00         0.00         0.00        23.43         32.31       964.38       255.53     1,219.91        24.43     1,195.48
6206          1.00         0.00         0.00         0.00         0.00         0.00         0.00         0.00         0.00        13.42         0.00        31.28          0.00     1,267.33       468.63     1,735.96        45.70     1,690.26
4366          1.00         0.00         0.00         0.00         0.00         0.00         0.00         0.00         0.00         0.00         0.00        23.61         20.16     1,052.67       201.82     1,254.49        24.61     1,229.88
7618          1.00         0.00         0.00         0.00         0.00         0.00         0.00         0.00         0.00         0.00         0.00        22.58         38.26       871.38       158.48     1,029.86        23.58     1,006.28
 
*** GLO     171.00         0.00     1,100.00       556.25         0.00     6,678.22     2,534.21         0.00         0.00     8,919.57         0.00     5,821.83      3,460.63   230,087.22                277,626.07    25,781.08   251,844.99
  

















































































