EJECUTIVOS EN SERVICIOS DE ALIMENTOS, S.A. DE C.V.                                                                      Pagina: 0001
R.F.C.:                                                                                                                    5/NOV/19
REPORTE DE SUELDOS SEMANALES PERCEPCIONES


 
Codigo Dias de Pago Dias Laborad Sueldo       Compensacion Premio Asist Ayuda Transp Vales Despen T.E. Doble   T.E. Triple  Descanso lab Festivo labo Prim Dominic Perc Gravada Prem x Obj   Aguinaldo    Vacaciones   Prima Vacaci Grat Especia Utilidades
..........................................................................................................................................................................................................................................
7505          7.00         5.00       623.00       128.38        60.00        60.00       120.22         0.00         0.00         0.00       178.00         0.00         0.00       500.00         0.00         0.00         0.00         0.00         0.00
7335          7.00         3.00       623.00        77.02         0.00        30.00         0.00         0.00         0.00         0.00         0.00         0.00        72.13         0.00         0.00         0.00         0.00         0.00         0.00
6600          7.00         5.00       623.00       128.38        60.00        50.00       120.22        89.00         0.00         0.00         0.00         0.00         0.00         0.00         0.00         0.00         0.00         0.00         0.00
7515          7.00         5.00       623.00       128.38        60.00        60.00       120.22         0.00         0.00         0.00       178.00         0.00         0.00         0.00         0.00         0.00         0.00         0.00         0.00
5933          7.00         5.00       623.00       128.38        60.00        60.00       120.22        66.75        66.75         0.00       178.00         0.00         0.00         0.00         0.00         0.00         0.00         0.00         0.00
7170          7.00         5.00       623.00       128.38        60.00        60.00       120.22         0.00         0.00         0.00       178.00         0.00         0.00       500.00         0.00         0.00         0.00         0.00         0.00
5618          7.00         5.00       623.00       128.38        60.00        50.00       120.22        22.25         0.00         0.00       178.00         0.00         0.00         0.00         0.00         0.00         0.00         0.00         0.00
3890          7.00         5.00     1,258.95       658.84        60.00        50.00       306.84         0.00         0.00         0.00         0.00         0.00         0.00         0.00         0.00         0.00         0.00         0.00         0.00
7526          7.00         5.00       623.00       128.38        60.00        60.00       120.22         0.00         0.00         0.00       178.00         0.00         0.00       500.00         0.00         0.00         0.00         0.00         0.00
3652          7.00         5.00     1,077.37       668.71        60.00        60.00       279.37         0.00         0.00         0.00       307.82         0.00         0.00         0.00         0.00         0.00         0.00         0.00         0.00
2530          7.00         5.00       623.00       128.38        60.00        50.00       120.22         0.00         0.00         0.00         0.00         0.00         0.00         0.00         0.00         0.00         0.00         0.00         0.00
1123          7.00         5.00       878.01       248.78        60.00        60.00       180.28         0.00         0.00         0.00       250.86         0.00       933.62         0.00         0.00         0.00       201.21         0.00         0.00
7593          7.00         5.00       623.00       128.38        60.00        60.00       120.22         0.00         0.00         0.00         0.00        44.50         0.00         0.00         0.00         0.00         0.00         0.00         0.00
7580          7.00         4.00       623.00       102.70         0.00        40.00        96.17         0.00         0.00         0.00         0.00         0.00         0.00         0.00         0.00         0.00         0.00         0.00         0.00
7458          7.00         5.00       623.00       128.38        60.00        60.00       120.22         0.00         0.00         0.00       178.00         0.00         0.00       500.00         0.00         0.00         0.00         0.00         0.00
6104          7.00         5.00       623.00       128.38        60.00        60.00       120.22         0.00         0.00         0.00       178.00         0.00         0.00         0.00         0.00         0.00         0.00         0.00         0.00
7005          7.00         5.00       623.00       128.38        60.00        60.00       120.22        66.75         0.00         0.00         0.00        44.50         0.00       500.00         0.00         0.00         0.00         0.00         0.00
7259          7.00         4.00       623.00       107.28         0.00        50.00       100.47        66.75         0.00         0.00         0.00         0.00         0.00         0.00         0.00         0.00         0.00         0.00         0.00
7276          7.00         5.00       816.13        55.37        60.00        60.00       139.44         0.00         0.00         0.00       233.18        58.29         0.00         0.00         0.00         0.00         0.00         0.00         0.00
7312          7.00         5.00       623.00       128.38        60.00        60.00       120.22         0.00         0.00         0.00         0.00         0.00         0.00       500.00         0.00         0.00         0.00         0.00         0.00
7338          7.00         5.00       623.00       128.38        60.00        60.00       120.22         0.00         0.00         0.00       178.00         0.00         0.00         0.00         0.00         0.00         0.00         0.00         0.00
7581          7.00         5.00       623.00       128.38        60.00        60.00       120.22         0.00         0.00         0.00       178.00         0.00         0.00         0.00         0.00         0.00         0.00         0.00         0.00
5677          7.00         5.00       816.13       201.11        60.00        60.00       162.75         0.00         0.00       233.18       233.18        58.29         0.00         0.00         0.00         0.00         0.00         0.00         0.00
6210          7.00         5.00       623.00       128.38        60.00        60.00       120.22       133.50         0.00         0.00         0.00         0.00         0.00       500.00         0.00         0.00         0.00         0.00         0.00
0849          7.00         5.00       816.13        49.98        60.00        50.00       138.57         0.00         0.00         0.00       233.18         0.00        85.00         0.00         0.00         0.00         0.00         0.00         0.00
7536          7.00         5.00       623.00       128.38        60.00        50.00       120.22         0.00         0.00         0.00         0.00         0.00         0.00         0.00         0.00         0.00         0.00         0.00         0.00
7538          7.00         5.00       623.00       128.38        60.00        60.00       120.22        55.62         0.00         0.00         0.00        44.50         0.00         0.00         0.00         0.00         0.00         0.00         0.00
7430          7.00         5.00       994.07       460.11        60.00        60.00       232.66       177.51         0.00         0.00       284.02        71.00         0.00         0.00         0.00         0.00         0.00         0.00         0.00
5181          7.00         5.00       623.00       128.38        60.00        60.00       120.22         0.00         0.00         0.00       178.00         0.00         0.00         0.00         0.00         0.00         0.00         0.00         0.00
7057          7.00         5.00       623.00       128.38        60.00        50.00       120.22         0.00         0.00         0.00         0.00         0.00         0.00       500.00         0.00         0.00         0.00         0.00         0.00
5558          7.00         5.00       623.00       128.38        60.00        50.00       120.22        89.00         0.00       133.50         0.00         0.00         0.00       500.00         0.00         0.00         0.00         0.00         0.00
4746          7.00         5.00       878.01       248.78        60.00        50.00       180.28         0.00         0.00         0.00         0.00         0.00         0.00         0.00         0.00         0.00         0.00         0.00         0.00
7573          7.00         5.00       623.00       128.38        60.00        50.00       120.22         0.00         0.00         0.00       178.00         0.00         0.00         0.00         0.00         0.00         0.00         0.00         0.00
7516          7.00         5.00       623.00       128.38        60.00        60.00       120.22         0.00         0.00         0.00         0.00        44.50         0.00         0.00         0.00         0.00         0.00         0.00         0.00
7407          7.00         5.00       623.00       128.38        60.00        60.00       120.22         0.00         0.00         0.00         0.00        44.50         0.00         0.00         0.00         0.00         0.00         0.00         0.00
2107          7.00         5.00       774.06       433.09        60.00        50.00       193.14         0.00         0.00       138.22         0.00         0.00         0.00         0.00         0.00         0.00         0.00         0.00         0.00
1424          7.00         5.00     1,962.52       597.45        60.00        60.00       409.59       420.54         0.00         0.00         0.00         0.00         0.00         0.00         0.00         0.00         0.00         0.00         0.00
5280          7.00         5.00     1,166.69       643.79        60.00        50.00       289.67         0.00         0.00         0.00         0.00         0.00         0.00         0.00         0.00         0.00         0.00         0.00         0.00
6472          7.00         5.00     2,333.31       408.31        60.00        60.00       438.65       749.99       749.99         0.00       666.66       166.66         0.00         0.00         0.00         0.00         0.00         0.00         0.00
6461          7.00         5.00       797.16       174.93        60.00        60.00       155.53       256.23        21.35       128.11         0.00        56.94         0.00         0.00         0.00         0.00         0.00         0.00         0.00
6765          7.00         4.00       878.01       207.90         0.00        50.00       150.66         0.00         0.00         0.00         0.00         0.00         0.00         0.00         0.00         0.00         0.00         0.00         0.00
7012          7.00         5.00       623.00       128.38        60.00        60.00       120.22         0.00         0.00         0.00       178.00         0.00         0.00         0.00         0.00         0.00         0.00         0.00         0.00
5000          7.00         5.00       816.13       154.63        60.00        60.00       155.32         0.00         0.00         0.00       233.18         0.00         0.00         0.00         0.00         0.00         0.00         0.00         0.00

















































EJECUTIVOS EN SERVICIOS DE ALIMENTOS, S.A. DE C.V.                                                                      Pagina: 0002
R.F.C.:                                                                                                                    5/NOV/19
REPORTE DE SUELDOS SEMANALES PERCEPCIONES


 
Codigo Dias de Pago Dias Laborad Sueldo       Compensacion Premio Asist Ayuda Transp Vales Despen T.E. Doble   T.E. Triple  Descanso lab Festivo labo Prim Dominic Perc Gravada Prem x Obj   Aguinaldo    Vacaciones   Prima Vacaci Grat Especia Utilidades
..........................................................................................................................................................................................................................................
7586          7.00         5.00       623.00       128.38        60.00        60.00       120.22         0.00         0.00         0.00       178.00         0.00         0.00         0.00         0.00         0.00         0.00         0.00         0.00
7206          7.00         5.00       623.00       128.38        60.00        50.00       120.22         0.00         0.00         0.00         0.00         0.00         0.00         0.00         0.00         0.00         0.00         0.00         0.00
5644          0.00         0.00         0.00         0.00         0.00         0.00         0.00         0.00         0.00         0.00         0.00         0.00         0.00         0.00         0.00         0.00         0.00         0.00         0.00
7519          7.00         5.00       623.00       128.38        60.00        60.00       120.22         0.00         0.00         0.00       178.00         0.00         0.00       500.00         0.00         0.00         0.00         0.00         0.00
7582          7.00         5.00       623.00       128.38        60.00        50.00       120.22         0.00         0.00         0.00         0.00         0.00         0.00         0.00         0.00         0.00         0.00         0.00         0.00
7292          7.00         5.00       623.00       128.38        60.00        50.00       120.22         0.00         0.00         0.00         0.00         0.00         0.00         0.00         0.00         0.00         0.00         0.00         0.00
6690          7.00         5.00       623.00       128.38        60.00        50.00       120.22        89.00         0.00         0.00       178.00         0.00         0.00       500.00         0.00         0.00         0.00         0.00         0.00
0090          7.00         5.00       878.01       429.45        60.00        50.00       209.19         0.00         0.00         0.00         0.00         0.00         0.00         0.00         0.00         0.00         0.00         0.00         0.00
7168          7.00         5.00       623.00       128.38        60.00        60.00       120.22        66.75         0.00         0.00       178.00        44.50         0.00         0.00         0.00         0.00         0.00         0.00         0.00
4314          7.00         5.00       856.31       681.45        60.00        60.00       246.04       152.91         0.00         0.00         0.00        61.16         0.00         0.00         0.00         0.00         0.00         0.00         0.00
6193          7.00         5.00       816.13       154.63        60.00        60.00       155.32         0.00         0.00         0.00       233.18         0.00         0.00         0.00         0.00         0.00         0.00         0.00         0.00
5332          7.00         5.00       623.00       128.38        60.00        50.00       120.22        44.50         0.00         0.00         0.00         0.00         0.00         0.00         0.00         0.00         0.00         0.00         0.00
7485          7.00         5.00       623.00       128.38        60.00        60.00       120.22        66.75        66.75         0.00       178.00         0.00         0.00       500.00         0.00         0.00         0.00         0.00         0.00
4287          7.00         5.00       816.13       154.63        60.00        50.00       155.32         0.00         0.00         0.00         0.00         0.00         0.00         0.00         0.00         0.00         0.00         0.00         0.00
6427          7.00         5.00       623.00       191.17        60.00        60.00       130.26         0.00         0.00         0.00         0.00         0.00         0.00         0.00         0.00         0.00         0.00         0.00         0.00
6504          7.00         5.00       623.00       128.38        60.00        60.00       120.22         0.00         0.00         0.00         0.00         0.00         0.00         0.00         0.00         0.00         0.00         0.00         0.00
7575          7.00         5.00       623.00       128.38        60.00        50.00       120.22         0.00         0.00        89.00         0.00         0.00       200.00         0.00         0.00         0.00         0.00         0.00         0.00
5745          7.00         5.00       623.00       128.38        60.00        60.00       120.22        89.00         0.00         0.00         0.00         0.00         0.00         0.00         0.00         0.00         0.00         0.00         0.00
6849          7.00         5.00       623.00       128.38        60.00        60.00       120.22       200.25       300.37         0.00       155.75        44.50         0.00         0.00         0.00         0.00         0.00         0.00         0.00
7061          7.00         5.00       623.00       128.38        60.00        60.00       120.22         0.00         0.00         0.00       178.00         0.00         0.00         0.00         0.00         0.00         0.00         0.00         0.00
0881          7.00         5.00       623.00       128.38        60.00        50.00       120.22         0.00         0.00         0.00         0.00         0.00     1,992.23         0.00         0.00         0.00       429.36         0.00         0.00
6334          7.00         5.00       797.16        99.89        60.00        60.00       143.52       213.52        64.05         0.00         0.00         0.00       197.72         0.00         0.00         0.00        32.03         0.00         0.00
2413          7.00         5.00       816.13       242.20        60.00        60.00       169.33       116.59         0.00         0.00       233.18         0.00         0.00         0.00         0.00         0.00         0.00         0.00         0.00
7428          7.00         5.00       623.00       128.38        60.00        60.00       120.22         0.00         0.00         0.00       178.00         0.00         0.00         0.00         0.00         0.00         0.00         0.00         0.00
7567          7.00         5.00       623.00       128.38        60.00        50.00       120.22        44.50         0.00         0.00         0.00         0.00         0.00         0.00         0.00         0.00         0.00         0.00         0.00
2897          7.00         5.00       623.00       128.38        60.00        50.00       120.22         0.00         0.00         0.00         0.00         0.00         0.00         0.00         0.00         0.00         0.00         0.00         0.00
7594          6.00         2.00       498.40        25.67         0.00        10.00         0.00         0.00         0.00         0.00         0.00         0.00        24.04         0.00         0.00         0.00         0.00         0.00         0.00
7558          7.00         5.00       623.00       128.38        60.00        60.00       120.22         0.00         0.00         0.00         0.00        44.50         0.00         0.00         0.00         0.00         0.00         0.00         0.00
6360          7.00         5.00       623.00       128.38        60.00        50.00       120.22         0.00         0.00         0.00         0.00         0.00         0.00         0.00         0.00         0.00         0.00         0.00         0.00
3318          7.00         5.00     1,020.18       863.38        60.00        50.00       301.36         0.00         0.00         0.00       291.48         0.00       115.00         0.00         0.00         0.00         0.00         0.00         0.00
5139          7.00         5.00     1,400.00       436.80        60.00        60.00       293.88       100.00         0.00         0.00         0.00         0.00       681.29         0.00         0.00         0.00         0.00         0.00         0.00
6083          7.00         5.00       623.00       191.17        60.00        60.00       130.26        89.00         0.00         0.00       178.00        44.50         0.00         0.00         0.00         0.00         0.00         0.00         0.00
6766          7.00         5.00       816.13       154.63        60.00        60.00       155.32         0.00         0.00         0.00       233.18         0.00         0.00         0.00         0.00         0.00         0.00         0.00         0.00
4137          7.00         5.00     1,964.97       801.15        60.00        60.00       442.57         0.00         0.00         0.00         0.00         0.00         0.00         0.00         0.00         0.00         0.00         0.00         0.00
7542          7.00         5.00       623.00       128.38        60.00        60.00       120.22         0.00         0.00         0.00       178.00         0.00         0.00         0.00         0.00         0.00         0.00         0.00         0.00
3780          7.00         5.00       878.01       429.45        60.00        60.00       209.19        94.07         0.00         0.00         0.00         0.00         0.00         0.00         0.00         0.00         0.00         0.00         0.00
7571          7.00         5.00       623.00       128.38        60.00        60.00       120.22        89.00         0.00         0.00       178.00         0.00         0.00         0.00         0.00         0.00         0.00         0.00         0.00
6205          7.00         5.00       623.00       128.38        60.00        60.00       120.22         0.00         0.00         0.00         0.00        44.50         0.00       500.00         0.00         0.00         0.00         0.00         0.00
5027          7.00         5.00       623.00       191.17        60.00        60.00       130.26         0.00         0.00         0.00       178.00         0.00       216.00       500.00         0.00         0.00         0.00         0.00         0.00
7245          7.00         5.00       623.00       128.38        60.00        60.00       120.22         0.00         0.00         0.00         0.00         0.00         0.00         0.00         0.00         0.00         0.00         0.00         0.00
6839          7.00         5.00       623.00       128.38        60.00        60.00       120.22        89.00         0.00         0.00         0.00         0.00         0.00         0.00         0.00         0.00         0.00         0.00         0.00
5646          7.00         5.00       623.00       128.38        60.00        60.00       120.22        44.50         0.00         0.00       178.00         0.00         0.00         0.00         0.00         0.00         0.00         0.00         0.00
6978          7.00         5.00       623.00       128.38        60.00        60.00       120.22         0.00         0.00         0.00         0.00         0.00         0.00         0.00         0.00         0.00         0.00         0.00         0.00

















































EJECUTIVOS EN SERVICIOS DE ALIMENTOS, S.A. DE C.V.                                                                      Pagina: 0003
R.F.C.:                                                                                                                    5/NOV/19
REPORTE DE SUELDOS SEMANALES PERCEPCIONES


 
Codigo Dias de Pago Dias Laborad Sueldo       Compensacion Premio Asist Ayuda Transp Vales Despen T.E. Doble   T.E. Triple  Descanso lab Festivo labo Prim Dominic Perc Gravada Prem x Obj   Aguinaldo    Vacaciones   Prima Vacaci Grat Especia Utilidades
..........................................................................................................................................................................................................................................
6658          7.00         5.00       698.74       309.96        60.00        60.00       161.39       124.77         0.00         0.00         0.00         0.00         0.00         0.00         0.00         0.00         0.00         0.00         0.00
4458          7.00         5.00     1,143.52       335.09        60.00        50.00       236.57         0.00         0.00         0.00         0.00         0.00         0.00         0.00         0.00         0.00         0.00         0.00         0.00
7522          7.00         5.00       623.00       128.38        60.00        60.00       120.22       133.50         0.00         0.00       178.00         0.00         0.00         0.00         0.00         0.00         0.00         0.00         0.00
7574          7.00         5.00       623.00       128.38        60.00        50.00       120.22         0.00         0.00         0.00         0.00         0.00         0.00         0.00         0.00         0.00         0.00         0.00         0.00
5679          7.00         5.00       816.13       242.20        60.00        60.00       169.33         0.00         0.00         0.00       233.18        58.29         0.00         0.00         0.00         0.00         0.00         0.00         0.00
7417          7.00         5.00       623.00       128.38        60.00        60.00       120.22        89.00         0.00       178.00       178.00        44.50         0.00         0.00         0.00         0.00         0.00         0.00         0.00
7583          7.00         5.00       623.00       128.38        60.00        60.00       120.22         0.00         0.00         0.00       178.00         0.00         0.00         0.00         0.00         0.00         0.00         0.00         0.00
7530          7.00         5.00       623.00       128.38        60.00        50.00       120.22        44.50         0.00         0.00         0.00         0.00         0.00       500.00         0.00         0.00         0.00         0.00         0.00
7239          7.00         5.00       623.00       128.38        60.00        50.00       120.22         0.00         0.00         0.00         0.00         0.00         0.00         0.00         0.00         0.00         0.00         0.00         0.00
6028          7.00         5.00       797.16       174.93        60.00        60.00       155.53       199.29         0.00         0.00       213.52         0.00         0.00         0.00         0.00         0.00         0.00         0.00         0.00
6565          7.00         5.00       623.00       128.38        60.00        60.00       120.22       178.00         0.00         0.00       178.00         0.00         0.00         0.00         0.00         0.00         0.00         0.00         0.00
3218          7.00         5.00       623.00       191.17        60.00        60.00       130.26         0.00         0.00         0.00       178.00        44.50         0.00         0.00         0.00         0.00         0.00         0.00         0.00
3676          7.00         5.00       878.01       248.78        60.00        50.00       180.28       250.86         0.00       219.50         0.00         0.00         0.00         0.00         0.00         0.00         0.00         0.00         0.00
0445          7.00         5.00       816.13       154.70        60.00        60.00       155.33         0.00         0.00         0.00       233.18         0.00         0.00         0.00         0.00         0.00         0.00         0.00         0.00
5901          7.00         5.00       623.00       128.38        60.00        50.00       120.22         0.00         0.00         0.00       178.00         0.00         0.00         0.00         0.00         0.00        26.83         0.00         0.00
7269          7.00         5.00       623.00       128.38        60.00        60.00       120.22         0.00         0.00         0.00         0.00         0.00         0.00         0.00         0.00         0.00         0.00         0.00         0.00
2522          7.00         5.00       623.00       128.38        60.00        60.00       120.22        44.50         0.00       155.75         0.00        44.50         0.00         0.00         0.00         0.00         0.00         0.00         0.00
7555          7.00         5.00       623.00       128.38        60.00        50.00       120.22         0.00         0.00         0.00         0.00         0.00         0.00         0.00         0.00         0.00         0.00         0.00         0.00
0116          7.00         5.00       816.13       481.74        60.00        50.00       207.65         0.00         0.00         0.00         0.00         0.00       144.00         0.00         0.00         0.00        92.70         0.00         0.00
5506          7.00         5.00       816.13       154.63        60.00        50.00       155.32       145.73         0.00         0.00         0.00         0.00         0.00         0.00         0.00         0.00         0.00         0.00         0.00
0236          7.00         5.00     1,074.01       813.26        60.00        60.00       301.96         0.00         0.00         0.00         0.00        76.71         0.00         0.00         0.00         0.00         0.00         0.00         0.00
7080          7.00         5.00       878.01       307.65        60.00        60.00       189.70       125.43       141.10         0.00       250.86         0.00         0.00         0.00         0.00         0.00         0.00         0.00         0.00
5965          7.00         5.00       816.13       154.63        60.00        60.00       155.32         0.00         0.00         0.00       233.18         0.00         0.00         0.00         0.00         0.00         0.00         0.00         0.00
7457          7.00         5.00       623.00       128.38        60.00        60.00       120.22         0.00         0.00         0.00       178.00         0.00         0.00         0.00         0.00         0.00         0.00         0.00         0.00
5447          7.00         5.00       623.00       128.38        60.00        50.00       120.22         0.00         0.00         0.00         0.00         0.00         0.00         0.00         0.00         0.00         0.00         0.00         0.00
6685          7.00         5.00       623.00       128.38        60.00        60.00       120.22         0.00         0.00         0.00       178.00         0.00         0.00       500.00         0.00         0.00         0.00         0.00         0.00
7489          7.00         5.00       623.00       128.38        60.00        60.00       120.22        89.00         0.00         0.00       178.00         0.00         0.00         0.00         0.00         0.00         0.00         0.00         0.00
5549          7.00         5.00       623.00       128.38        60.00        60.00       120.22         0.00         0.00         0.00         0.00        44.50         0.00         0.00         0.00         0.00         0.00         0.00         0.00
7554          7.00         5.00       623.00       128.38        60.00        60.00       120.22         0.00         0.00         0.00       178.00         0.00         0.00         0.00         0.00         0.00         0.00         0.00         0.00
4914          7.00         4.00       623.00       107.28         0.00        50.00       100.47         0.00         0.00         0.00       178.00         0.00         0.00         0.00         0.00         0.00         0.00         0.00         0.00
6349          7.00         5.00       623.00       128.38        60.00        60.00       120.22         0.00         0.00         0.00         0.00         0.00         0.00         0.00         0.00         0.00         0.00         0.00         0.00
7484          7.00         5.00       623.00       128.38        60.00        60.00       120.22        66.75         0.00         0.00       178.00         0.00         0.00         0.00         0.00         0.00         0.00         0.00         0.00
7592          7.00         5.00       623.00       128.38        60.00        50.00       120.22         0.00         0.00       133.50         0.00         0.00       300.00         0.00         0.00         0.00         0.00         0.00         0.00
0854          7.00         5.00     1,010.03       367.57        60.00        60.00       220.41       108.21         0.00         0.00         0.00         0.00         0.00         0.00         0.00         0.00         0.00         0.00         0.00
7295          7.00         5.00       623.00       128.38        60.00        60.00       120.22         0.00         0.00         0.00       178.00         0.00         0.00         0.00         0.00         0.00         0.00         0.00         0.00
6832          7.00         5.00       623.00       128.38        60.00        60.00       120.22         0.00         0.00         0.00         0.00        44.50         0.00         0.00         0.00         0.00         0.00         0.00         0.00
4807          7.00         5.00     3,420.55         0.00        60.00        60.00       547.28         0.00         0.00         0.00         0.00         0.00         0.00         0.00         0.00         0.00         0.00         0.00         0.00
6821          7.00         5.00       816.13       154.63        60.00        50.00       155.32        58.29         0.00         0.00         0.00         0.00         0.00         0.00         0.00         0.00         0.00         0.00         0.00
7596          4.00         3.00       249.20        51.35        30.00        20.00        48.08         0.00         0.00       133.50         0.00         0.00         0.00         0.00         0.00         0.00         0.00         0.00         0.00
3169          7.00         5.00       623.00       128.38        60.00        60.00       120.22         0.00         0.00         0.00         0.00         0.00         0.00         0.00         0.00         0.00         0.00         0.00         0.00
6944          7.00         5.00       816.13       154.63        60.00        60.00       155.32        58.29         0.00         0.00         0.00        58.29         0.00         0.00         0.00         0.00         0.00         0.00         0.00
5737          7.00         5.00       623.00       128.38        60.00        60.00       120.22         0.00         0.00       178.00       178.00        44.50         0.00         0.00         0.00         0.00         0.00         0.00         0.00
5902          0.00         0.00         0.00         0.00         0.00         0.00         0.00         0.00         0.00         0.00         0.00         0.00         0.00         0.00         0.00         0.00         0.00         0.00         0.00

















































EJECUTIVOS EN SERVICIOS DE ALIMENTOS, S.A. DE C.V.                                                                      Pagina: 0004
R.F.C.:                                                                                                                    5/NOV/19
REPORTE DE SUELDOS SEMANALES PERCEPCIONES


 
Codigo Dias de Pago Dias Laborad Sueldo       Compensacion Premio Asist Ayuda Transp Vales Despen T.E. Doble   T.E. Triple  Descanso lab Festivo labo Prim Dominic Perc Gravada Prem x Obj   Aguinaldo    Vacaciones   Prima Vacaci Grat Especia Utilidades
..........................................................................................................................................................................................................................................
4514          7.00         5.00       816.13       242.20        60.00        60.00       169.33         0.00         0.00         0.00       233.18         0.00         0.00         0.00         0.00         0.00         0.00         0.00         0.00
6014          7.00         5.00       816.13       154.63        60.00        60.00       155.32       116.59         0.00         0.00         0.00         0.00         0.00         0.00         0.00         0.00         0.00         0.00         0.00
7551          7.00         5.00       623.00       128.38        60.00        60.00       120.22         0.00         0.00         0.00       178.00         0.00         0.00         0.00         0.00         0.00         0.00         0.00         0.00
7590          7.00         5.00       623.00       128.38        60.00        50.00         0.00         0.00         0.00         0.00         0.00         0.00       120.22         0.00         0.00         0.00         0.00         0.00         0.00
6985          7.00         5.00     1,260.00       648.06        60.00        60.00       305.28       405.00        67.50         0.00       360.00         0.00         0.00         0.00         0.00         0.00         0.00         0.00         0.00
6831          7.00         5.00       623.00       128.38        60.00        50.00       120.22        89.00         0.00       133.50         0.00         0.00         0.00         0.00         0.00         0.00         0.00         0.00         0.00
3827          7.00         5.00       623.00       191.17        60.00        60.00       130.26        89.00         0.00       178.00         0.00        44.50         0.00         0.00         0.00         0.00         0.00         0.00         0.00
5412          0.00         0.00         0.00         0.00         0.00         0.00         0.00         0.00         0.00         0.00         0.00         0.00         0.00         0.00         0.00         0.00         0.00         0.00         0.00
4504          7.00         5.00     1,484.91       504.98        60.00        50.00       318.38         0.00         0.00         0.00         0.00         0.00       100.00         0.00         0.00         0.00         0.00         0.00         0.00
7395          7.00         5.00       623.00       128.38        60.00        60.00       120.22         0.00         0.00         0.00         0.00         0.00         0.00         0.00         0.00         0.00         0.00         0.00         0.00
0214          7.00         5.00     2,439.50     1,083.25        60.00        60.00       563.64         0.00         0.00         0.00         0.00         0.00         0.00         0.00         0.00         0.00         0.00         0.00         0.00
7376          7.00         5.00       623.00       128.38        60.00        60.00       120.22        66.75       100.12         0.00       178.00         0.00         0.00       500.00         0.00         0.00         0.00         0.00         0.00
7212          7.00         5.00       623.00       128.38        60.00        60.00       120.22         0.00         0.00         0.00         0.00         0.00         0.00       500.00         0.00         0.00         0.00         0.00         0.00
6321          7.00         5.00       623.00       191.17        60.00        60.00       130.26         0.00         0.00         0.00         0.00         0.00         0.00         0.00         0.00         0.00         0.00         0.00         0.00
5232          7.00         5.00       670.25       112.63        60.00        50.00       125.26         0.00         0.00         0.00       191.50         0.00         0.00         0.00         0.00         0.00         0.00         0.00         0.00
4958          7.00         5.00       623.00       128.38        60.00        60.00       120.22         0.00         0.00         0.00       178.00         0.00         0.00         0.00         0.00         0.00         0.00         0.00         0.00
3979          7.00         5.00     2,177.98       942.41        60.00        60.00       499.26         0.00         0.00         0.00         0.00         0.00         0.00         0.00         0.00         0.00         0.00         0.00         0.00
0442          7.00         5.00       774.06       433.09        60.00        60.00       193.14        82.93         0.00         0.00         0.00         0.00         0.00         0.00         0.00         0.00         0.00         0.00         0.00
7330          0.00         0.00         0.00         0.00         0.00         0.00         0.00         0.00         0.00         0.00         0.00         0.00         0.00         0.00         0.00         0.00         0.00         0.00         0.00
7243          7.00         5.00       623.00       128.38        60.00        50.00       120.22         0.00         0.00         0.00         0.00         0.00         0.00         0.00         0.00         0.00         0.00         0.00         0.00
7591          7.00         5.00       623.00       128.38        60.00        50.00       120.22        33.37         0.00         0.00         0.00         0.00         0.00         0.00         0.00         0.00         0.00         0.00         0.00
7397          7.00         4.00       623.00       107.28         0.00        50.00       100.47         0.00         0.00         0.00         0.00         0.00         0.00         0.00         0.00         0.00         0.00         0.00         0.00
7421          7.00         5.00       623.00       128.38        60.00        60.00       120.22         0.00         0.00         0.00       178.00         0.00         0.00       500.00         0.00         0.00         0.00         0.00         0.00
7595          6.00         5.00       520.65       107.28        50.00        50.00       100.47         0.00         0.00         0.00         0.00         0.00         0.00         0.00         0.00         0.00         0.00         0.00         0.00
7298          7.00         5.00       955.99       361.06        60.00        50.00       210.72         0.00         0.00         0.00         0.00         0.00         0.00         0.00         0.00         0.00         0.00         0.00         0.00
5396          7.00         5.00       623.00       128.38        60.00        60.00       120.22        44.50         0.00       133.50         0.00        44.50         0.00         0.00         0.00         0.00         0.00         0.00         0.00
5704          7.00         5.00       878.01       307.65        60.00        60.00       189.70         0.00         0.00       250.86       250.86        62.71         0.00         0.00         0.00         0.00         0.00         0.00         0.00
7503          7.00         5.00       623.00       128.38        60.00        60.00       120.22         0.00         0.00         0.00       178.00         0.00         0.00         0.00         0.00         0.00         0.00         0.00         0.00
7557          7.00         3.00       623.00        85.83         0.00        40.00        80.37         0.00         0.00         0.00         0.00         0.00         0.00         0.00         0.00         0.00         0.00         0.00         0.00
7190          7.00         5.00       623.00       128.38        60.00        60.00       120.22         0.00         0.00         0.00       178.00         0.00         0.00         0.00         0.00         0.00         0.00         0.00         0.00
7280          7.00         4.00       623.00       107.28         0.00        50.00       100.47         0.00         0.00         0.00         0.00         0.00         0.00         0.00         0.00         0.00         0.00         0.00         0.00
7588          7.00         5.00       623.00       128.38        60.00        60.00       120.22         0.00         0.00         0.00       178.00         0.00         0.00         0.00         0.00         0.00         0.00         0.00         0.00
5588          7.00         5.00       623.00       128.38        60.00        60.00       120.22         0.00         0.00         0.00       178.00         0.00         0.00         0.00         0.00         0.00         0.00         0.00         0.00
6203          7.00         5.00       623.00       128.38        60.00        60.00       120.22         0.00         0.00         0.00         0.00        44.50         0.00         0.00         0.00         0.00        53.67         0.00         0.00
6582          7.00         5.00       623.00       128.38        60.00        50.00       120.22         0.00         0.00         0.00         0.00         0.00         0.00         0.00         0.00         0.00         0.00         0.00         0.00
7226          7.00         5.00       623.00       128.38        60.00        60.00       120.22         0.00         0.00         0.00       178.00         0.00         0.00       500.00         0.00         0.00         0.00         0.00         0.00
7272          0.00         0.00         0.00         0.00         0.00         0.00         0.00         0.00         0.00         0.00         0.00         0.00         0.00         0.00         0.00         0.00         0.00         0.00         0.00
3326          7.00         5.00       878.01       429.45        60.00        60.00       209.19         0.00         0.00         0.00       250.86         0.00         0.00         0.00         0.00         0.00         0.00         0.00         0.00
3960          7.00         5.00       822.78       242.83        60.00        60.00       170.49       264.46       132.23         0.00         0.00         0.00         0.00         0.00         0.00         0.00         0.00         0.00         0.00
2233          7.00         5.00     1,077.37       534.38        60.00        60.00       257.88         0.00         0.00         0.00         0.00         0.00         0.00         0.00         0.00         0.00       287.81         0.00         0.00
7584          7.00         5.00       623.00       128.38        60.00        50.00       120.22         0.00         0.00         0.00         0.00         0.00         0.00         0.00         0.00         0.00         0.00         0.00         0.00
0449          7.00         5.00       714.35       124.04        60.00        50.00       134.14         0.00         0.00       153.07       204.10         0.00       250.00       500.00         0.00         0.00         0.00         0.00         0.00
6934          7.00         5.00     2,057.51       821.94        60.00        60.00       460.71         0.00         0.00         0.00         0.00         0.00         0.00         0.00         0.00         0.00         0.00         0.00         0.00

















































EJECUTIVOS EN SERVICIOS DE ALIMENTOS, S.A. DE C.V.                                                                      Pagina: 0005
R.F.C.:                                                                                                                    5/NOV/19
REPORTE DE SUELDOS SEMANALES PERCEPCIONES


 
Codigo Dias de Pago Dias Laborad Sueldo       Compensacion Premio Asist Ayuda Transp Vales Despen T.E. Doble   T.E. Triple  Descanso lab Festivo labo Prim Dominic Perc Gravada Prem x Obj   Aguinaldo    Vacaciones   Prima Vacaci Grat Especia Utilidades
..........................................................................................................................................................................................................................................
7137          7.00         5.00       816.13       403.34        60.00        50.00       195.11       116.59        87.44         0.00       233.18         0.00         0.00         0.00         0.00         0.00         0.00         0.00         0.00
6682          7.00         4.00       623.00       102.70         0.00        40.00        96.17         0.00         0.00         0.00         0.00         0.00         0.00         0.00         0.00         0.00         0.00         0.00         0.00
1269          7.00         5.00       623.00       128.38        60.00        60.00       120.22         0.00         0.00         0.00         0.00         0.00         0.00         0.00         0.00         0.00         0.00         0.00         0.00
6006          7.00         5.00       623.00       128.38        60.00        60.00       120.22         0.00         0.00         0.00       178.00         0.00         0.00         0.00         0.00         0.00         0.00         0.00         0.00
1419          7.00         5.00       878.01       307.65        60.00        60.00       189.70       125.43         0.00         0.00       250.86         0.00         0.00         0.00         0.00         0.00         0.00         0.00         0.00
7545          7.00         5.00       878.01       307.65        60.00        60.00       189.70        94.07         0.00         0.00         0.00        62.71         0.00         0.00         0.00         0.00         0.00         0.00         0.00
5905          7.00         5.00       878.01       307.65        60.00        60.00       189.70       282.21       329.25         0.00       250.86         0.00         0.00         0.00         0.00         0.00         0.00         0.00         0.00
7462          7.00         5.00       623.00       128.38        60.00        60.00       120.22        44.50         0.00         0.00       155.75        44.50         0.00         0.00         0.00         0.00         0.00         0.00         0.00
3525          7.00         5.00       816.13       154.63        60.00        60.00       155.32         0.00         0.00         0.00       233.18         0.00         0.00         0.00         0.00         0.00         0.00         0.00         0.00
2451          7.00         5.00       623.00       128.38        60.00        60.00       120.22        44.50         0.00         0.00         0.00        44.50         0.00         0.00         0.00         0.00         0.00         0.00         0.00
6885          7.00         4.00       623.00       107.28         0.00        50.00       100.47         0.00         0.00         0.00         0.00         0.00         0.00         0.00         0.00         0.00         0.00         0.00         0.00
4775          7.00         5.00       623.00       128.38        60.00        60.00       120.22         0.00         0.00         0.00         0.00         0.00         0.00       500.00         0.00         0.00       107.34         0.00         0.00
7528          7.00         5.00       623.00       128.38        60.00        60.00       120.22        66.75        33.37         0.00       178.00        44.50         0.00         0.00         0.00         0.00         0.00         0.00         0.00
5671          7.00         5.00     1,220.73       552.51        60.00        50.00       283.71         0.00         0.00         0.00         0.00         0.00         0.00         0.00         0.00         0.00         0.00         0.00         0.00
4832          7.00         5.00       623.00       128.38        60.00        60.00       120.22         0.00         0.00         0.00       178.00         0.00         0.00         0.00         0.00         0.00         0.00         0.00         0.00
6567          7.00         5.00       623.00       128.38        60.00        60.00       120.22         0.00         0.00         0.00         0.00         0.00         0.00       500.00         0.00         0.00         0.00         0.00         0.00
3321          7.00         5.00     1,077.37       434.91        60.00        50.00       241.96        76.95         0.00         0.00       307.82         0.00       379.15         0.00         0.00         0.00         0.00         0.00         0.00
7577          7.00         5.00       623.00       128.38        60.00        50.00       120.22         0.00         0.00         0.00         0.00         0.00         0.00         0.00         0.00         0.00         0.00         0.00         0.00
2112          7.00         5.00       623.00       128.38        60.00        60.00       120.22         0.00         0.00         0.00         0.00         0.00         0.00         0.00         0.00         0.00       134.17         0.00         0.00
0624          7.00         5.00       983.99       827.19        60.00        50.00       289.78         0.00         0.00         0.00       281.14         0.00         0.00         0.00         0.00         0.00         0.00         0.00         0.00
6877          7.00         5.00       623.00       128.38        60.00        50.00       120.22         0.00         0.00         0.00       178.00         0.00       244.48       500.00         0.00         0.00         0.00         0.00         0.00
4385          7.00         5.00       816.13       242.20        60.00        60.00       169.33         0.00         0.00         0.00       233.18         0.00         0.00         0.00         0.00         0.00         0.00         0.00         0.00
7378          7.00         5.00       623.00       128.38        60.00        50.00       120.22         0.00         0.00         0.00         0.00         0.00         0.00         0.00         0.00         0.00         0.00         0.00         0.00
0366          7.00         5.00     2,020.55       758.87        60.00        50.00       444.70         0.00         0.00         0.00         0.00         0.00         0.00         0.00         0.00         0.00         0.00         0.00         0.00
6206          7.00         5.00       816.13       154.63        60.00        60.00       155.32         0.00         0.00         0.00       233.18         0.00         0.00         0.00         0.00         0.00         0.00         0.00         0.00
 
*** GLOBAL               943.00   149,233.20    41,080.30    10,820.00    10,720.00    29,955.76     7,541.95     2,160.27     2,569.19    17,678.42     1,770.05     6,054.88    12,000.00         0.00         0.00     1,365.12         0.00         0.00
  
































































