EJECUTIVOS EN SERVICIOS DE ALIMENTOS, S.A. DE C.V.                                                                      Pagina: 0001
R.F.C.:                                                                                                                    5/NOV/19
REPORTE DE SUELDOS SEMANALES PERCEPCIONES


 
Codigo Dias de Pago Dias Laborad Sueldo       Compensacion Premio Asist Ayuda Transp Vales Despen T.E. Doble   T.E. Triple  Descanso lab Festivo labo Prim Dominic Perc Gravada Prem x Obj   Aguinaldo    Vacaciones   Prima Vacaci Grat Especia Utilidades
..........................................................................................................................................................................................................................................
5761          0.00         0.00         0.00         0.00         0.00         0.00         0.00         0.00         0.00         0.00         0.00         0.00         0.00         0.00         0.00         0.00         0.00         0.00         0.00
7505          7.00         6.00       623.00       128.38        60.00        60.00       120.22        44.50         0.00         0.00         0.00         0.00         0.00         0.00         0.00         0.00         0.00         0.00         0.00
6600          0.00         0.00         0.00         0.00         0.00         0.00         0.00         0.00         0.00         0.00         0.00         0.00         0.00         0.00         0.00         0.00         0.00         0.00         0.00
7685          7.00         6.00       623.00       128.38        60.00        60.00       120.22       111.25         0.00         0.00         0.00         0.00         0.00         0.00         0.00         0.00         0.00         0.00         0.00
7331          7.00         6.00       623.00       128.38        60.00        60.00       120.22         0.00         0.00         0.00         0.00         0.00         0.00         0.00         0.00         0.00         0.00         0.00         0.00
5933          7.00         6.00       623.00       128.38        60.00        60.00       120.22       133.50        66.75         0.00         0.00         0.00         0.00         0.00         0.00         0.00         0.00         0.00         0.00
7170          7.00         6.00       623.00       128.38        60.00        60.00       120.22         0.00         0.00         0.00         0.00         0.00         0.00         0.00         0.00         0.00         0.00         0.00         0.00
7774          4.00         3.00       249.20        51.35        30.00        20.00        48.08        22.25         0.00        66.75         0.00         0.00         0.00         0.00         0.00         0.00         0.00         0.00         0.00
5618          7.00         6.00       623.00       128.38        60.00        50.00       120.22        44.50         0.00         0.00         0.00         0.00         0.00         0.00         0.00         0.00         0.00         0.00         0.00
5201          7.00         6.00       878.01       429.45        60.00        60.00       209.19       250.86         0.00         0.00         0.00         0.00         0.00         0.00         0.00         0.00         0.00         0.00         0.00
3890          7.00         6.00     1,258.95       735.56        60.00        50.00       319.12         0.00         0.00         0.00         0.00         0.00         0.00         0.00         0.00         0.00         0.00         0.00         0.00
6654          0.00         0.00         0.00         0.00         0.00         0.00         0.00         0.00         0.00         0.00         0.00         0.00         0.00         0.00         0.00         0.00         0.00         0.00         0.00
3652          7.00         6.00     1,077.37       738.57        60.00        60.00       290.55       153.91         0.00         0.00         0.00        76.95         0.00         0.00         0.00         0.00         0.00         0.00         0.00
1123          7.00         6.00       878.01       293.86        60.00        60.00       187.49         0.00         0.00         0.00         0.00         0.00         0.00         0.00         0.00         0.00         0.00         0.00         0.00
4044          7.00         6.00       878.01       307.65        60.00        60.00       189.70         0.00         0.00         0.00         0.00        62.71         0.00         0.00         0.00         0.00         0.00         0.00         0.00
7593          7.00         6.00       623.00       128.38        60.00        60.00       120.22         0.00         0.00         0.00         0.00        44.50         0.00         0.00         0.00         0.00         0.00         0.00         0.00
7765          7.00         6.00       623.00       128.38        60.00        50.00       120.22        89.00         0.00         0.00         0.00         0.00         0.00         0.00         0.00         0.00         0.00         0.00         0.00
7259          7.00         6.00       623.00       128.38        60.00        50.00       120.22         0.00         0.00         0.00         0.00         0.00         0.00         0.00         0.00         0.00         0.00         0.00         0.00
7312          7.00         6.00       623.00       128.38        60.00        50.00       120.22       200.25       100.12       178.00         0.00        44.50         0.00         0.00         0.00         0.00         0.00         0.00         0.00
7338          7.00         6.00       623.00       128.38        60.00        60.00       120.22        44.50         0.00         0.00         0.00         0.00         0.00         0.00         0.00         0.00         0.00         0.00         0.00
5677          7.00         6.00       816.13       201.11        60.00        50.00       162.75       262.32       131.16       466.36         0.00        58.29         0.00         0.00         0.00         0.00         0.00         0.00         0.00
7737          7.00         6.00       623.00       128.38        60.00        50.00       120.22         0.00         0.00       178.00         0.00        44.50         0.00         0.00         0.00         0.00         0.00         0.00         0.00
4008          7.00         6.00     1,074.01       813.26        60.00        60.00       301.96       230.14       575.36         0.00         0.00         0.00         0.00         0.00         0.00         0.00         0.00         0.00         0.00
7690          7.00         5.00       623.00       107.28         0.00        50.00       100.47         0.00         0.00         0.00         0.00         0.00         0.00         0.00         0.00         0.00         0.00         0.00         0.00
6210          7.00         6.00       623.00       128.38        60.00        50.00       120.22         0.00         0.00         0.00         0.00         0.00       250.00         0.00         0.00         0.00         0.00         0.00         0.00
0849          7.00         6.00       816.13        49.98        60.00        50.00       138.57        58.29         0.00         0.00         0.00         0.00       902.22         0.00         0.00         0.00       185.59         0.00         0.00
7536          7.00         6.00       623.00       128.38        60.00        50.00       120.22       178.00         0.00         0.00         0.00         0.00         0.00         0.00         0.00         0.00         0.00         0.00         0.00
5237          7.00         6.00       623.00       128.38        60.00        60.00       120.22         0.00         0.00         0.00         0.00         0.00         0.00         0.00         0.00         0.00         0.00         0.00         0.00
7430          7.00         6.00       994.07       460.11        60.00        50.00       232.66       319.52       159.76       284.02         0.00         0.00         0.00         0.00         0.00         0.00         0.00         0.00         0.00
5181          7.00         6.00       623.00       128.38        60.00        60.00       120.22         0.00         0.00         0.00         0.00         0.00         0.00         0.00         0.00         0.00         0.00         0.00         0.00
7655          7.00         6.00       623.00       128.38        60.00        50.00       120.22         0.00         0.00         0.00         0.00         0.00         0.00         0.00         0.00         0.00         0.00         0.00         0.00
7057          7.00         6.00       623.00       128.38        60.00        50.00       120.22         0.00         0.00         0.00         0.00         0.00         0.00         0.00         0.00         0.00         0.00         0.00         0.00
5558          7.00         6.00       623.00       128.38        60.00        60.00       120.22        66.75         0.00         0.00         0.00         0.00         0.00         0.00         0.00         0.00         0.00         0.00         0.00
4746          7.00         6.00       878.01       248.78        60.00        50.00       180.28       282.21       141.10       501.72         0.00        62.71       145.00         0.00         0.00         0.00         0.00         0.00         0.00
7663          7.00         6.00       623.00       128.38        60.00        50.00       120.22        44.50         0.00        89.00         0.00         0.00        89.00         0.00         0.00         0.00         0.00         0.00         0.00
7407          7.00         6.00       623.00       128.38        60.00        60.00       120.22       178.00       267.00         0.00         0.00         0.00         0.00         0.00         0.00         0.00         0.00         0.00         0.00
6061          7.00         6.00     1,143.52       394.24        60.00        50.00       246.04       367.56       306.30       653.44         0.00        81.68         0.00         0.00         0.00         0.00         0.00         0.00         0.00
7773          4.00         3.00       249.20        51.35        30.00        20.00        48.08        22.25         0.00       155.75         0.00        44.50         0.00         0.00         0.00         0.00         0.00         0.00         0.00
7704          7.00         5.00       623.00       102.70         0.00        40.00        96.17         0.00         0.00         0.00         0.00         0.00         0.00         0.00         0.00         0.00         0.00         0.00         0.00
1424          7.00         6.00     1,962.52       597.45        60.00        60.00       409.59         0.00         0.00         0.00         0.00         0.00     4,323.50         0.00         0.00         0.00       182.85         0.00         0.00
5280          7.00         6.00     1,166.69       643.79        60.00        50.00       289.67         0.00         0.00         0.00         0.00         0.00         0.00         0.00         0.00         0.00         0.00         0.00         0.00
7742          7.00         6.00       623.00       128.38        60.00        50.00       120.22         0.00         0.00         0.00         0.00         0.00         0.00         0.00         0.00         0.00         0.00         0.00         0.00
7740          7.00         6.00       623.00       128.38        60.00        60.00       120.22       144.62         0.00         0.00         0.00         0.00         0.00         0.00         0.00         0.00         0.00         0.00         0.00

















































EJECUTIVOS EN SERVICIOS DE ALIMENTOS, S.A. DE C.V.                                                                      Pagina: 0002
R.F.C.:                                                                                                                    5/NOV/19
REPORTE DE SUELDOS SEMANALES PERCEPCIONES


 
Codigo Dias de Pago Dias Laborad Sueldo       Compensacion Premio Asist Ayuda Transp Vales Despen T.E. Doble   T.E. Triple  Descanso lab Festivo labo Prim Dominic Perc Gravada Prem x Obj   Aguinaldo    Vacaciones   Prima Vacaci Grat Especia Utilidades
..........................................................................................................................................................................................................................................
6461          7.00         6.00       797.16       213.78        60.00        60.00       161.75       256.23       256.23         0.00         0.00        56.94         0.00         0.00         0.00         0.00         0.00         0.00         0.00
6765          7.00         6.00       878.01       293.86        60.00        50.00       187.49       282.21       352.77       501.72         0.00        62.71         0.00         0.00         0.00         0.00         0.00         0.00         0.00
7694          7.00         6.00       623.00       128.38        60.00        60.00       120.22         0.00         0.00         0.00         0.00        44.50         0.00         0.00         0.00         0.00         0.00         0.00         0.00
7752          7.00         6.00       623.00       128.38        60.00        60.00       120.22         0.00         0.00         0.00         0.00        44.50         0.00         0.00         0.00         0.00         0.00         0.00         0.00
6657          7.00         6.00       623.00       128.38        60.00        50.00       120.22         0.00         0.00         0.00         0.00         0.00         0.00         0.00         0.00         0.00         0.00         0.00         0.00
7761          7.00         6.00       623.00       128.38        60.00        60.00       120.22         0.00         0.00         0.00         0.00         0.00         0.00         0.00         0.00         0.00         0.00         0.00         0.00
5000          7.00         6.00       816.13       193.48        60.00        60.00       161.53         0.00         0.00         0.00         0.00         0.00         0.00         0.00         0.00         0.00         0.00         0.00         0.00
7649          7.00         6.00       623.00       128.38        60.00        50.00       120.22         0.00         0.00         0.00         0.00         0.00         0.00         0.00         0.00         0.00         0.00         0.00         0.00
5644          7.00         6.00       797.16       213.78        60.00        60.00       161.75       256.23       341.64         0.00         0.00         0.00         0.00         0.00         0.00         0.00         0.00         0.00         0.00
7519          7.00         6.00       623.00       128.38        60.00        60.00       120.22         0.00         0.00         0.00         0.00         0.00         0.00         0.00         0.00         0.00         0.00         0.00         0.00
6638          7.00         4.00       623.00        85.83         0.00        40.00        80.37         0.00         0.00         0.00         0.00         0.00         0.00         0.00         0.00         0.00         0.00         0.00         0.00
7734          7.00         6.00       623.00       128.38        60.00        60.00       120.22       100.12         0.00         0.00         0.00         0.00         0.00         0.00         0.00         0.00         0.00         0.00         0.00
6690          7.00         5.00       623.00       102.70         0.00        40.00        96.17       122.37         0.00         0.00         0.00         0.00         0.00         0.00         0.00         0.00         0.00         0.00         0.00
7168          7.00         6.00       623.00       128.38        60.00        60.00       120.22         0.00         0.00         0.00         0.00        44.50         0.00         0.00         0.00         0.00         0.00         0.00         0.00
6958          0.00         0.00         0.00         0.00         0.00         0.00         0.00         0.00         0.00         0.00         0.00         0.00         0.00         0.00         0.00         0.00         0.00         0.00         0.00
7762          7.00         5.00       623.00       107.28         0.00        50.00       100.47         0.00         0.00         0.00         0.00         0.00         0.00         0.00         0.00         0.00         0.00         0.00         0.00
6927          7.00         6.00       623.00       128.38        60.00        60.00       120.22        89.00         0.00        89.00         0.00        44.50         0.00         0.00         0.00         0.00         0.00         0.00         0.00
7764          7.00         6.00       623.00       128.38        60.00        50.00       120.22         0.00         0.00         0.00         0.00         0.00         0.00         0.00         0.00         0.00         0.00         0.00         0.00
6542          7.00         6.00       816.13       154.63        60.00        50.00       155.32       262.32         0.00       145.73         0.00         0.00         0.00         0.00         0.00         0.00         0.00         0.00         0.00
4314          7.00         6.00       856.31       742.98        60.00        60.00       255.88       259.95         0.00         0.00         0.00         0.00     3,570.31         0.00         0.00         0.00        57.11         0.00         0.00
3160          4.00         3.00       249.20        51.35        30.00        20.00        48.08         0.00         0.00         0.00         0.00         0.00         0.00         0.00         0.00         0.00         0.00         0.00         0.00
7485          7.00         6.00       623.00       128.38        60.00        60.00       120.22       200.25       233.62         0.00         0.00        44.50         0.00         0.00         0.00         0.00         0.00         0.00         0.00
7632          7.00         6.00       623.00       128.38        60.00        60.00       120.22       100.12         0.00         0.00         0.00         0.00         0.00         0.00         0.00         0.00         0.00         0.00         0.00
7673          0.00         0.00         0.00         0.00         0.00         0.00         0.00         0.00         0.00         0.00         0.00         0.00         0.00         0.00         0.00         0.00         0.00         0.00         0.00
6504          7.00         6.00       623.00       128.38        60.00        60.00       120.22         0.00         0.00         0.00         0.00         0.00         0.00         0.00         0.00         0.00         0.00         0.00         0.00
7617          0.00         0.00         0.00         0.00         0.00         0.00         0.00         0.00         0.00         0.00         0.00         0.00         0.00         0.00         0.00         0.00         0.00         0.00         0.00
7760          0.00         0.00         0.00         0.00         0.00         0.00         0.00         0.00         0.00         0.00         0.00         0.00         0.00         0.00         0.00         0.00         0.00         0.00         0.00
7604          7.00         6.00       623.00       128.38        60.00        60.00       120.22         0.00         0.00         0.00         0.00         0.00         0.00         0.00         0.00         0.00         0.00         0.00         0.00
7061          7.00         6.00       623.00       128.38        60.00        60.00       120.22         0.00         0.00         0.00         0.00         0.00       254.48         0.00         0.00         0.00         0.00         0.00         0.00
7627          7.00         6.00       623.00       128.38        60.00        60.00       120.22       133.50        33.37         0.00         0.00        44.50         0.00         0.00         0.00         0.00         0.00         0.00         0.00
7748          0.00         0.00         0.00         0.00         0.00         0.00         0.00         0.00         0.00         0.00         0.00         0.00         0.00         0.00         0.00         0.00         0.00         0.00         0.00
7633          7.00         6.00       623.00       128.38        60.00        50.00       120.22        44.50         0.00         0.00         0.00         0.00         0.00         0.00         0.00         0.00         0.00         0.00         0.00
7712          0.00         0.00         0.00         0.00         0.00         0.00         0.00         0.00         0.00         0.00         0.00         0.00         0.00         0.00         0.00         0.00         0.00         0.00         0.00
7744          7.00         6.00     1,143.52       462.91        60.00        60.00       257.02       367.56        61.26         0.00         0.00         0.00         0.00         0.00         0.00         0.00         0.00         0.00         0.00
7428          7.00         6.00       623.00       128.38        60.00        60.00       120.22         0.00         0.00         0.00         0.00         0.00         0.00         0.00         0.00         0.00         0.00         0.00         0.00
2897          7.00         6.00       623.00       128.38        60.00        50.00       120.22         0.00         0.00         0.00         0.00         0.00         0.00         0.00         0.00         0.00         0.00         0.00         0.00
7558          7.00         6.00       623.00       128.38        60.00        50.00       120.22        44.50         0.00         0.00         0.00         0.00         0.00         0.00         0.00         0.00         0.00         0.00         0.00
6360          0.00         0.00         0.00         0.00         0.00         0.00         0.00         0.00         0.00         0.00         0.00         0.00         0.00         0.00         0.00         0.00         0.00         0.00         0.00
7614          7.00         6.00       816.13       154.63        60.00        50.00       155.32         0.00         0.00         0.00         0.00         0.00       180.99         0.00         0.00         0.00         0.00         0.00         0.00
3318          7.00         6.00     1,020.18       938.70        60.00        50.00       313.42         0.00         0.00         0.00         0.00         0.00       115.00         0.00         0.00         0.00         0.00         0.00         0.00
7706          7.00         6.00       623.00       128.38        60.00        60.00       120.22         0.00         0.00         0.00         0.00         0.00         0.00         0.00         0.00         0.00         0.00         0.00         0.00
5139          7.00         6.00     1,400.00       436.80        60.00        60.00       293.88         0.00         0.00         0.00         0.00         0.00     4,893.89         0.00         0.00         0.00         0.00         0.00         0.00
6083          7.00         6.00       623.00       191.17        60.00        60.00       130.26       178.00       100.12         0.00         0.00        44.50         0.00         0.00         0.00         0.00         0.00         0.00         0.00

















































EJECUTIVOS EN SERVICIOS DE ALIMENTOS, S.A. DE C.V.                                                                      Pagina: 0003
R.F.C.:                                                                                                                    5/NOV/19
REPORTE DE SUELDOS SEMANALES PERCEPCIONES


 
Codigo Dias de Pago Dias Laborad Sueldo       Compensacion Premio Asist Ayuda Transp Vales Despen T.E. Doble   T.E. Triple  Descanso lab Festivo labo Prim Dominic Perc Gravada Prem x Obj   Aguinaldo    Vacaciones   Prima Vacaci Grat Especia Utilidades
..........................................................................................................................................................................................................................................
6766          7.00         6.00       816.13       193.48        60.00        60.00       161.53       174.88        87.44         0.00         0.00         0.00         0.00         0.00         0.00         0.00         0.00         0.00         0.00
4137          7.00         6.00     1,964.97     1,050.07        60.00        60.00       482.40         0.00         0.00         0.00         0.00         0.00    11,491.87         0.00         0.00         0.00         0.00         0.00         0.00
7542          7.00         6.00       623.00       128.38        60.00        60.00       120.22         0.00         0.00         0.00         0.00         0.00       155.75         0.00         0.00         0.00         0.00         0.00         0.00
7756          7.00         6.00       623.00       128.38        60.00        50.00       120.22         0.00         0.00       178.00         0.00         0.00         0.00         0.00         0.00         0.00         0.00         0.00         0.00
7759          7.00         6.00       623.00       128.38        60.00        50.00       120.22        89.00         0.00         0.00         0.00         0.00         0.00         0.00         0.00         0.00         0.00         0.00         0.00
3780          7.00         6.00       878.01       429.45        60.00        60.00       209.19       266.53         0.00         0.00         0.00         0.00         0.00         0.00         0.00         0.00         0.00         0.00         0.00
7678          7.00         6.00       623.00       128.38        60.00        60.00       120.22        66.75        33.37         0.00         0.00         0.00         0.00         0.00         0.00         0.00         0.00         0.00         0.00
6205          7.00         6.00       623.00       128.38        60.00        60.00       120.22        89.00         0.00         0.00         0.00         0.00         0.00         0.00         0.00         0.00         0.00         0.00         0.00
5027          7.00         6.00       623.00       191.17        60.00        60.00       130.26        44.50         0.00         0.00         0.00         0.00       216.00         0.00         0.00         0.00         0.00         0.00         0.00
6839          7.00         6.00       623.00       128.38        60.00        60.00       120.22       189.12         0.00         0.00         0.00         0.00         0.00         0.00         0.00         0.00         0.00         0.00         0.00
5646          7.00         6.00       623.00       128.38        60.00        60.00       120.22       133.50         0.00         0.00         0.00         0.00         0.00         0.00         0.00         0.00         0.00         0.00         0.00
7750          7.00         6.00       623.00       128.38        60.00        60.00       120.22        89.00         0.00        89.00         0.00        44.50         0.00         0.00         0.00         0.00         0.00         0.00         0.00
7708          7.00         6.00       623.00       128.38        60.00        60.00       120.22         0.00         0.00         0.00         0.00         0.00         0.00         0.00         0.00         0.00         0.00         0.00         0.00
6978          7.00         6.00       623.00       128.38        60.00        60.00       120.22        66.75         0.00         0.00         0.00         0.00         0.00         0.00         0.00         0.00         0.00         0.00         0.00
7647          7.00         6.00       623.00       128.38        60.00        60.00       120.22        66.75         0.00         0.00         0.00         0.00         0.00         0.00         0.00         0.00         0.00         0.00         0.00
5679          7.00         6.00       816.13       284.55        60.00        60.00       176.10       262.32       262.32         0.00         0.00        58.29         0.00         0.00         0.00         0.00         0.00         0.00         0.00
7530          7.00         6.00       623.00       128.38        60.00        50.00       120.22        55.62         0.00         0.00         0.00         0.00         0.00         0.00         0.00         0.00         0.00         0.00         0.00
6028          7.00         6.00       797.16       213.78        60.00        60.00       161.75       256.23       362.99         0.00         0.00         0.00         0.00         0.00         0.00         0.00         0.00         0.00         0.00
6565          7.00         6.00       623.00       128.38        60.00        60.00       120.22       155.75       267.00         0.00         0.00         0.00         0.00         0.00         0.00         0.00         0.00         0.00         0.00
7731          7.00         6.00       623.00       128.38        60.00        50.00       120.22       200.25       133.50       356.00         0.00        44.50         0.00         0.00         0.00         0.00         0.00         0.00         0.00
7753          7.00         6.00       623.00       128.38        60.00        50.00       120.22         0.00         0.00         0.00         0.00         0.00         0.00         0.00         0.00         0.00         0.00         0.00         0.00
3676          7.00         6.00       878.01       293.86        60.00        50.00       187.49       282.21       282.21       188.14         0.00         0.00         0.00         0.00         0.00         0.00         0.00         0.00         0.00
3221          7.00         6.00       822.78       285.46        60.00        60.00       177.31       264.46       286.50         0.00         0.00         0.00         0.00         0.00         0.00         0.00         0.00         0.00         0.00
7741          7.00         6.00       623.00       128.38        60.00        50.00       120.22        44.50         0.00         0.00         0.00         0.00         0.00         0.00         0.00         0.00         0.00         0.00         0.00
7269          7.00         6.00       623.00       128.38        60.00        60.00       120.22         0.00         0.00         0.00         0.00         0.00         0.00         0.00         0.00         0.00         0.00         0.00         0.00
2522          7.00         6.00       623.00       128.38        60.00        60.00       120.22       133.50         0.00         0.00         0.00         0.00         0.00         0.00         0.00         0.00         0.00         0.00         0.00
5506          7.00         6.00       816.13       154.63        60.00        50.00       155.32       218.60         0.00         0.00         0.00         0.00         0.00         0.00         0.00         0.00         0.00         0.00         0.00
0236          7.00         6.00     1,074.01       813.26        60.00        60.00       301.96         0.00         0.00         0.00         0.00         0.00     3,620.08         0.00         0.00         0.00         0.00         0.00         0.00
7080          7.00         6.00       878.01       307.65        60.00        60.00       189.70       282.21        47.03         0.00         0.00        62.71         0.00         0.00         0.00         0.00         0.00         0.00         0.00
5965          7.00         6.00       816.13       193.48        60.00        60.00       161.53         0.00         0.00         0.00         0.00         0.00         0.00         0.00         0.00         0.00         0.00         0.00         0.00
5447          7.00         6.00       623.00       128.38        60.00        50.00       120.22         0.00         0.00         0.00         0.00         0.00         0.00         0.00         0.00         0.00         0.00         0.00         0.00
7723          7.00         6.00       623.00       128.38        60.00        60.00       120.22         0.00         0.00         0.00         0.00        44.50         0.00         0.00         0.00         0.00         0.00         0.00         0.00
6685          7.00         6.00       623.00       128.38        60.00        60.00       120.22       111.25         0.00         0.00         0.00         0.00         0.00         0.00         0.00         0.00         0.00         0.00         0.00
5549          7.00         6.00       623.00       128.38        60.00        60.00       120.22         0.00         0.00         0.00         0.00        44.50         0.00         0.00         0.00         0.00         0.00         0.00         0.00
0854          7.00         6.00     1,010.03       367.57        60.00        50.00       220.41       180.36         0.00         0.00         0.00         0.00         0.00         0.00         0.00         0.00         0.00         0.00         0.00
7295          7.00         6.00       623.00       128.38        60.00        60.00       120.22         0.00         0.00         0.00         0.00         0.00         0.00         0.00         0.00         0.00         0.00         0.00         0.00
7693          7.00         6.00       623.00       128.38        60.00        60.00       120.22         0.00         0.00         0.00         0.00         0.00       254.48         0.00         0.00         0.00         0.00         0.00         0.00
6832          7.00         6.00       623.00       128.38        60.00        60.00       120.22        89.00         0.00         0.00         0.00         0.00         0.00         0.00         0.00         0.00         0.00         0.00         0.00
4807          7.00         6.00     3,663.66         0.00        60.00        60.00       564.20         0.00         0.00         0.00         0.00         0.00     8,950.07         0.00         0.00         0.00         0.00         0.00         0.00
6821          7.00         6.00       816.13       193.48        60.00        50.00       161.53        58.29         0.00         0.00         0.00         0.00         0.00         0.00         0.00         0.00         0.00         0.00         0.00
7763          7.00         4.00       623.00        85.83         0.00        40.00        80.37       100.12         0.00         0.00         0.00         0.00         0.00         0.00         0.00         0.00         0.00         0.00         0.00
7751          7.00         6.00       623.00       128.38        60.00        50.00       120.22         0.00         0.00         0.00         0.00         0.00         0.00         0.00         0.00         0.00         0.00         0.00         0.00
7730          0.00         0.00         0.00         0.00         0.00         0.00         0.00         0.00         0.00         0.00         0.00         0.00         0.00         0.00         0.00         0.00         0.00         0.00         0.00

















































EJECUTIVOS EN SERVICIOS DE ALIMENTOS, S.A. DE C.V.                                                                      Pagina: 0004
R.F.C.:                                                                                                                    5/NOV/19
REPORTE DE SUELDOS SEMANALES PERCEPCIONES


 
Codigo Dias de Pago Dias Laborad Sueldo       Compensacion Premio Asist Ayuda Transp Vales Despen T.E. Doble   T.E. Triple  Descanso lab Festivo labo Prim Dominic Perc Gravada Prem x Obj   Aguinaldo    Vacaciones   Prima Vacaci Grat Especia Utilidades
..........................................................................................................................................................................................................................................
3169          7.00         3.00       623.00        64.37         0.00        30.00        60.28         0.00         0.00         0.00         0.00         0.00         0.00         0.00         0.00         0.00         0.00         0.00         0.00
4514          7.00         6.00       816.13       284.55        60.00        60.00       176.10       174.88       262.32         0.00         0.00         0.00     4,151.98         0.00         0.00         0.00         0.00         0.00         0.00
7104          7.00         6.00       623.00       128.38        60.00        50.00       120.22         0.00         0.00         0.00         0.00         0.00         0.00         0.00         0.00         0.00         0.00         0.00         0.00
7754          7.00         6.00       623.00       128.38        60.00        60.00       120.22         0.00         0.00         0.00         0.00         0.00         0.00         0.00         0.00         0.00         0.00         0.00         0.00
7717          7.00         6.00       878.01       307.65        60.00        60.00       189.70         0.00         0.00         0.00         0.00         0.00         0.00         0.00         0.00         0.00         0.00         0.00         0.00
6014          7.00         6.00       816.13       193.48        60.00        60.00       161.53       204.03         0.00         0.00         0.00         0.00         0.00         0.00         0.00         0.00         0.00         0.00         0.00
7551          7.00         6.00       623.00       128.38        60.00        60.00       120.22         0.00         0.00         0.00         0.00         0.00         0.00         0.00         0.00         0.00         0.00         0.00         0.00
7715          7.00         6.00       623.00       128.38        60.00        60.00       120.22         0.00         0.00         0.00         0.00        44.50         0.00         0.00         0.00         0.00         0.00         0.00         0.00
6985          0.00         0.00         0.00         0.00         0.00         0.00         0.00         0.00         0.00         0.00         0.00         0.00         0.00         0.00         0.00         0.00         0.00         0.00         0.00
3827          7.00         6.00       623.00       191.17        60.00        60.00       130.26       200.25        50.06         0.00         0.00         0.00         0.00         0.00         0.00         0.00         0.00         0.00         0.00
5412          7.00         6.00       623.00       128.38        60.00        50.00       120.22         0.00         0.00         0.00         0.00         0.00         0.00         0.00         0.00         0.00         0.00         0.00         0.00
7757          7.00         6.00       623.00       128.38        60.00        50.00       120.22         0.00         0.00         0.00         0.00         0.00         0.00         0.00         0.00         0.00         0.00         0.00         0.00
4504          0.00         0.00         0.00         0.00         0.00         0.00         0.00         0.00         0.00         0.00         0.00         0.00         0.00         0.00         0.00         0.00         0.00         0.00         0.00
7395          7.00         6.00       623.00       128.38        60.00        60.00       120.22       200.25       200.25         0.00         0.00         0.00         0.00         0.00         0.00         0.00         0.00         0.00         0.00
0214          7.00         6.00     2,439.50     1,224.16        60.00        60.00       564.20         0.00         0.00         0.00         0.00         0.00     6,358.08         0.00         0.00         0.00       261.69         0.00         0.00
7376          7.00         6.00       623.00       128.38        60.00        60.00       120.22       133.50       200.25         0.00         0.00         0.00         0.00         0.00         0.00         0.00         0.00         0.00         0.00
6321          7.00         6.00       623.00       191.17        60.00        60.00       130.26         0.00         0.00         0.00         0.00         0.00         0.00         0.00         0.00         0.00         0.00         0.00         0.00
5232          7.00         6.00       670.25       143.92        60.00        50.00       130.26         0.00         0.00       143.62         0.00        47.87       100.00         0.00         0.00         0.00         0.00         0.00         0.00
4958          7.00         6.00       623.00       128.38        60.00        60.00       120.22         0.00         0.00         0.00         0.00         0.00         0.00         0.00         0.00         0.00         0.00         0.00         0.00
3979          7.00         6.00     2,177.98     1,067.22        60.00        60.00       519.23         0.00         0.00         0.00         0.00         0.00     8,902.81         0.00         0.00         0.00         0.00         0.00         0.00
0442          7.00         6.00       774.06       481.39        60.00        60.00       200.87       221.16         0.00         0.00         0.00         0.00         0.00         0.00         0.00         0.00         0.00         0.00         0.00
7699          7.00         6.00       623.00       128.38        60.00        60.00       120.22        66.75         0.00         0.00         0.00        44.50         0.00         0.00         0.00         0.00         0.00         0.00         0.00
7330          0.00         0.00         0.00         0.00         0.00         0.00         0.00         0.00         0.00         0.00         0.00         0.00         0.00         0.00         0.00         0.00         0.00         0.00         0.00
7719          7.00         5.00       623.00       107.28         0.00        50.00       100.47         0.00         0.00         0.00         0.00         0.00         0.00         0.00         0.00         0.00         0.00         0.00         0.00
7772          3.00         2.00       208.26        42.91        20.00        20.00        40.18         0.00         0.00         0.00         0.00         0.00         0.00         0.00         0.00         0.00         0.00         0.00         0.00
7421          7.00         6.00       623.00       128.38        60.00        60.00       120.22        44.50         0.00         0.00         0.00         0.00         0.00         0.00         0.00         0.00         0.00         0.00         0.00
7298          7.00         6.00       955.99       413.77        60.00        50.00       219.16         0.00         0.00         0.00         0.00         0.00         0.00         0.00         0.00         0.00         0.00         0.00         0.00
7758          7.00         6.00       623.00       128.38        60.00        60.00       120.22        66.75        33.37         0.00         0.00         0.00         0.00         0.00         0.00         0.00         0.00         0.00         0.00
5396          7.00         6.00       623.00       128.38        60.00        60.00       120.22       144.62         0.00         0.00         0.00         0.00         0.00         0.00         0.00         0.00         0.00         0.00         0.00
5704          7.00         6.00       878.01       355.11        60.00        50.00       197.29       282.21       141.10       501.72         0.00        62.71         0.00         0.00         0.00         0.00         0.00         0.00         0.00
7503          7.00         6.00       623.00       128.38        60.00        60.00       120.22       200.25        33.37       178.00         0.00        44.50         0.00         0.00         0.00         0.00         0.00         0.00         0.00
7190          7.00         4.00       623.00        77.02         0.00        30.00         0.00         0.00         0.00        55.62         0.00         0.00        72.13         0.00         0.00         0.00         0.00         0.00         0.00
7745          7.00         1.00       623.00        21.45         0.00        10.00        20.09         0.00         0.00         0.00         0.00         0.00         0.00         0.00         0.00         0.00         0.00         0.00         0.00
7588          7.00         6.00       623.00       128.38        60.00        60.00       120.22         0.00         0.00         0.00         0.00         0.00         0.00         0.00         0.00         0.00         0.00         0.00         0.00
5588          7.00         6.00       623.00       128.38        60.00        60.00       120.22         0.00         0.00         0.00         0.00         0.00         0.00         0.00         0.00         0.00         0.00         0.00         0.00
6203          7.00         6.00       623.00       128.38        60.00        60.00       120.22         0.00         0.00         0.00         0.00         0.00         0.00         0.00         0.00         0.00       161.01         0.00         0.00
6582          7.00         5.00       623.00       102.70         0.00        40.00        96.17       200.25         0.00       356.00         0.00        44.50         0.00         0.00         0.00         0.00         0.00         0.00         0.00
7392          7.00         6.00       623.00       128.38        60.00        60.00       120.22         0.00         0.00         0.00         0.00         0.00         0.00         0.00         0.00         0.00         0.00         0.00         0.00
7226          7.00         6.00       623.00       128.38        60.00        60.00       120.22         0.00         0.00         0.00         0.00         0.00         0.00         0.00         0.00         0.00         0.00         0.00         0.00
7664          7.00         6.00       623.00       128.38        60.00        60.00       120.22        89.00         0.00         0.00         0.00         0.00         0.00         0.00         0.00         0.00         0.00         0.00         0.00
7766          7.00         6.00       623.00       128.38        60.00        50.00       120.22         0.00         0.00         0.00         0.00         0.00         0.00         0.00         0.00         0.00         0.00         0.00         0.00
3326          7.00         6.00       878.01       429.45        60.00        60.00       209.19         0.00         0.00         0.00         0.00         0.00     4,338.82         0.00         0.00         0.00         0.00         0.00         0.00
0449          7.00         6.00       714.35       124.04        60.00        50.00       134.14       153.07         0.00         0.00         0.00         0.00       250.00         0.00         0.00         0.00         0.00         0.00         0.00

















































EJECUTIVOS EN SERVICIOS DE ALIMENTOS, S.A. DE C.V.                                                                      Pagina: 0005
R.F.C.:                                                                                                                    5/NOV/19
REPORTE DE SUELDOS SEMANALES PERCEPCIONES


 
Codigo Dias de Pago Dias Laborad Sueldo       Compensacion Premio Asist Ayuda Transp Vales Despen T.E. Doble   T.E. Triple  Descanso lab Festivo labo Prim Dominic Perc Gravada Prem x Obj   Aguinaldo    Vacaciones   Prima Vacaci Grat Especia Utilidades
..........................................................................................................................................................................................................................................
6934          7.00         6.00     2,057.51       821.94        60.00        60.00       460.71         0.00         0.00         0.00         0.00         0.00         0.00         0.00         0.00         0.00         0.00         0.00         0.00
7770          5.00         4.00       416.52        85.83        40.00        40.00        80.37       200.25        66.75         0.00         0.00         0.00         0.00         0.00         0.00         0.00         0.00         0.00         0.00
7137          7.00         6.00       816.13       403.34        60.00        50.00       195.11       116.59         0.00         0.00         0.00         0.00       183.43         0.00         0.00         0.00         0.00         0.00         0.00
7771          5.00         4.00       416.52        85.83        40.00        40.00        80.37         0.00         0.00         0.00         0.00        44.50         0.00         0.00         0.00         0.00         0.00         0.00         0.00
6682          7.00         5.00       623.00       102.70         0.00        40.00        96.17         0.00         0.00         0.00         0.00         0.00         0.00         0.00         0.00         0.00         0.00         0.00         0.00
1269          7.00         6.00       623.00       128.38        60.00        50.00       120.22         0.00         0.00         0.00         0.00         0.00         0.00         0.00         0.00         0.00         0.00         0.00         0.00
6918          7.00         6.00       623.00       128.38        60.00        60.00       120.22        66.75         0.00         0.00         0.00         0.00         0.00         0.00         0.00         0.00         0.00         0.00         0.00
1419          7.00         6.00       878.01       307.65        60.00        60.00       189.70       188.14        94.07         0.00         0.00         0.00     3,801.29         0.00         0.00         0.00         0.00         0.00         0.00
7545          7.00         6.00       878.01       307.65        60.00        60.00       189.70       282.21       658.50         0.00         0.00         0.00         0.00         0.00         0.00         0.00         0.00         0.00         0.00
6505          4.00         3.00       326.45        61.85        30.00        20.00        62.12         0.00         0.00         0.00         0.00         0.00         0.00         0.00         0.00         0.00         0.00         0.00         0.00
7769          6.00         5.00     1,587.16       396.80        50.00        50.00       317.43       610.44       305.22       542.62         0.00       135.65         0.00         0.00         0.00         0.00         0.00         0.00         0.00
3525          7.00         6.00       816.13       154.63        60.00        60.00       155.32       233.18       349.77         0.00         0.00         0.00         0.00         0.00         0.00         0.00         0.00         0.00         0.00
6885          7.00         6.00       623.00       128.38        60.00        60.00       120.22        66.75         0.00       178.00         0.00        44.50         0.00         0.00         0.00         0.00         0.00         0.00         0.00
4775          7.00         6.00       623.00       128.38        60.00        60.00       120.22       155.75         0.00         0.00         0.00         0.00         0.00         0.00         0.00         0.00         0.00         0.00         0.00
7528          7.00         6.00       623.00       128.38        60.00        60.00       120.22       111.25         0.00         0.00         0.00         0.00         0.00         0.00         0.00         0.00         0.00         0.00         0.00
4832          7.00         6.00       623.00       128.38        60.00        60.00       120.22         0.00         0.00         0.00         0.00         0.00         0.00         0.00         0.00         0.00         0.00         0.00         0.00
3321          7.00         6.00     1,077.37       632.59        60.00        50.00       273.59         0.00         0.00       192.38         0.00        76.95     4,187.07         0.00         0.00         0.00         0.00         0.00         0.00
2112          7.00         6.00       623.00       128.38        60.00        60.00       120.22         0.00         0.00         0.00         0.00         0.00         0.00         0.00         0.00         0.00         0.00         0.00         0.00
0624          7.00         6.00       983.99       827.19        60.00        60.00       289.78        52.71         0.00         0.00         0.00         0.00     3,664.84         0.00         0.00         0.00         0.00         0.00         0.00
6877          7.00         6.00       816.13       154.63        60.00        50.00       155.32         0.00         0.00         0.00         0.00         0.00         0.00         0.00         0.00         0.00         0.00         0.00         0.00
4385          7.00         6.00       816.13       242.20        60.00        50.00       169.33         0.00         0.00         0.00         0.00         0.00       150.00         0.00         0.00         0.00         0.00         0.00         0.00
0366          7.00         6.00     2,020.55       870.03        60.00        50.00       462.49         0.00         0.00         0.00         0.00         0.00         0.00         0.00         0.00         0.00         0.00         0.00         0.00
7755          7.00         6.00       623.00       128.38        60.00        50.00       120.22       155.75         0.00       178.00         0.00         0.00         0.00         0.00         0.00         0.00         0.00         0.00         0.00
6206          7.00         6.00       816.13       193.48        60.00        60.00       161.53        58.29         0.00         0.00         0.00         0.00     3,492.95         0.00         0.00         0.00         0.00         0.00         0.00
7618          7.00         6.00       623.00       128.38        60.00        50.00       120.22        44.50         0.00         0.00         0.00         0.00         0.00         0.00         0.00         0.00         0.00         0.00         0.00
 
*** GLOBAL             1,056.00   139,154.47    39,937.24    10,050.00     9,910.00    28,170.55    14,640.02     7,283.95     6,446.59         0.00     1,840.67    79,066.04         0.00         0.00         0.00       848.25         0.00         0.00
  
































































