EJECUTIVOS EN SERVICIOS DE ALIMENTOS, S.A. DE C.V.                                                                      Pagina: 0001
R.F.C.:                                                                                                                    5/NOV/19
REPORTE DE SUELDOS SEMANALES DEDUCCIONES


 
Codigo Desc Vales   Desc Zapatos Otras Deducc Desc Fonacot Pension Alim Desc Infonav Faltas       Inca Enferme Inca Riesgo  ISPT         Ajus ISPT    IMSS          Sub P/Empleo Tot Per Grav Tot Per Exce Total Percep Total Deducc Neto Pagado
..........................................................................................................................................................................................................................................
5761          0.00         0.00         0.00         0.00         0.00         0.00         0.00         0.00         0.00         0.00         0.00         0.00          0.00         0.00         0.00         0.00         0.00         0.00
7505          1.00         0.00         0.00         0.00         0.00         0.00         0.00         0.00         0.00         0.00         0.00        21.05         36.84       893.63       179.31     1,072.94        22.05     1,050.89
6600          0.00         0.00         0.00         0.00         0.00         0.00         0.00         0.00         0.00         0.00         0.00         0.00          0.00         0.00         0.00         0.00         0.00         0.00
7685          1.00         0.00         0.00         0.00         0.00         0.00         0.00         0.00         0.00         0.00         0.00        22.83         30.56       927.01       206.40     1,133.41        23.83     1,109.58
7331          1.00         0.00         0.00         0.00         0.00         0.00         0.00         0.00         0.00         0.00         0.00        18.65         38.26       871.38       158.48     1,029.86        19.65     1,010.21
5933          1.00         0.00         0.00         0.00         0.00         0.00         0.00         0.00         0.00         0.00         0.00        27.39         29.72     1,004.88       216.69     1,221.57        28.39     1,193.18
7170          1.00         0.00         0.00         0.00         0.00         0.00         0.00         0.00         0.00         0.00         0.00        21.51         35.94       871.38       156.16     1,027.54        22.51     1,005.03
7774          1.00         0.00         0.00         0.00         0.00         0.00         0.00         0.00         0.00         0.00         0.00        10.66         31.62       395.06       124.19       519.25        11.66       507.59
5618          1.00         0.00         0.00         0.00         0.00         0.00         0.00         0.00         0.00         0.00         0.00        26.65         56.17       883.63       198.64     1,082.27        27.65     1,054.62
5201          1.00         0.00         0.00         0.00         0.00       312.81         0.00         0.00         0.00        53.95         0.00        33.88          0.00     1,552.89       334.62     1,887.51       401.64     1,485.87
3890          1.00         0.00         0.00         0.00         0.00         0.00         0.00         0.00         0.00       178.36         0.00        54.71          0.00     2,104.51       319.12     2,423.63       234.07     2,189.56
6654          0.00         0.00         0.00         0.00         0.00         0.00         0.00         0.00         0.00         0.00         0.00         0.00          0.00         0.00         0.00         0.00         0.00         0.00
3652          1.00         0.00         0.00         0.00         0.00       380.99         0.00         0.00         0.00       132.12         0.00        50.92          0.00     2,012.90       444.45     2,457.35       565.03     1,892.32
1123          1.00         0.00         0.00         0.00         0.00         0.00         0.00         0.00         0.00        16.09         0.00        33.06          0.00     1,291.87       187.49     1,479.36        50.15     1,429.21
4044          1.00         0.00         0.00         0.00         0.00         0.00         0.00         0.00         0.00        17.59         0.00        29.43          0.00     1,305.66       252.41     1,558.07        48.02     1,510.05
7593          1.00         0.00         0.00         0.00         0.00         0.00         0.00         0.00         0.00         0.00         0.00        20.31         49.58       871.38       214.30     1,085.68        21.31     1,064.37
7765          1.00         0.00         0.00         0.00         0.00         0.00         0.00         0.00         0.00         0.00         0.00        18.65         41.60       905.88       206.32     1,112.20        19.65     1,092.55
7259          1.00         0.00         0.00         0.00         0.00         0.00         0.00         0.00         0.00         0.00         0.00        23.05         38.91       861.38       159.13     1,020.51        24.05       996.46
7312          1.00         0.00         0.00         0.00         0.00         0.00         0.00         0.00         0.00         0.00         0.00        20.20         20.39     1,150.63       374.23     1,524.86        21.20     1,503.66
7338          1.00         0.00         0.00         0.00         0.00         0.00         0.00         0.00         0.00         0.00         0.00        20.10         36.84       893.63       179.31     1,072.94        21.10     1,051.84
5677          1.00         0.00         0.00         0.00         0.00         0.00         0.00         0.00         0.00        89.93         0.00        29.26          0.00     1,622.74       585.38     2,208.12       120.19     2,087.93
7737          1.00         0.00         0.00         0.00         0.00         0.00         0.00         0.00         0.00         0.00         0.00        21.40         33.20       950.38       286.92     1,237.30        22.40     1,214.90
4008          1.00         0.00         0.00         0.00         0.00         0.00         0.00         0.00         0.00       280.73         0.00        55.71          0.00     2,697.70       417.03     3,114.73       337.44     2,777.29
7690          1.00         0.00         0.00         0.00         0.00         0.00       104.13         0.00         0.00         0.00         0.00        17.94         46.49       780.28       146.96       927.24       123.07       804.17
6210          1.00         0.00         0.00         0.00         0.00         0.00         0.00         0.00         0.00         0.00         0.00        33.41         31.93     1,111.38       152.15     1,263.53        34.41     1,229.12
0849          1.00         0.00         0.00         0.00         0.00         0.00         0.00         0.00         0.00        92.53         0.00        30.95          0.00     1,907.48       353.30     2,260.78       124.48     2,136.30
7536          1.00         0.00         0.00         0.00         0.00         0.00         0.00         0.00         0.00         0.00         0.00        22.69         27.21       950.38       236.43     1,186.81        23.69     1,163.12
5237          1.00         0.00         0.00         0.00         0.00         0.00         0.00         0.00         0.00         0.00         0.00        18.65         38.27       871.38       158.49     1,029.87        19.65     1,010.22
7430          1.00         0.00         0.00         0.00         0.00         0.00         0.00         0.00         0.00       163.78         0.00        46.83          0.00     2,025.71       534.43     2,560.14       211.61     2,348.53
5181          1.00         0.00         0.00         0.00         0.00         0.00         0.00         0.00         0.00         0.00         0.00        20.29         38.27       871.38       158.49     1,029.87        21.29     1,008.58
7655          1.00         0.00         0.00         0.00         0.00         0.00         0.00         0.00         0.00         0.00         0.00        22.48         35.50       861.38       155.72     1,017.10        23.48       993.62
7057          1.00         0.00         0.00         0.00         0.00         0.00         0.00         0.00         0.00         0.00         0.00        27.78         38.90       861.38       159.12     1,020.50        28.78       991.72
5558          1.00         0.00         0.00         0.00         0.00         0.00         0.00         0.00         0.00         0.00         0.00        23.29         36.12       904.76       189.71     1,094.47        24.29     1,070.18
4746          1.00         0.00         0.00         0.00         0.00       337.44         0.00         0.00         0.00        93.33         0.00        32.64          0.00     1,914.86       634.95     2,549.81       464.41     2,085.40
7663          1.00         0.00         0.00         0.00         0.00         0.00         0.00         0.00         0.00         0.00         0.00        20.91         28.94     1,017.13       215.91     1,233.04        21.91     1,211.13
7407          1.00         0.00         0.00         0.00         0.00         0.00         0.00         0.00         0.00         0.00         0.00        26.38         15.48     1,227.38       224.70     1,452.08        27.38     1,424.70
6061          1.00         0.00         0.00         0.00         0.00       676.54         0.00         0.00         0.00       211.64         0.00        40.72          0.00     2,465.64       837.14     3,302.78       929.90     2,372.88
7773          1.00         0.00         0.00         0.00         0.00         0.00         0.00         0.00         0.00         0.00         0.00        10.66         28.78       439.56       210.35       649.91        11.66       638.25
7704          1.00         0.00         0.00         0.00         0.00         0.00       124.60         0.00         0.00         0.00         0.00        18.62         60.08       765.70       156.25       921.95       144.22       777.73
1424          1.00         0.00         0.00         0.00         0.00       457.22         0.00         0.00         0.00     1,198.11         0.00        76.61          0.00     7,003.47       592.44     7,595.91     1,732.94     5,862.97
5280          1.00         0.00         0.00       362.10         0.00       435.11         0.00         0.00         0.00       152.32         0.00        48.39          0.00     1,920.48       289.67     2,210.15       998.92     1,211.23
7742          1.00         0.00         0.00         0.00         0.00         0.00         0.00         0.00         0.00         0.00         0.00        19.76         32.33       861.38       152.55     1,013.93        20.76       993.17
7740          1.00         0.00         0.00         0.00         0.00         0.00         0.00         0.00         0.00         0.00         0.00        20.61         33.64       943.69       226.17     1,169.86        21.61     1,148.25

















































EJECUTIVOS EN SERVICIOS DE ALIMENTOS, S.A. DE C.V.                                                                      Pagina: 0002
R.F.C.:                                                                                                                    5/NOV/19
REPORTE DE SUELDOS SEMANALES DEDUCCIONES


 
Codigo Desc Vales   Desc Zapatos Otras Deducc Desc Fonacot Pension Alim Desc Infonav Faltas       Inca Enferme Inca Riesgo  ISPT         Ajus ISPT    IMSS          Sub P/Empleo Tot Per Grav Tot Per Exce Total Percep Total Deducc Neto Pagado
..........................................................................................................................................................................................................................................
6461          1.00         0.00         0.00         0.00         0.00         0.00         0.00         0.00         0.00        40.40         0.00        34.53          0.00     1,515.29       346.80     1,862.09        75.93     1,786.16
6765          1.00         0.00         0.00         0.00         0.00         0.00         0.00         0.00         0.00       111.02         0.00        67.46          0.00     2,026.61       642.16     2,668.77       179.48     2,489.29
7694          1.00        48.00         0.00         0.00         0.00         0.00         0.00         0.00         0.00         0.00         0.00        21.28         38.27       871.38       202.99     1,074.37        70.28     1,004.09
7752          1.00         0.00         0.00         0.00         0.00         0.00         0.00         0.00         0.00         0.00         0.00        18.65         38.26       871.38       202.98     1,074.36        19.65     1,054.71
6657          1.00         0.00         0.00         0.00         0.00         0.00         0.00         0.00         0.00         0.00         0.00        21.37         32.33       861.38       152.55     1,013.93        22.37       991.56
7761          1.00         0.00         0.00         0.00         0.00         0.00         0.00         0.00         0.00         0.00         0.00        18.65         38.26       871.38       158.48     1,029.86        19.65     1,010.21
5000          1.00         0.00         0.00         0.00         0.00         0.00         0.00         0.00         0.00         0.00         0.00        29.38          8.48     1,129.61       170.01     1,299.62        30.38     1,269.24
7649          1.00        75.00         0.00         0.00         0.00         0.00         0.00         0.00         0.00         0.00         0.00        20.19         38.91       861.38       159.13     1,020.51        96.19       924.32
5644          1.00         0.00       101.00         0.00         0.00       331.25         0.00         0.00         0.00        87.54         0.00        31.64          0.00     1,600.70       289.86     1,890.56       552.43     1,338.13
7519          1.00         0.00         0.00         0.00         0.00         0.00         0.00         0.00         0.00         0.00         0.00        30.80         52.04       871.38       172.26     1,043.64        31.80     1,011.84
6638          1.00         0.00         0.00         0.00         0.00         0.00         0.00       208.26         0.00         0.00         0.00        14.46         46.98       748.83       127.35       876.18       223.72       652.46
7734          1.00         0.00         0.00         0.00         0.00         0.00         0.00         0.00         0.00         0.00         0.00        21.31         35.20       921.44       205.48     1,126.92        22.31     1,104.61
6690          1.00         0.00         0.00         0.00         0.00         0.00       124.60         0.00         0.00         0.00         0.00        20.46         44.11       826.89       201.46     1,028.35       146.06       882.29
7168          1.00         0.00         0.00         0.00         0.00         0.00         0.00         0.00         0.00         0.00         0.00        21.70         38.26       871.38       202.98     1,074.36        22.70     1,051.66
6958          0.00         0.00         0.00         0.00         0.00         0.00         0.00         0.00         0.00         0.00         0.00         0.00          0.00         0.00         0.00         0.00         0.00         0.00
7762          1.00         0.00         0.00         0.00         0.00         0.00       104.13         0.00         0.00         0.00         0.00        16.69         54.05       780.28       154.52       934.80       121.82       812.98
6927          1.00         0.00         0.00         0.00         0.00         0.00         0.00         0.00         0.00         0.00         0.00        18.65         32.57       960.38       286.29     1,246.67        19.65     1,227.02
7764          1.00         0.00         0.00         0.00         0.00         0.00         0.00         0.00         0.00         0.00         0.00        18.65         44.47       861.38       164.69     1,026.07        19.65     1,006.42
6542          1.00         0.00         0.00         0.00         0.00         0.00         0.00         0.00         0.00        15.32         0.00        24.10          0.00     1,284.79       359.34     1,644.13        40.42     1,603.71
4314          1.00         0.00         0.00         0.00         0.00         0.00         0.00         0.00         0.00       714.89         0.00        49.10          0.00     5,419.58       442.96     5,862.54       764.99     5,097.55
3160          1.00         0.00         0.00         0.00         0.00         0.00         0.00         0.00         0.00         0.00         0.00        10.66         34.47       350.55        82.55       433.10        11.66       421.44
7485          1.00         0.00         0.00         0.00         0.00         0.00         0.00         0.00         0.00        16.63         0.00        25.72          0.00     1,205.13       264.84     1,469.97        43.35     1,426.62
7632          1.00         0.00         0.00         0.00         0.00         0.00         0.00         0.00         0.00         0.00         0.00        20.70         52.06       921.44       222.34     1,143.78        21.70     1,122.08
7673          0.00         0.00         0.00         0.00         0.00         0.00         0.00         0.00         0.00         0.00         0.00         0.00          0.00         0.00         0.00         0.00         0.00         0.00
6504          1.00         0.00         0.00         0.00         0.00         0.00         0.00         0.00         0.00         0.00         0.00        26.86         34.96       871.38       155.18     1,026.56        27.86       998.70
7617          0.00         0.00         0.00         0.00         0.00         0.00         0.00         0.00         0.00         0.00         0.00         0.00          0.00         0.00         0.00         0.00         0.00         0.00
7760          0.00         0.00         0.00         0.00         0.00         0.00         0.00         0.00         0.00         0.00         0.00         0.00          0.00         0.00         0.00         0.00         0.00         0.00
7604          1.00         0.00         0.00         0.00         0.00         0.00         0.00         0.00         0.00         0.00         0.00        20.07         38.24       871.38       158.46     1,029.84        21.07     1,008.77
7061          1.00         0.00         0.00         0.00         0.00         0.00         0.00         0.00         0.00         0.00         0.00        31.39        167.65     1,125.86       287.87     1,413.73        32.39     1,381.34
7627          1.00         0.00         0.00         0.00         0.00         0.00         0.00         0.00         0.00         0.00         0.00        20.86         32.55       971.50       264.02     1,235.52        21.86     1,213.66
7748          0.00         0.00         0.00         0.00         0.00         0.00         0.00         0.00         0.00         0.00         0.00         0.00          0.00         0.00         0.00         0.00         0.00         0.00
7633          1.00         0.00         0.00         0.00         0.00         0.00         0.00         0.00         0.00         0.00         0.00        19.92         28.54       883.63       171.01     1,054.64        20.92     1,033.72
7712          0.00         0.00         0.00         0.00         0.00         0.00         0.00         0.00         0.00         0.00         0.00         0.00          0.00         0.00         0.00         0.00         0.00         0.00
7744          1.00         0.00         0.00         0.00         0.00         0.00         0.00         0.00         0.00       157.87         0.00        44.20          0.00     1,971.47       440.80     2,412.27       203.07     2,209.20
7428          1.00         0.00         0.00         0.00         0.00         0.00         0.00         0.00         0.00         0.00         0.00        27.05         34.96       871.38       155.18     1,026.56        28.05       998.51
2897          1.00         0.00         0.00         0.00         0.00         0.00         0.00         0.00         0.00         0.00         0.00        19.86         38.91       861.38       159.13     1,020.51        20.86       999.65
7558          1.00         0.00         0.00         0.00         0.00         0.00         0.00         0.00         0.00         0.00         0.00        21.76         37.49       883.63       179.96     1,063.59        22.76     1,040.83
6360          0.00         0.00         0.00         0.00         0.00         0.00         0.00         0.00         0.00         0.00         0.00         0.00          0.00         0.00         0.00         0.00         0.00         0.00
7614          1.00         0.00         0.00         0.00         0.00         0.00         0.00         0.00         0.00        12.81         0.00        31.82          0.00     1,261.75       155.32     1,417.07        45.63     1,371.44
3318          1.00         0.00         0.00         0.00         0.00       500.52         0.00         0.00         0.00       191.07         0.00        59.25          0.00     2,183.88       313.42     2,497.30       751.84     1,745.46
7706          1.00         0.00         0.00         0.00         0.00         0.00         0.00         0.00         0.00         0.00         0.00        22.03         57.76       871.38       177.98     1,049.36        23.03     1,026.33
5139          1.00         0.00       100.00         0.00         0.00       759.20         0.00         0.00         0.00     1,162.65         0.00        70.68          0.00     6,850.69       293.88     7,144.57     2,093.53     5,051.04
6083          1.00         0.00         0.00         0.00         0.00         0.00         0.00         0.00         0.00         0.00         0.00        25.50          9.21     1,123.29       272.97     1,396.26        26.50     1,369.76

















































EJECUTIVOS EN SERVICIOS DE ALIMENTOS, S.A. DE C.V.                                                                      Pagina: 0003
R.F.C.:                                                                                                                    5/NOV/19
REPORTE DE SUELDOS SEMANALES DEDUCCIONES


 
Codigo Desc Vales   Desc Zapatos Otras Deducc Desc Fonacot Pension Alim Desc Infonav Faltas       Inca Enferme Inca Riesgo  ISPT         Ajus ISPT    IMSS          Sub P/Empleo Tot Per Grav Tot Per Exce Total Percep Total Deducc Neto Pagado
..........................................................................................................................................................................................................................................
6766          1.00         0.00         0.00         0.00         0.00         0.00         0.00         0.00         0.00        17.47         0.00        28.01          0.00     1,304.49       248.97     1,553.46        46.48     1,506.98
4137          1.00         0.00         0.00         0.00         0.00         0.00         0.00         0.00         0.00     2,863.68         0.00        93.28          0.00    14,626.91       482.40    15,109.31     2,957.96    12,151.35
7542          1.00         0.00         0.00         0.00         0.00         0.00         0.00         0.00         0.00         0.00         0.00        21.05         28.29     1,027.13       148.51     1,175.64        22.05     1,153.59
7756          1.00         0.00         0.00         0.00         0.00         0.00         0.00         0.00         0.00         0.00         0.00        18.65         33.20       950.38       242.42     1,192.80        19.65     1,173.15
7759          1.00         0.00         0.00         0.00         0.00         0.00         0.00         0.00         0.00         0.00         0.00        18.65         36.06       905.88       200.78     1,106.66        19.65     1,087.01
3780          1.00         0.00         0.00         0.00         0.00         0.00         0.00         0.00         0.00        54.80         0.00        35.99          0.00     1,560.73       342.45     1,903.18        91.79     1,811.39
7678          1.00         0.00         0.00         0.00         0.00         0.00         0.00         0.00         0.00         0.00         0.00        24.43         22.39       938.13       175.98     1,114.11        25.43     1,088.68
6205          1.00         0.00         0.00         0.00         0.00         0.00         0.00         0.00         0.00         0.00         0.00        24.96         35.42       915.88       200.14     1,116.02        25.96     1,090.06
5027          1.00         0.00         0.00         0.00         0.00         0.00         0.00         0.00         0.00         0.00         0.00        33.68          3.87     1,172.42       156.38     1,328.80        34.68     1,294.12
6839          1.00         0.00         0.00         0.00         0.00         0.00         0.00         0.00         0.00         0.00         0.00        26.82         47.22       965.94       262.00     1,227.94        27.82     1,200.12
5646          1.00         0.00         0.00         0.00         0.00         0.00         0.00         0.00         0.00         0.00         0.00        27.71         29.36       938.13       216.33     1,154.46        28.71     1,125.75
7750          1.00         0.00         0.00         0.00         0.00         0.00         0.00         0.00         0.00         0.00         0.00        18.65         32.83       960.38       286.55     1,246.93        19.65     1,227.28
7708          1.00         0.00         0.00         0.00         0.00         0.00         0.00         0.00         0.00         0.00         0.00        20.06         38.27       871.38       158.49     1,029.87        21.06     1,008.81
6978          1.00         0.00         0.00         0.00         0.00         0.00         0.00         0.00         0.00         0.00         0.00        22.88         32.82       904.76       186.41     1,091.17        23.88     1,067.29
7647          1.00        48.00         0.00         0.00         0.00         0.00         0.00         0.00         0.00         0.00         0.00        26.94         53.87       904.76       207.46     1,112.22        75.94     1,036.28
5679          1.00         0.00         0.00         0.00         0.00         0.00         0.00         0.00         0.00        51.16         0.00        31.04          0.00     1,614.16       365.55     1,979.71        83.20     1,896.51
7530          1.00         0.00         0.00         0.00         0.00         0.00         0.00         0.00         0.00         0.00         0.00        28.41         34.68       889.19       182.71     1,071.90        29.41     1,042.49
6028          1.00         0.00         0.00         0.00         0.00       399.30         0.00         0.00         0.00        61.48         0.00        32.70          0.00     1,622.05       289.86     1,911.91       494.48     1,417.43
6565          1.00         0.00         0.00         0.00         0.00         0.00         0.00         0.00         0.00         0.00         0.00        21.97          9.69     1,216.26       207.78     1,424.04        22.97     1,401.07
7731          1.00         0.00         0.00         0.00         0.00         0.00         0.00         0.00         0.00         0.00         0.00        19.84         12.56     1,273.01       455.40     1,728.41        20.84     1,707.57
7753          1.00         0.00         0.00         0.00         0.00         0.00         0.00         0.00         0.00         0.00         0.00        18.65         38.90       861.38       159.12     1,020.50        19.65     1,000.85
3676          1.00         0.00         0.00         0.00         0.00         0.00         0.00         0.00         0.00       139.13         0.00        38.66          0.00     1,799.26       422.66     2,221.92       178.79     2,043.13
3221          1.00        48.00         0.00         0.00         0.00         0.00         0.00         0.00         0.00        64.19         0.00        32.26          0.00     1,646.97       309.54     1,956.51       145.45     1,811.06
7741          1.00         0.00         0.00         0.00         0.00         0.00         0.00         0.00         0.00         0.00         0.00        19.84         37.49       883.63       179.96     1,063.59        20.84     1,042.75
7269          1.00         0.00         0.00         0.00         0.00         0.00         0.00         0.00         0.00         0.00         0.00        26.70         34.96       871.38       155.18     1,026.56        27.70       998.86
2522          1.00         0.00         0.00         0.00         0.00         0.00         0.00         0.00         0.00         0.00         0.00        23.44         50.24       938.13       237.21     1,175.34        24.44     1,150.90
5506          1.00         0.00         0.00         0.00         0.00       224.80         0.00         0.00         0.00         0.00         0.00        25.40          1.94     1,190.06       266.56     1,456.62       251.20     1,205.42
0236          1.00         0.00         0.00         0.00         0.00       523.01         0.00         0.00         0.00       822.89         0.00        53.02          0.00     5,627.35       301.96     5,929.31     1,399.92     4,529.39
7080          1.00         0.00         0.00         0.00         0.00         0.00         0.00         0.00         0.00        75.91         0.00        38.71          0.00     1,493.80       393.51     1,887.31       115.62     1,771.69
5965          1.00         0.00       200.00         0.00         0.00         0.00         0.00         0.00         0.00         0.00         0.00        28.79          8.48     1,129.61       170.01     1,299.62       229.79     1,069.83
5447          1.00         0.00         0.00         0.00         0.00         0.00         0.00         0.00         0.00         0.00         0.00        22.58         34.25       861.38       154.47     1,015.85        23.58       992.27
7723          1.00         0.00         0.00         0.00         0.00         0.00         0.00         0.00         0.00         0.00         0.00        23.31         38.27       871.38       202.99     1,074.37        24.31     1,050.06
6685          1.00         0.00         0.00         0.00         0.00         0.00         0.00         0.00         0.00         0.00         0.00        26.46         51.46       927.01       227.30     1,154.31        27.46     1,126.85
5549          1.00         0.00         0.00         0.00         0.00         0.00         0.00         0.00         0.00         0.00         0.00        21.23         57.51       871.38       222.23     1,093.61        22.23     1,071.38
0854          1.00         0.00         0.00         0.00         0.00       326.19         0.00         0.00         0.00        56.66         0.00        36.07          0.00     1,577.78       310.59     1,888.37       419.92     1,468.45
7295          1.00         0.00         0.00         0.00         0.00         0.00         0.00         0.00         0.00         0.00         0.00        20.54         51.62       871.38       171.84     1,043.22        21.54     1,021.68
7693          1.00         0.00         0.00         0.00         0.00         0.00         0.00         0.00         0.00         0.00         0.00        23.48         15.61     1,125.86       135.83     1,261.69        24.48     1,237.21
6832          1.00         0.00         0.00         0.00         0.00         0.00         0.00         0.00         0.00         0.00         0.00        20.60         35.41       915.88       200.13     1,116.01        21.60     1,094.41
4807          1.00         0.00         0.00         0.00         0.00         0.00         0.00         0.00         0.00     2,460.43         0.00       110.46          0.00    12,733.73       564.20    13,297.93     2,571.89    10,726.04
6821          1.00         0.00         0.00         0.00         0.00         0.00         0.00         0.00         0.00         0.00         0.00        26.52          6.44     1,148.76       197.11     1,345.87        27.52     1,318.35
7763          1.00         0.00         0.00         0.00         0.00         0.00       208.26         0.00         0.00         0.00         0.00        14.72         44.12       798.89       174.55       973.44       223.98       749.46
7751          1.00         0.00        75.00         0.00         0.00         0.00         0.00         0.00         0.00         0.00         0.00        18.65         38.91       861.38       159.13     1,020.51        94.65       925.86
7730          0.00         0.00         0.00         0.00         0.00         0.00         0.00         0.00         0.00         0.00         0.00         0.00          0.00         0.00         0.00         0.00         0.00         0.00

















































EJECUTIVOS EN SERVICIOS DE ALIMENTOS, S.A. DE C.V.                                                                      Pagina: 0004
R.F.C.:                                                                                                                    5/NOV/19
REPORTE DE SUELDOS SEMANALES DEDUCCIONES


 
Codigo Desc Vales   Desc Zapatos Otras Deducc Desc Fonacot Pension Alim Desc Infonav Faltas       Inca Enferme Inca Riesgo  ISPT         Ajus ISPT    IMSS          Sub P/Empleo Tot Per Grav Tot Per Exce Total Percep Total Deducc Neto Pagado
..........................................................................................................................................................................................................................................
3169          1.00         0.00         0.00         0.00         0.00         0.00         0.00       312.39         0.00         0.00         0.00        15.31        106.24       717.37       166.52       883.89       328.70       555.19
4514          1.00         0.00         0.00         0.00         0.00       331.35         0.00         0.00         0.00       786.22         0.00        31.31          0.00     5,722.42       263.54     5,985.96     1,149.88     4,836.08
7104          1.00         0.00         0.00         0.00         0.00         0.00         0.00         0.00         0.00         0.00         0.00        19.96         58.60       861.38       178.82     1,040.20        20.96     1,019.24
7754          1.00         0.00         0.00         0.00         0.00         0.00         0.00         0.00         0.00         0.00         0.00        18.65         38.26       871.38       158.48     1,029.86        19.65     1,010.21
7717          1.00         0.00         0.00         0.00         0.00         0.00         0.00         0.00         0.00         0.00         0.00        32.04         10.80     1,305.66       200.50     1,506.16        33.04     1,473.12
6014          1.00         0.00         0.00         0.00         0.00         0.00         0.00         0.00         0.00         2.57         0.00        26.59          0.00     1,231.63       263.54     1,495.17        30.16     1,465.01
7551          1.00         0.00         0.00         0.00         0.00         0.00         0.00         0.00         0.00         0.00         0.00        25.35         34.96       871.38       155.18     1,026.56        26.35     1,000.21
7715          1.00         0.00         0.00         0.00         0.00         0.00         0.00         0.00         0.00         0.00         0.00        21.23         44.86       871.38       209.58     1,080.96        22.23     1,058.73
6985          0.00         0.00         0.00         0.00         0.00         0.00         0.00         0.00         0.00         0.00         0.00         0.00          0.00         0.00         0.00         0.00         0.00         0.00
3827          1.00         0.00         0.00         0.00         0.00         0.00         0.00         0.00         0.00         0.00         0.00        29.47          6.49     1,084.36       236.87     1,321.23        30.47     1,290.76
5412          1.00         0.00         0.00         0.00         0.00         0.00         0.00         0.00         0.00         0.00         0.00        20.00         38.91       861.38       159.13     1,020.51        21.00       999.51
7757          1.00         0.00         0.00         0.00         0.00         0.00         0.00         0.00         0.00         0.00         0.00        18.65         38.90       861.38       159.12     1,020.50        19.65     1,000.85
4504          0.00         0.00         0.00         0.00         0.00         0.00         0.00         0.00         0.00         0.00         0.00         0.00          0.00         0.00         0.00         0.00         0.00         0.00
7395          1.00         0.00         0.00         0.00         0.00         0.00         0.00         0.00         0.00         6.96         0.00        23.52          0.00     1,171.76       220.34     1,392.10        31.48     1,360.62
0214          1.00         0.00         0.00         0.00         0.00         0.00         0.00         0.00         0.00     1,868.44         0.00       110.44          0.00    10,141.74       825.89    10,967.63     1,979.88     8,987.75
7376          1.00         0.00         0.00         0.00         0.00         0.00         0.00         0.00         0.00         0.00         0.00        25.55         15.96     1,138.38       202.93     1,341.31        26.55     1,314.76
6321          1.00         0.00         0.00         0.00         0.00         0.00         0.00         0.00         0.00         0.00         0.00        21.72         34.24       934.17       164.50     1,098.67        22.72     1,075.95
5232          1.00         0.00         0.00         0.00         0.00         0.00         0.00         0.00         0.00         0.00         0.00        33.28          5.22     1,095.98       255.16     1,351.14        34.28     1,316.86
4958          1.00         0.00         0.00         0.00         0.00         0.00         0.00         0.00         0.00         0.00         0.00        20.17         34.96       871.38       155.18     1,026.56        21.17     1,005.39
3979          1.00         0.00         0.00         0.00         0.00         0.00         0.00         0.00         0.00     2,323.78         0.00        98.45          0.00    12,268.01       519.23    12,787.24     2,423.23    10,364.01
0442          1.00         0.00         0.00         0.00         0.00         0.00         0.00         0.00         0.00       105.06         0.00        36.01          0.00     1,486.03       311.45     1,797.48       142.07     1,655.41
7699          1.00        48.00         0.00         0.00         0.00         0.00         0.00         0.00         0.00         0.00         0.00        23.24         36.13       904.76       234.22     1,138.98        72.24     1,066.74
7330          0.00         0.00         0.00         0.00         0.00         0.00         0.00         0.00         0.00         0.00         0.00         0.00          0.00         0.00         0.00         0.00         0.00         0.00
7719          1.00         0.00         0.00         0.00         0.00         0.00       104.13         0.00         0.00         0.00         0.00        17.95         48.43       780.28       148.90       929.18       123.08       806.10
7772          1.00         0.00         0.00         0.00         0.00         0.00         0.00         0.00         0.00         0.00         0.00         7.99         24.04       291.17        64.22       355.39         8.99       346.40
7421          1.00         0.00         0.00         0.00         0.00         0.00         0.00         0.00         0.00         0.00         0.00        26.45         55.09       893.63       197.56     1,091.19        27.45     1,063.74
7298          1.00         0.00         0.00         0.00         0.00         0.00         0.00         0.00         0.00        45.99         0.00        35.78          0.00     1,479.76       219.16     1,698.92        82.77     1,616.15
7758          1.00         0.00         0.00         0.00         0.00         0.00         0.00         0.00         0.00         0.00         0.00        18.65         33.99       938.13       187.58     1,125.71        19.65     1,106.06
5396          1.00         0.00         0.00         0.00         0.00         0.00         0.00         0.00         0.00         0.00         0.00        27.35         49.64       943.69       242.17     1,185.86        28.35     1,157.51
5704          1.00         0.00         0.00         0.00         0.00         0.00         0.00         0.00         0.00        89.13         0.00        34.52          0.00     1,876.19       651.96     2,528.15       124.65     2,403.50
7503          1.00         0.00         0.00         0.00         0.00         0.00         0.00         0.00         0.00         1.97         0.00        22.23          0.00     1,093.88       353.84     1,447.72        25.20     1,422.52
7190          0.00         0.00         0.00         0.00         0.00         0.00       249.20         0.00         0.00         0.00         0.00        21.63         78.06       829.96       105.87       935.83       270.83       665.00
7745          1.00         0.00         0.00         0.00         0.00         0.00       520.65         0.00         0.00         0.00         0.00         9.48         64.70       654.45        84.79       739.24       531.13       208.11
7588          1.00         0.00         0.00         0.00         0.00         0.00         0.00         0.00         0.00         0.00         0.00        25.35         51.62       871.38       171.84     1,043.22        26.35     1,016.87
5588          1.00         0.00         0.00         0.00         0.00         0.00         0.00         0.00         0.00         0.00         0.00        20.17         38.27       871.38       158.49     1,029.87        21.17     1,008.70
6203          1.00         0.00         0.00         0.00         0.00         0.00         0.00         0.00         0.00         0.00         0.00        20.90         32.39       871.38       313.62     1,185.00        21.90     1,163.10
6582          1.00         0.00         0.00         0.00         0.00         0.00       124.60         0.00         0.00         0.00         0.00        20.26         30.28     1,043.83       449.07     1,492.90       145.86     1,347.04
7392          1.00         0.00         0.00         0.00         0.00         0.00         0.00         0.00         0.00         0.00         0.00        18.65         38.26       871.38       158.48     1,029.86        19.65     1,010.21
7226          1.00         0.00         0.00         0.00         0.00         0.00         0.00         0.00         0.00         0.00         0.00        25.20         32.65       871.38       152.87     1,024.25        26.20       998.05
7664          1.00         0.00         0.00         0.00         0.00         0.00         0.00         0.00         0.00         0.00         0.00        24.04         35.54       915.88       200.26     1,116.14        25.04     1,091.10
7766          1.00         0.00         0.00         0.00         0.00         0.00         0.00         0.00         0.00         0.00         0.00        18.65         38.90       861.38       159.12     1,020.50        19.65     1,000.85
3326          1.00         0.00         0.00         0.00         0.00       352.72         0.00         0.00         0.00       757.07         0.00        34.05          0.00     5,766.28       209.19     5,975.47     1,144.84     4,830.63
0449          1.00         0.00       250.00         0.00         0.00       386.21         0.00         0.00         0.00        23.71         0.00        42.44          0.00     1,274.93       210.67     1,485.60       703.36       782.24

















































EJECUTIVOS EN SERVICIOS DE ALIMENTOS, S.A. DE C.V.                                                                      Pagina: 0005
R.F.C.:                                                                                                                    5/NOV/19
REPORTE DE SUELDOS SEMANALES DEDUCCIONES


 
Codigo Desc Vales   Desc Zapatos Otras Deducc Desc Fonacot Pension Alim Desc Infonav Faltas       Inca Enferme Inca Riesgo  ISPT         Ajus ISPT    IMSS          Sub P/Empleo Tot Per Grav Tot Per Exce Total Percep Total Deducc Neto Pagado
..........................................................................................................................................................................................................................................
6934          1.00         0.00         0.00         0.00         0.00         0.00         0.00         0.00         0.00       342.85         0.00        84.50          0.00     2,999.45       460.71     3,460.16       428.35     3,031.81
7770          1.00         0.00         0.00         0.00         0.00         0.00         0.00         0.00         0.00         0.00         0.00        13.32         14.57       749.23       195.06       944.29        14.32       929.97
7137          1.00         0.00         0.00         0.00         0.00         0.00         0.00         0.00         0.00        64.22         0.00        35.86          0.00     1,571.20       253.40     1,824.60       101.08     1,723.52
7771          1.00         0.00         0.00         0.00         0.00         0.00         0.00         0.00         0.00         0.00         0.00        13.32         29.89       582.35       154.76       737.11        14.32       722.79
6682          1.00         0.00         0.00         0.00         0.00         0.00       124.60         0.00         0.00         0.00         0.00        17.70         50.20       765.70       146.37       912.07       143.30       768.77
1269          1.00         0.00         0.00         0.00         0.00         0.00         0.00         0.00         0.00         0.00         0.00        20.34         38.91       861.38       159.13     1,020.51        21.34       999.17
6918          1.00         0.00         0.00         0.00         0.00         0.00         0.00         0.00         0.00         0.00         0.00        25.89         36.13       904.76       189.72     1,094.48        26.89     1,067.59
1419          1.00         0.00         0.00         0.00         0.00       268.68         0.00         0.00         0.00       799.35         0.00        33.72          0.00     5,295.09       283.77     5,578.86     1,102.75     4,476.11
7545          1.00         0.00         0.00       275.78         0.00         0.00         0.00         0.00         0.00       322.75         0.00        41.82          0.00     2,105.27       330.80     2,436.07       641.35     1,794.72
6505          1.00         0.00         0.00         0.00         0.00         0.00         0.00         0.00         0.00         0.00         0.00        13.77         28.86       438.30        90.98       529.28        14.77       514.51
7769          1.00         0.00         0.00         0.00         0.00         0.00         0.00         0.00         0.00       389.94         0.00        52.66          0.00     3,020.76       974.56     3,995.32       443.60     3,551.72
3525          1.00         0.00         0.00         0.00         0.00         0.00         0.00         0.00         0.00        32.61         0.00        31.79          0.00     1,557.12       271.91     1,829.03        65.40     1,763.63
6885          1.00         0.00         0.00         0.00         0.00         0.00         0.00         0.00         0.00         0.00         0.00        21.85         42.99       993.76       330.08     1,323.84        22.85     1,300.99
4775          1.00         0.00         0.00         0.00         0.00         0.00         0.00         0.00         0.00         0.00         0.00        26.87         33.28       949.26       231.37     1,180.63        27.87     1,152.76
7528          1.00         0.00         0.00         0.00         0.00         0.00         0.00         0.00         0.00         0.00         0.00        21.75         34.71       927.01       210.55     1,137.56        22.75     1,114.81
4832          1.00         0.00         0.00         0.00         0.00         0.00         0.00         0.00         0.00         0.00         0.00        25.15         57.51       871.38       177.73     1,049.11        26.15     1,022.96
3321          1.00         0.00         0.00         0.00         0.00         0.00         0.00         0.00         0.00       967.44         0.00        70.13          0.00     6,103.22       446.73     6,549.95     1,038.57     5,511.38
2112          1.00         0.00         0.00         0.00         0.00         0.00         0.00         0.00         0.00         0.00         0.00        27.11         38.27       871.38       158.49     1,029.87        28.11     1,001.76
0624          1.00         0.00         0.00         0.00         0.00         0.00         0.00         0.00         0.00       819.69         0.00        49.59          0.00     5,622.38       316.13     5,938.51       870.28     5,068.23
6877          1.00         0.00         0.00       150.28         0.00         0.00         0.00         0.00         0.00         0.00         0.00        27.90         35.26     1,080.76       190.58     1,271.34       179.18     1,092.16
4385          1.00         0.00         0.00         0.00         0.00         0.00         0.00         0.00         0.00        18.97         0.00        27.84          0.00     1,318.33       169.33     1,487.66        47.81     1,439.85
0366          1.00         0.00         0.00         0.00         0.00         0.00         0.00         0.00         0.00       343.09         0.00        85.29          0.00     3,000.58       462.49     3,463.07       429.38     3,033.69
7755          1.00         0.00         0.00         0.00         0.00         0.00         0.00         0.00         0.00         0.00         0.00        18.65         28.23     1,028.26       315.32     1,343.58        19.65     1,323.93
6206          1.00         0.00         0.00         0.00         0.00         0.00         0.00         0.00         0.00       687.59         0.00        29.28          0.00     4,651.71       190.67     4,842.38       717.87     4,124.51
7618          1.00         0.00         0.00         0.00         0.00         0.00         0.00         0.00         0.00         0.00         0.00        22.59         50.65       883.63       193.12     1,076.75        23.59     1,053.16
 
*** GLO     182.00       267.00       726.00       788.16         0.00     7,003.34     1,788.90       520.65         0.00    22,657.88         0.00     5,343.61      4,752.55   296,001.37                342,100.33    39,277.54   302,822.79
  
































































