EJECUTIVOS EN SERVICIOS DE ALIMENTOS, S.A. DE C.V.                                                                      Pagina: 0001
R.F.C.:                                                                                                                    2/NOV/19
REPORTE DE SUELDOS SEMANALES DEDUCCIONES


 
Codigo Desc Vales   Desc Zapatos Otras Deducc Desc Fonacot Pension Alim Desc Infonav Faltas       Inca Enferme Inca Riesgo  ISPT         Ajus ISPT    IMSS          Sub P/Empleo Tot Per Grav Tot Per Exce Total Percep Total Deducc Neto Pagado
..........................................................................................................................................................................................................................................
7879          1.00         0.00         0.00         0.00         0.00         0.00         0.00         0.00         0.00         0.00         0.00        33.41         18.57     1,077.38       228.91     1,306.29        34.41     1,271.88
6600          1.00         0.00         0.00         0.00         0.00       246.12         0.00         0.00         0.00         0.00         0.00        21.28         31.63       974.96       229.50     1,204.46       268.40       936.06
7685          1.00         0.00         0.00         0.00         0.00         0.00       241.02         0.00         0.00         0.00         0.00        19.07         43.07       854.96       173.08     1,028.04       261.09       766.95
7331          1.00         0.00         0.00         0.00         0.00         0.00       241.02         0.00         0.00         0.00         0.00        21.46         29.29     1,069.39       334.97     1,404.36       263.48     1,140.88
5933          1.00         0.00         0.00         0.00         0.00         0.00         0.00         0.00         0.00         0.00         0.00        30.52         35.52       914.15       162.58     1,076.73        31.52     1,045.21
7170          1.00         0.00         0.00         0.00         0.00         0.00         0.00         0.00         0.00         0.00         0.00        33.56         35.52       914.15       162.58     1,076.73        34.56     1,042.17
5201          1.00         0.00         0.00         0.00         0.00       335.50         0.00         0.00         0.00        47.98         0.00        36.05          0.00     1,498.02       220.48     1,718.50       420.53     1,297.97
3890          1.00         0.00         0.00         0.00         0.00         0.00         0.00         0.00         0.00       178.36         0.00        54.49          0.00     2,104.51       319.12     2,423.63       233.85     2,189.78
7834          1.00         0.00         0.00         0.00         0.00         0.00         0.00         0.00         0.00         0.00         0.00        29.63         29.13     1,014.04       172.17     1,186.21        30.63     1,155.58
1123          1.00         0.00         0.00         0.00         0.00         0.00         0.00         0.00         0.00        63.19         0.00        33.71          0.00     1,637.85       338.80     1,976.65        97.90     1,878.75
7959          1.00         0.00         0.00         0.00         0.00         0.00         0.00         0.00         0.00         0.00         0.00        23.38         21.47     1,032.16       141.69     1,173.85        24.38     1,149.47
8016          1.00         0.00         0.00         0.00         0.00         0.00       144.20         0.00         0.00         0.00         0.00        17.71         49.49       798.18       158.53       956.71       162.91       793.80
7977          1.00         0.00         0.00         0.00         0.00         0.00         0.00         0.00         0.00         0.00         0.00        24.28         21.47     1,032.16       141.69     1,173.85        25.28     1,148.57
8040          1.00         0.00         0.00         0.00         0.00         0.00         0.00         0.00         0.00         0.00         0.00        15.99         34.72       716.85       156.64       873.49        16.99       856.50
8021          1.00         0.00         0.00         0.00         0.00         0.00       120.51         0.00         0.00         0.00         0.00        17.96         32.92       989.51       172.01     1,161.52       139.47     1,022.05
8027          1.00         0.00         0.00         0.00         0.00         0.00         0.00         0.00         0.00         0.00         0.00        25.36         20.83     1,042.16       192.55     1,234.71        26.36     1,208.35
7986          1.00         0.00         0.00         0.00         0.00         0.00         0.00         0.00         0.00         0.00         0.00        25.20         20.83     1,042.16       192.55     1,234.71        26.20     1,208.51
8022          1.00         0.00         0.00         0.00         0.00         0.00       482.04         0.00         0.00         0.00         0.00        11.59         35.34       751.15        75.52       826.67       494.63       332.04
7259          1.00         0.00         0.00         0.00         0.00         0.00         0.00         0.00         0.00         0.00         0.00        29.64         36.16       904.15       163.22     1,067.37        30.64     1,036.73
7312          1.00         0.00         0.00         0.00         0.00         0.00         0.00         0.00         0.00         0.00         0.00        25.99         32.33       964.06       167.37     1,131.43        26.99     1,104.44
7975          0.00         0.00         0.00         0.00         0.00         0.00         0.00         0.00         0.00         0.00         0.00         0.00          0.00         0.00         0.00         0.00         0.00         0.00
7338          1.00         0.00         0.00         0.00         0.00         0.00         0.00         0.00         0.00         0.00         0.00        32.20         29.13     1,014.04       172.17     1,186.21        33.20     1,153.01
5677          1.00         0.00         0.00         0.00         0.00         0.00         0.00         0.00         0.00        23.03         0.00        34.52          0.00     1,355.64       285.96     1,641.60        58.55     1,583.05
8023          1.00         0.00         0.00         0.00         0.00         0.00         0.00         0.00         0.00         0.00         0.00        25.48         20.83     1,042.16       192.55     1,234.71        26.48     1,208.23
8042          1.00         0.00         0.00         0.00         0.00         0.00         0.00         0.00         0.00         0.00         0.00        15.99         41.54       684.81       121.91       806.72        16.99       789.73
7943          1.00         0.00         0.00         0.00         0.00         0.00         0.00         0.00         0.00         0.00         0.00        26.51         38.26       871.38       158.48     1,029.86        27.51     1,002.35
0849          1.00         0.00         0.00         0.00         0.00         0.00         0.00         0.00         0.00         0.00         0.00        34.18         11.07     1,089.04       249.90     1,338.94        35.18     1,303.76
7536          1.00         0.00         0.00         0.00         0.00         0.00         0.00         0.00         0.00         0.00         0.00        21.15         30.58       991.40       234.89     1,226.29        22.15     1,204.14
5181          1.00         0.00         0.00         0.00         0.00         0.00         0.00         0.00         0.00         0.00         0.00        27.93         35.52       914.15       162.58     1,076.73        28.93     1,047.80
5429          1.00         0.00         0.00         0.00         0.00         0.00       210.42         0.00         0.00       216.31         0.00        70.75          0.00     2,548.69       351.18     2,899.87       498.48     2,401.39
7655          1.00         0.00         0.00         0.00         0.00         0.00         0.00         0.00         0.00         0.00         0.00        27.09         32.04       968.53       223.47     1,192.00        28.09     1,163.91
5558          1.00         0.00         0.00         0.00         0.00         0.00         0.00         0.00         0.00         0.00         0.00        28.73         28.53     1,023.35       190.88     1,214.23        29.73     1,184.50
7663          1.00         0.00         0.00         0.00         0.00         0.00         0.00         0.00         0.00         0.00         0.00        28.18          4.74     1,164.35       163.58     1,327.93        29.18     1,298.75
7773          1.00         0.00         0.00         0.00         0.00         0.00       120.51         0.00         0.00         0.00         0.00        21.40         44.20       870.83       150.38     1,021.21       142.91       878.30
8045          0.00         0.00         0.00         0.00         0.00         0.00       120.51         0.00         0.00         0.00         0.00         8.69         27.75       431.86        27.75       459.61       129.20       330.41
1424          1.00         0.00       300.00         0.00         0.00       466.38         0.00         0.00         0.00       275.75         0.00        76.75          0.00     2,669.97       409.59     3,079.56     1,119.88     1,959.68
5280          1.00         0.00         0.00       362.10         0.00       435.11         0.00         0.00         0.00       152.32         0.00        49.06          0.00     1,920.48       289.67     2,210.15       999.59     1,210.56
8020          1.00         0.00         0.00         0.00         0.00         0.00         0.00         0.00         0.00         0.00         0.00        21.37         36.43       900.01       195.27     1,095.28        22.37     1,072.91
7994          1.00         0.00         0.00         0.00         0.00         0.00         0.00         0.00         0.00         0.00         0.00        20.05         34.96       922.88       206.68     1,129.56        21.05     1,108.51
6461          1.00         0.00       250.00         0.00         0.00         0.00         0.00         0.00         0.00         0.00         0.00        28.16          2.68     1,183.25       276.52     1,459.77       279.16     1,180.61
6765          1.00         0.00         0.00         0.00         0.00         0.00         0.00         0.00         0.00       227.98         0.00        50.66          0.00     2,403.38       338.80     2,742.18       279.64     2,462.54
8017          1.00         0.00         0.00         0.00         0.00       229.93         0.00         0.00         0.00         0.00         0.00        19.79         38.90       861.38       159.12     1,020.50       250.72       769.78
7909          1.00         0.00         0.00         0.00         0.00         0.00         0.00         0.00         0.00         0.00         0.00        27.12         30.84       987.26       189.68     1,176.94        28.12     1,148.82

















































EJECUTIVOS EN SERVICIOS DE ALIMENTOS, S.A. DE C.V.                                                                      Pagina: 0002
R.F.C.:                                                                                                                    2/NOV/19
REPORTE DE SUELDOS SEMANALES DEDUCCIONES


 
Codigo Desc Vales   Desc Zapatos Otras Deducc Desc Fonacot Pension Alim Desc Infonav Faltas       Inca Enferme Inca Riesgo  ISPT         Ajus ISPT    IMSS          Sub P/Empleo Tot Per Grav Tot Per Exce Total Percep Total Deducc Neto Pagado
..........................................................................................................................................................................................................................................
5000          1.00         0.00         0.00         0.00         0.00         0.00         0.00         0.00         0.00        13.12         0.00        30.85          0.00     1,264.64       247.41     1,512.05        44.97     1,467.08
7925          1.00         0.00         0.00         0.00         0.00         0.00         0.00         0.00         0.00        11.18         0.00        31.74          0.00     1,246.79       180.28     1,427.07        43.92     1,383.15
5644          1.00         0.00         0.00         0.00         0.00       337.88         0.00         0.00         0.00        27.85         0.00        29.37          0.00     1,399.97       296.26     1,696.23       396.10     1,300.13
6638          1.00         0.00         0.00         0.00         0.00         0.00         0.00         0.00         0.00         0.00         0.00        26.36         35.52       914.15       162.58     1,076.73        27.36     1,049.37
7800          1.00         0.00         0.00         0.00         0.00         0.00         0.00         0.00         0.00         0.00         0.00        24.57         31.67       974.38       306.39     1,280.77        25.57     1,255.20
6690          1.00         0.00         0.00         0.00         0.00         0.00         0.00         0.00         0.00         0.00         0.00        27.36         34.93       923.46       181.30     1,104.76        28.36     1,076.40
7168          1.00         0.00         0.00         0.00         0.00         0.00         0.00         0.00         0.00         0.00         0.00        22.82         35.52       914.15       214.08     1,128.23        23.82     1,104.41
7991          1.00         0.00         0.00         0.00         0.00         0.00         0.00         0.00         0.00        15.21         0.00        31.47          0.00     1,283.83       227.31     1,511.14        47.68     1,463.46
4314          1.00         0.00         0.00         0.00         0.00         0.00         0.00         0.00         0.00       192.78         0.00        50.71          0.00     2,194.61       393.60     2,588.21       244.49     2,343.72
7848          1.00         0.00         0.00         0.00         0.00         0.00         0.00         0.00         0.00         0.00         0.00        19.84         36.02       906.44       201.30     1,107.74        20.84     1,086.90
7632          0.00         0.00         0.00         0.00         0.00         0.00         0.00         0.00         0.00         0.00         0.00         0.00          0.00         0.00         0.00         0.00         0.00         0.00
7873          1.00         0.00         0.00         0.00         0.00         0.00         0.00         0.00         0.00         0.00         0.00        28.23         38.26       871.38       158.48     1,029.86        29.23     1,000.63
7801          1.00         0.00         0.00         0.00         0.00         0.00       120.51         0.00         0.00         0.00         0.00        21.73         48.29       796.38       148.76       945.14       143.24       801.90
7061          1.00         0.00         0.00         0.00         0.00         0.00         0.00         0.00         0.00         0.00         0.00        28.38          6.91     1,144.45       170.82     1,315.27        29.38     1,285.89
7847          1.00         0.00         0.00         0.00         0.00         0.00         0.00         0.00         0.00         0.00         0.00        29.86         38.90       861.38       159.12     1,020.50        30.86       989.64
7633          1.00         0.00         0.00         0.00         0.00         0.00         0.00         0.00         0.00         0.00         0.00        29.26         33.69       942.78       199.37     1,142.15        30.26     1,111.89
7984          1.00         0.00         0.00         0.00         0.00         0.00         0.00         0.00         0.00        10.09         0.00        29.87          0.00     1,236.79       180.28     1,417.07        40.96     1,376.11
7914          1.00         0.00         0.00         0.00         0.00         0.00         0.00         0.00         0.00         0.00         0.00        21.16         19.40     1,064.51       178.24     1,242.75        22.16     1,220.59
2897          1.00         0.00         0.00         0.00         0.00         0.00         0.00         0.00         0.00         0.00         0.00        24.10         31.40       978.53       222.83     1,201.36        25.10     1,176.26
5630          1.00         0.00         0.00         0.00         0.00         0.00         0.00         0.00         0.00         0.00         0.00        13.32         34.92       565.88       152.11       717.99        14.32       703.67
8007          1.00         0.00         0.00         0.00         0.00         0.00         0.00         0.00         0.00         0.00         0.00        29.24          3.22     1,178.33       233.76     1,412.09        30.24     1,381.85
8048          1.00         0.00         0.00         0.00         0.00         0.00         0.00         0.00         0.00       131.21         0.00        39.88          0.00     1,726.43       257.02     1,983.45       172.09     1,811.36
8037          1.00         0.00         0.00         0.00         0.00         0.00         0.00         0.00         0.00         0.00         0.00        21.10         21.47     1,032.16       141.69     1,173.85        22.10     1,151.75
7614          1.00         0.00        10.00         0.00         0.00         0.00         0.00         0.00         0.00        25.03         0.00        32.52          0.00     1,374.05       268.09     1,642.14        68.55     1,573.59
3318          1.00         0.00         0.00         0.00         0.00       510.55         0.00         0.00         0.00       229.36         0.00        66.49          0.00     2,411.11       313.42     2,724.53       807.40     1,917.13
7804          1.00         0.00         0.00         0.00         0.00         0.00         0.00         0.00         0.00        60.97         0.00        38.69          0.00     1,617.43       285.91     1,903.34       100.66     1,802.68
6083          1.00         0.00         0.00         0.00         0.00         0.00         0.00         0.00       602.55         0.00         0.00         9.34         25.75       751.56        99.82       851.38       612.89       238.49
6766          1.00         0.00         0.00         0.00         0.00         0.00         0.00         0.00         0.00        49.47         0.00        29.46          0.00     1,511.70       301.63     1,813.33        79.93     1,733.40
8046          1.00         0.00         0.00         0.00         0.00         0.00         0.00         0.00         0.00         0.00         0.00         7.99         31.16       180.27        55.20       235.47         8.99       226.48
7982          1.00         0.00         0.00         0.00         0.00         0.00         0.00         0.00         0.00        16.92         0.00        29.62          0.00     1,299.51       242.99     1,542.50        47.54     1,494.96
4137          1.00         0.00         0.00         0.00         0.00         0.00         0.00         0.00         0.00       371.80         0.00        91.14          0.00     3,135.04       482.40     3,617.44       463.94     3,153.50
8009          1.00         0.00         0.00         0.00         0.00         0.00       144.20         0.00         0.00         0.00         0.00        20.97         42.70       921.92       138.87     1,060.79       166.17       894.62
7542          1.00        56.00         0.00         0.00         0.00         0.00         0.00         0.00         0.00         0.00         0.00        32.55         35.52       914.15       162.58     1,076.73        89.55       987.18
8033          1.00         0.00         0.00         0.00         0.00         0.00         0.00         0.00         0.00         0.00         0.00        26.63          3.50     1,175.76       188.09     1,363.85        27.63     1,336.22
3780          1.00         0.00         0.00         0.00         0.00         0.00         0.00         0.00         0.00       144.30         0.00        40.70          0.00     1,846.72       361.58     2,208.30       186.00     2,022.30
6205          1.00         0.00         0.00         0.00         0.00         0.00         0.00         0.00         0.00         0.00         0.00        26.43         32.33       964.06       167.37     1,131.43        27.43     1,104.00
5027          1.00         0.00         0.00         0.00         0.00         0.00         0.00         0.00         0.00         9.36         0.00        37.80          0.00     1,230.04       143.04     1,373.08        48.16     1,324.92
7993          1.00         0.00         0.00         0.00         0.00         0.00         0.00         0.00         0.00         0.00         0.00        24.28         35.79       910.01       194.63     1,104.64        25.28     1,079.36
7818          1.00         0.00         0.00         0.00         0.00         0.00         0.00         0.00         0.00         0.00         0.00        31.89         29.77     1,004.04       172.81     1,176.85        32.89     1,143.96
7221          1.00         0.00         0.00         0.00         0.00         0.00         0.00         0.00         0.00         0.00         0.00        19.79         32.72       957.94       249.50     1,207.44        20.79     1,186.65
7815          1.00         0.00         0.00         0.00         0.00         0.00         0.00         0.00         0.00         0.00         0.00        31.68         36.43       900.01       195.27     1,095.28        32.68     1,062.60
6839          1.00         0.00         0.00         0.00         0.00         0.00         0.00         0.00         0.00         0.00         0.00        29.06         31.40       978.53       222.83     1,201.36        30.06     1,171.30
5646          1.00         0.00         0.00         0.00         0.00         0.00         0.00         0.00         0.00         0.00         0.00        29.91         35.52       914.15       162.58     1,076.73        30.91     1,045.82

















































EJECUTIVOS EN SERVICIOS DE ALIMENTOS, S.A. DE C.V.                                                                      Pagina: 0003
R.F.C.:                                                                                                                    2/NOV/19
REPORTE DE SUELDOS SEMANALES DEDUCCIONES


 
Codigo Desc Vales   Desc Zapatos Otras Deducc Desc Fonacot Pension Alim Desc Infonav Faltas       Inca Enferme Inca Riesgo  ISPT         Ajus ISPT    IMSS          Sub P/Empleo Tot Per Grav Tot Per Exce Total Percep Total Deducc Neto Pagado
..........................................................................................................................................................................................................................................
8011          1.00         0.00         0.00         0.00         0.00         0.00         0.00       293.50         0.00         0.00         0.00        23.43         34.98     1,084.33       155.51     1,239.84       317.93       921.91
7708          1.00         0.00         0.00         0.00         0.00         0.00         0.00         0.00         0.00         0.00         0.00        30.04         35.52       914.15       162.58     1,076.73        31.04     1,045.69
7985          1.00         0.00         0.00         0.00         0.00         0.00       144.20       432.60         0.00         0.00         0.00        11.73         36.76       794.15        60.80       854.95       589.53       265.42
7869          1.00         0.00         0.00         0.00         0.00         0.00         0.00         0.00         0.00         0.00         0.00        25.77         32.33       964.06       167.37     1,131.43        26.77     1,104.66
7973          1.00         0.00         0.00         0.00         0.00       151.47       144.20         0.00         0.00         0.00         0.00        17.74         50.19       785.30       146.36       931.66       314.41       617.25
8043          1.00         0.00         0.00         0.00         0.00         0.00         0.00         0.00         0.00         0.00         0.00        15.99         27.62       827.72       123.79       951.51        16.99       934.52
8012          1.00         0.00         0.00         0.00         0.00         0.00         0.00         0.00         0.00         0.00         0.00        24.74         19.18     1,067.91       216.65     1,284.56        25.74     1,258.82
5679          1.00         0.00         0.00         0.00         0.00         0.00         0.00         0.00         0.00        23.03         0.00        38.81          0.00     1,355.64       197.70     1,553.34        62.84     1,490.50
7530          1.00         0.00         0.00         0.00         0.00         0.00         0.00         0.00         0.00        27.52         0.00        31.72          0.00     1,396.96       242.93     1,639.89        60.24     1,579.65
6028          1.00         0.00         0.00         0.00         0.00       407.29         0.00         0.00         0.00        51.95         0.00        34.84          0.00     1,534.49       296.26     1,830.75       495.08     1,335.67
6565          0.00         0.00         0.00         0.00         0.00         0.00         0.00         0.00         0.00         0.00         0.00         0.00          0.00         0.00         0.00         0.00         0.00         0.00
3676          1.00         0.00         0.00         0.00         0.00         0.00         0.00         0.00         0.00       137.54         0.00        36.55          0.00     1,784.64       425.03     2,209.67       175.09     2,034.58
8038          0.00         0.00         0.00         0.00         0.00         0.00       361.53         0.00         0.00         0.00         0.00        12.76         39.93       826.51        39.93       866.44       374.29       492.15
3221          1.00         0.00         0.00         0.00         0.00         0.00         0.00         0.00         0.00        31.12         0.00        33.29          0.00     1,430.01       311.82     1,741.83        65.41     1,676.42
7779          1.00         0.00         0.00         0.00         0.00         0.00         0.00         0.00         0.00         0.00         0.00        34.57         10.96     1,090.76       166.28     1,257.04        35.57     1,221.47
7942          1.00         0.00         0.00         0.00         0.00         0.00         0.00         0.00       288.40         0.00         0.00        16.63         44.50       871.67       116.63       988.30       306.03       682.27
8035          1.00         0.00         0.00         0.00         0.00         0.00         0.00         0.00         0.00         0.00         0.00        22.32         21.47     1,032.16       141.69     1,173.85        23.32     1,150.53
7845          1.00         0.00         0.00         0.00         0.00         0.00         0.00         0.00         0.00        18.50         0.00        38.22          0.00     1,314.04       143.04     1,457.08        57.72     1,399.36
7920          1.00         0.00         0.00         0.00         0.00         0.00         0.00         0.00         0.00         0.00         0.00        20.87         36.43       900.01       195.27     1,095.28        21.87     1,073.41
7996          1.00         0.00         0.00         0.00         0.00         0.00         0.00         0.00         0.00         0.00         0.00        19.83         38.90       861.38       159.12     1,020.50        20.83       999.67
2522          1.00         0.00         0.00         0.00         0.00         0.00         0.00         0.00         0.00         0.00         0.00        30.18         32.22       965.65       210.78     1,176.43        31.18     1,145.25
7990          1.00         0.00         0.00         0.00         0.00         0.00         0.00         0.00         0.00         0.00         0.00        25.38         20.83     1,042.16       192.55     1,234.71        26.38     1,208.33
7080          1.00         0.00         0.00         0.00         0.00         0.00         0.00         0.00         0.00        48.85         0.00        40.71          0.00     1,506.06       403.00     1,909.06        90.56     1,818.50
5965          1.00         0.00         0.00         0.00         0.00         0.00         0.00         0.00         0.00         9.79         0.00        33.81          0.00     1,234.04       293.09     1,527.13        44.60     1,482.53
5447          1.00         0.00         0.00         0.00         0.00         0.00         0.00         0.00         0.00         0.00         0.00        32.77         29.77     1,004.04       300.53     1,304.57        33.77     1,270.80
7932          1.00         0.00         0.00         0.00         0.00         0.00         0.00         0.00         0.00         0.00         0.00        27.78         38.26       871.38       158.48     1,029.86        28.78     1,001.08
6685          1.00         0.00         0.00         0.00         0.00         0.00         0.00         0.00         0.00         1.65         0.00        36.20          0.00     1,223.15       242.93     1,466.08        38.85     1,427.23
5549          1.00         0.00         0.00         0.00         0.00         0.00         0.00         0.00         0.00         0.00         0.00        34.27          4.98     1,162.18       260.79     1,422.97        35.27     1,387.70
0854          1.00         0.00         0.00         0.00         0.00       332.71         0.00         0.00         0.00       153.60         0.00        41.49          0.00     1,932.20       394.58     2,326.78       528.80     1,797.98
7295          1.00         0.00         0.00         0.00         0.00         0.00         0.00         0.00         0.00         0.00         0.00        32.47         35.52       914.15       162.58     1,076.73        33.47     1,043.26
4807          1.00         0.00         0.00         0.00         0.00         0.00         0.00         0.00         0.00       510.35         0.00       110.77          0.00     3,783.66       586.18     4,369.84       622.12     3,747.72
8018          1.00         0.00         0.00         0.00         0.00         0.00         0.00         0.00         0.00         0.00         0.00        30.86          7.69     1,137.24       170.44     1,307.68        31.86     1,275.82
3169          1.00         0.00         0.00         0.00         0.00         0.00         0.00         0.00         0.00         0.00         0.00        29.07         35.52       914.15       162.58     1,076.73        30.07     1,046.66
7947          1.00         0.00         0.00         0.00         0.00         0.00         0.00         0.00         0.00         0.00         0.00        31.45         20.83     1,042.16       192.55     1,234.71        32.45     1,202.26
4514          1.00         0.00         0.00         0.00         0.00       365.24         0.00         0.00         0.00        23.03         0.00        34.54          0.00     1,355.64       197.70     1,553.34       423.81     1,129.53
7814          1.00         0.00         0.00         0.00         0.00         0.00         0.00         0.00         0.00         0.00         0.00        31.42         29.77     1,004.04       172.81     1,176.85        32.42     1,144.43
7754          1.00         0.00         0.00         0.00         0.00         0.00         0.00         0.00         0.00         0.00         0.00        23.67         38.26       871.38       158.48     1,029.86        24.67     1,005.19
7717          1.00         0.00         0.00         0.00         0.00         0.00         0.00         0.00         0.00        17.59         0.00        32.05          0.00     1,305.66       189.70     1,495.36        50.64     1,444.72
6014          1.00         0.00         0.00         0.00         0.00         0.00         0.00         0.00         0.00        41.02         0.00        32.26          0.00     1,434.03       276.09     1,710.12        74.28     1,635.84
7775          1.00         0.00         0.00         0.00         0.00         0.00         0.00         0.00         0.00         0.00         0.00        23.55         38.90       861.38       159.12     1,020.50        24.55       995.95
8025          0.00         0.00         0.00         0.00         0.00         0.00         0.00         0.00         0.00         0.00         0.00         0.00          0.00         0.00         0.00         0.00         0.00         0.00
3827          1.00         0.00         0.00         0.00         0.00         0.00         0.00         0.00         0.00         0.00         0.00        38.31          9.18     1,118.56       260.09     1,378.65        39.31     1,339.34
7976          1.00         0.00         0.00         0.00         0.00         0.00         0.00         0.00         0.00         0.00         0.00        20.62         38.90       861.38       159.12     1,020.50        21.62       998.88

















































EJECUTIVOS EN SERVICIOS DE ALIMENTOS, S.A. DE C.V.                                                                      Pagina: 0004
R.F.C.:                                                                                                                    2/NOV/19
REPORTE DE SUELDOS SEMANALES DEDUCCIONES


 
Codigo Desc Vales   Desc Zapatos Otras Deducc Desc Fonacot Pension Alim Desc Infonav Faltas       Inca Enferme Inca Riesgo  ISPT         Ajus ISPT    IMSS          Sub P/Empleo Tot Per Grav Tot Per Exce Total Percep Total Deducc Neto Pagado
..........................................................................................................................................................................................................................................
5412          1.00         0.00         0.00         0.00         0.00         0.00         0.00         0.00         0.00         0.00         0.00        27.20         32.04       968.53       223.47     1,192.00        28.20     1,163.80
8041          0.00         0.00         0.00         0.00         0.00         0.00       288.40         0.00         0.00         0.00         0.00         9.40         35.64       472.71        35.64       508.35       297.80       210.55
7995          1.00         0.00         0.00         0.00         0.00         0.00         0.00         0.00         0.00         0.00         0.00        20.37         20.83     1,042.16       141.05     1,183.21        21.37     1,161.84
7395          1.00         0.00         0.00         0.00         0.00         0.00         0.00         0.00         0.00         0.00         0.00        24.99         18.18     1,083.58       183.36     1,266.94        25.99     1,240.95
0214          1.00         0.00         0.00         0.00         0.00         0.00         0.00         0.00         0.00       510.35         0.00       110.48          0.00     3,783.66       586.18     4,369.84       621.83     3,748.01
7849          1.00         0.00         0.00         0.00         0.00         0.00         0.00         0.00         0.00         0.00         0.00        23.66         33.95       938.63       231.42     1,170.05        24.66     1,145.39
5232          1.00         0.00         0.00         0.00         0.00         0.00         0.00         0.00         0.00        53.58         0.00        38.70          0.00     1,549.52       246.04     1,795.56        93.28     1,702.28
8019          1.00         0.00         0.00         0.00         0.00         0.00         0.00         0.00         0.00         0.00         0.00        23.55         21.47     1,032.16       141.69     1,173.85        24.55     1,149.30
4958          1.00         0.00         0.00         0.00         0.00         0.00         0.00         0.00         0.00         0.00         0.00        32.56         35.52       914.15       162.58     1,076.73        33.56     1,043.17
7880          1.00         0.00         0.00         0.00         0.00         0.00         0.00         0.00         0.00         0.00         0.00        32.70          6.13     1,151.60       235.78     1,387.38        33.70     1,353.68
3979          1.00         0.00         0.00         0.00         0.00         0.00         0.00         0.00         0.00       520.66         0.00       106.06          0.00     3,831.91       752.58     4,584.49       627.72     3,956.77
0442          1.00         0.00         0.00         0.00         0.00         0.00         0.00         0.00         0.00        52.69         0.00        40.71          0.00     1,541.31       325.27     1,866.58        94.40     1,772.18
7330          0.00         0.00         0.00         0.00         0.00         0.00         0.00         0.00         0.00         0.00         0.00         0.00          0.00         0.00         0.00         0.00         0.00         0.00
7846          1.00         0.00         0.00         0.00         0.00         0.00         0.00         0.00         0.00         0.00         0.00        33.30         29.13     1,014.04       172.17     1,186.21        34.30     1,151.91
8004          1.00         0.00         0.00         0.00         0.00         0.00         0.00         0.00         0.00         0.00         0.00        23.19         38.26       871.38       158.48     1,029.86        24.19     1,005.67
7823          1.00         0.00         0.00         0.00         0.00         0.00       120.51         0.00         0.00         0.00         0.00        27.23          9.55     1,208.38       213.02     1,421.40       148.74     1,272.66
7298          1.00         0.00         0.00         0.00         0.00         0.00         0.00         0.00         0.00        53.42         0.00        35.91          0.00     1,548.05       287.44     1,835.49        90.33     1,745.16
7963          1.00         0.00         0.00         0.00         0.00         0.00         0.00         0.00         0.00         0.00         0.00        23.09         38.26       871.38       158.48     1,029.86        24.09     1,005.77
5396          1.00         0.00         0.00         0.00         0.00         0.00         0.00         0.00         0.00         0.00         0.00        31.74         11.14     1,087.96       254.07     1,342.03        32.74     1,309.29
8015          0.00         0.00         0.00         0.00         0.00         0.00       144.20         0.00         0.00         0.00         0.00        21.03         42.09       932.97        93.59     1,026.56       165.23       861.33
7989          1.00         0.00         0.00         0.00         0.00         0.00         0.00         0.00         0.00         0.00         0.00        19.80         38.90       861.38       159.12     1,020.50        20.80       999.70
7588          1.00         0.00         0.00         0.00         0.00         0.00         0.00         0.00         0.00         0.00         0.00        25.35         35.52       914.15       162.58     1,076.73        26.35     1,050.38
7821          1.00         0.00         0.00         0.00         0.00         0.00         0.00         0.00         0.00         0.00         0.00        26.95         29.13     1,014.04       172.17     1,186.21        27.95     1,158.26
6203          1.00         0.00         0.00         0.00         0.00         0.00       120.51         0.00         0.00         0.00         0.00        27.14         25.62     1,122.60       138.48     1,261.08       148.65     1,112.43
6582          1.00         0.00         0.00         0.00         0.00         0.00         0.00         0.00         0.00         0.00         0.00        22.38         35.52       914.15       162.58     1,076.73        23.38     1,053.35
7392          1.00         0.00         0.00         0.00         0.00         0.00         0.00         0.00         0.00         0.00         0.00        29.97          6.75     1,145.90       211.06     1,356.96        30.97     1,325.99
7226          1.00         0.00         0.00         0.00         0.00         0.00         0.00         0.00         0.00         0.00         0.00        26.91         29.13     1,014.04       172.17     1,186.21        27.91     1,158.30
7885          1.00         0.00         0.00         0.00         0.00         0.00         0.00         0.00         0.00         0.00         0.00        28.37         36.61       897.13       182.58     1,079.71        29.37     1,050.34
3326          1.00         0.00         0.00         0.00         0.00       352.72         0.00         0.00         0.00        47.98         0.00        38.70          0.00     1,498.02       220.48     1,718.50       440.40     1,278.10
0449          1.00         0.00         0.00         0.00         0.00       447.60         0.00         0.00         0.00        11.97         0.00        39.77          0.00     1,254.04       143.04     1,397.08       500.34       896.74
6934          1.00         0.00         0.00         0.00         0.00         0.00         0.00         0.00         0.00       342.84         0.00        86.57          0.00     2,999.45       460.71     3,460.16       430.41     3,029.75
7137          1.00         0.00         0.00         0.00         0.00         0.00         0.00         0.00         0.00        53.46         0.00        38.06          0.00     1,548.38       261.90     1,810.28        92.52     1,717.76
6682          1.00         0.00         0.00         0.00         0.00         0.00       144.20         0.00         0.00         0.00         0.00        17.72         50.19       785.30       146.36       931.66       162.92       768.74
1269          1.00         0.00         0.00         0.00         0.00         0.00         0.00         0.00         0.00         0.00         0.00        25.01         32.04       968.53       223.47     1,192.00        26.01     1,165.99
7037          1.00         0.00         0.00         0.00         0.00         0.00       120.51         0.00         0.00         0.00         0.00        19.92         48.29       796.38       148.76       945.14       141.43       803.71
7890          1.00         0.00         0.00         0.00         0.00         0.00         0.00         0.00         0.00         0.00         0.00        30.80         20.83     1,042.16       192.55     1,234.71        31.80     1,202.91
8031          1.00         0.00         0.00         0.00         0.00         0.00         0.00         0.00         0.00         0.00         0.00        19.98         38.26       871.38       158.48     1,029.86        20.98     1,008.88
1419          1.00         0.00         0.00         0.00         0.00         0.00         0.00         0.00         0.00        55.99         0.00        39.51          0.00     1,571.66       232.26     1,803.92        96.50     1,707.42
8039          1.00         0.00         0.00         0.00         0.00         0.00         0.00         0.00         0.00         0.00         0.00        15.99         34.01       727.93       134.48       862.41        16.99       845.42
8026          1.00         0.00         0.00         0.00         0.00         0.00         0.00         0.00         0.00         0.00         0.00        19.98         38.26       871.38       158.48     1,029.86        20.98     1,008.88
3525          1.00         0.00         0.00         0.00         0.00         0.00         0.00         0.00         0.00         0.00         0.00        38.03          6.91     1,144.45       170.82     1,315.27        39.03     1,276.24
8036          1.00         0.00         0.00         0.00         0.00         0.00         0.00         0.00         0.00         0.00         0.00        22.04         35.79       910.01       246.13     1,156.14        23.04     1,133.10
6885          1.00         0.00         0.00         0.00         0.00         0.00         0.00         0.00         0.00         0.00         0.00        34.78         19.13     1,068.65       184.81     1,253.46        35.78     1,217.68

















































EJECUTIVOS EN SERVICIOS DE ALIMENTOS, S.A. DE C.V.                                                                      Pagina: 0005
R.F.C.:                                                                                                                    2/NOV/19
REPORTE DE SUELDOS SEMANALES DEDUCCIONES


 
Codigo Desc Vales   Desc Zapatos Otras Deducc Desc Fonacot Pension Alim Desc Infonav Faltas       Inca Enferme Inca Riesgo  ISPT         Ajus ISPT    IMSS          Sub P/Empleo Tot Per Grav Tot Per Exce Total Percep Total Deducc Neto Pagado
..........................................................................................................................................................................................................................................
8029          0.00         0.00         0.00         0.00         0.00         0.00       432.60         0.00         0.00         0.00         0.00        13.57         43.48       801.23        43.48       844.71       446.17       398.54
7893          1.00         0.00         0.00         0.00         0.00         0.00       120.51         0.00         0.00         0.00         0.00        20.94         45.46       847.88       197.43     1,045.31       142.45       902.86
7907          1.00         0.00         0.00         0.00         0.00         0.00         0.00         0.00         0.00       135.65         0.00        41.97          0.00     1,767.27       297.86     2,065.13       178.62     1,886.51
4775          1.00         0.00         0.00         0.00         0.00         0.00         0.00         0.00         0.00         0.00         0.00        30.59         19.77     1,058.65       262.70     1,321.35        31.59     1,289.76
4832          1.00         0.00         0.00         0.00         0.00         0.00         0.00         0.00         0.00        55.89         0.00        26.16          0.00     1,570.78       242.93     1,813.71        83.05     1,730.66
3321          1.00         0.00         0.00         0.00         0.00         0.00         0.00         0.00         0.00       229.67         0.00        59.76          0.00     2,412.83       504.44     2,917.27       290.43     2,626.84
7965          0.00         0.00         0.00         0.00         0.00         0.00         0.00         0.00         0.00         0.00         0.00         0.00          0.00         0.00         0.00         0.00         0.00         0.00
0624          1.00         0.00         0.00         0.00         0.00         0.00         0.00         0.00         0.00       179.96         0.00        49.86          0.00     2,114.47       553.33     2,667.80       230.82     2,436.98
6877          1.00         0.00         0.00       226.89         0.00         0.00         0.00         0.00         0.00        11.88         0.00        28.62          0.00     1,253.16       163.91     1,417.07       268.39     1,148.68
4385          1.00         0.00         0.00         0.00         0.00         0.00         0.00         0.00         0.00        48.73         0.00        35.82          0.00     1,504.95       199.19     1,704.14        85.55     1,618.59
8030          1.00         0.00         0.00         0.00         0.00         0.00       241.02         0.00         0.00         0.00         0.00        20.02         41.22       895.48       121.59     1,017.07       262.04       755.03
0366          1.00         0.00         0.00         0.00         0.00         0.00         0.00         0.00         0.00       343.08         0.00        89.85          0.00     3,000.58       462.49     3,463.07       433.93     3,029.14
6206          1.00         0.00         0.00         0.00         0.00         0.00         0.00         0.00         0.00       133.74         0.00        44.98          0.00     1,749.69       308.62     2,058.31       179.72     1,878.59
8034          1.00         0.00         0.00         0.00         0.00         0.00         0.00         0.00         0.00         0.00         0.00        25.49         20.83     1,042.16       192.55     1,234.71        26.49     1,208.22
7618          1.00         0.00         0.00         0.00         0.00         0.00         0.00         0.00         0.00         0.00         0.00        31.38         30.58       991.40       234.89     1,226.29        32.38     1,193.91
 
*** GLO     176.00        56.00       560.00       588.99         0.00     4,618.50     4,327.33       726.10       890.95     6,430.65         0.00     5,656.29      3,782.82   218,746.11                258,026.80    24,030.81   233,995.99
  










































































