EJECUTIVOS EN SERVICIOS DE ALIMENTOS, S.A. DE C.V.                                                                      Pagina: 0001
R.F.C.:                                                                                                                    2/NOV/19
REPORTE DE SUELDOS SEMANALES DEDUCCIONES


 
Codigo Desc Vales   Desc Zapatos Otras Deducc Desc Fonacot Pension Alim Desc Infonav Faltas       Inca Enferme Inca Riesgo  ISPT         Ajus ISPT    IMSS          Sub P/Empleo Tot Per Grav Tot Per Exce Total Percep Total Deducc Neto Pagado
..........................................................................................................................................................................................................................................
7879          1.00         0.00         0.00         0.00         0.00         0.00         0.00         0.00         0.00       101.22         0.00        26.87          0.00     1,450.76       236.09     1,686.85       129.09     1,557.76
6600          1.00         0.00         0.00         0.00         0.00       246.12         0.00         0.00         0.00         0.00         0.00        21.43         39.73       981.40       244.04     1,225.44       268.55       956.89
7685          1.00         0.00         0.00         0.00         0.00         0.00         0.00         0.00         0.00         0.00         0.00        24.83         29.07       952.78       194.75     1,147.53        25.83     1,121.70
7331          1.00         0.00         0.00         0.00         0.00         0.00         0.00         0.00         0.00         0.00         0.00        27.66         21.57     1,119.61       270.54     1,390.15        28.66     1,361.49
5933          1.00         0.00         0.00         0.00         0.00         0.00         0.00         0.00         0.00         0.00         0.00        25.05         43.93       914.15       341.16     1,255.31        26.05     1,229.26
7170          1.00         0.00         0.00         0.00         0.00         0.00         0.00         0.00         0.00        34.88         0.00        25.92          0.00     1,377.65       204.31     1,581.96        61.80     1,520.16
5201          1.00         0.00         0.00         0.00         0.00       335.50         0.00         0.00         0.00        31.43         0.00        36.80          0.00     1,498.02       220.48     1,718.50       404.73     1,313.77
3890          1.00         0.00         0.00         0.00         0.00         0.00         0.00         0.00         0.00       178.37         0.00        54.41          0.00     2,104.51       319.12     2,423.63       233.78     2,189.85
7834          1.00         0.00         0.00         0.00         0.00         0.00         0.00         0.00         0.00         0.00         0.00        23.58         22.63     1,014.04       165.67     1,179.71        24.58     1,155.13
3652          1.00         0.00         0.00         0.00         0.00       456.67         0.00         0.00         0.00       149.79         0.00        56.22          0.00     1,925.94       290.55     2,216.49       663.68     1,552.81
1123          1.00         0.00         0.00         0.00         0.00         0.00         0.00         0.00         0.00        23.03         0.00        33.05          0.00     1,355.64       197.70     1,553.34        57.08     1,496.26
7959          1.00         0.00         0.00         0.00         0.00         0.00         0.00         0.00         0.00         0.00         0.00        19.71         38.90       861.38       159.12     1,020.50        20.71       999.79
7977          1.00         0.00         0.00         0.00         0.00         0.00         0.00         0.00         0.00         0.00         0.00        18.65         21.47     1,032.16       141.69     1,173.85        19.65     1,154.20
7986          1.00         0.00         0.00         0.00         0.00         0.00         0.00         0.00         0.00         0.00         0.00        15.99         24.94       869.59       176.91     1,046.50        16.99     1,029.51
7259          1.00         0.00         0.00         0.00         0.00         0.00         0.00         0.00         0.00         0.00         0.00        26.72         45.01       904.15       172.07     1,076.22        27.72     1,048.50
7312          1.00         0.00         0.00         0.00         0.00         0.00         0.00         0.00         0.00         0.00         0.00        23.53         25.58     1,082.81       250.74     1,333.55        24.53     1,309.02
7975          1.00         0.00         0.00         0.00         0.00         0.00         0.00         0.00         0.00         0.00         0.00        18.65         27.97     1,032.16       148.19     1,180.35        19.65     1,160.70
7338          1.00         0.00         0.00         0.00         0.00         0.00         0.00         0.00         0.00         0.00         0.00        27.26         33.06     1,014.04       176.10     1,190.14        28.26     1,161.88
5677          1.00         0.00         0.00         0.00         0.00         0.00         0.00         0.00         0.00        58.70         0.00        35.87          0.00     1,596.50       511.27     2,107.77        95.57     2,012.20
7896          0.00         0.00         0.00         0.00         0.00         0.00         0.00         0.00         0.00         0.00         0.00        26.64         35.50       991.60        35.50     1,027.10        26.64     1,000.46
7943          1.00         0.00         0.00         0.00         0.00         0.00         0.00         0.00         0.00         0.00         0.00        20.30         40.18       948.63       199.02     1,147.65        21.30     1,126.35
7812          1.00         0.00         0.00         0.00         0.00         0.00         0.00         0.00         0.00         0.00         0.00        27.95         50.54       871.38       170.76     1,042.14        28.95     1,013.19
0849          1.00         0.00         0.00         0.00         0.00         0.00         0.00         0.00         0.00         0.00         0.00        31.54         24.90     1,089.04       167.94     1,256.98        32.54     1,224.44
7536          1.00         0.00         0.00         0.00         0.00         0.00         0.00         0.00         0.00         0.00         0.00        24.65         30.16     1,004.28       247.34     1,251.62        25.65     1,225.97
7430          1.00         0.00         0.00         0.00         0.00         0.00         0.00         0.00         0.00       273.20         0.00        61.86          0.00     2,655.66       477.71     3,133.37       336.06     2,797.31
5181          1.00         0.00         0.00         0.00         0.00         0.00         0.00         0.00         0.00         0.00         0.00        22.43         43.93       914.15       170.99     1,085.14        23.43     1,061.71
5429          1.00         0.00         0.00         0.00         0.00         0.00         0.00         0.00         0.00       346.96         0.00        77.74          0.00     3,018.72       560.97     3,579.69       425.70     3,153.99
7655          1.00         0.00         0.00         0.00         0.00         0.00         0.00         0.00         0.00         0.00         0.00        26.86         40.81       942.78       206.49     1,149.27        27.86     1,121.41
5558          1.00         0.00         0.00         0.00         0.00         0.00         0.00         0.00         0.00         0.00         0.00        24.77         21.54     1,119.91       241.83     1,361.74        25.77     1,335.97
4746          1.00         0.00         0.00         0.00         0.00       344.19         0.00         0.00         0.00        42.16         0.00        32.75          0.00     1,444.51       242.99     1,687.50       420.10     1,267.40
7663          1.00         0.00         0.00         0.00         0.00         0.00         0.00         0.00         0.00         0.00         0.00        28.66          8.94     1,125.72       129.16     1,254.88        29.66     1,225.22
7773          1.00         0.00         0.00         0.00         0.00         0.00         0.00         0.00         0.00         0.00         0.00        25.71          7.15     1,142.29       237.21     1,379.50        26.71     1,352.79
1424          1.00         0.00         0.00         0.00         0.00       466.38         0.00         0.00         0.00       294.93         0.00        73.68          0.00     2,775.11       514.72     3,289.83       835.99     2,453.84
5280          1.00         0.00         0.00       362.10         0.00       435.11         0.00         0.00         0.00       161.39         0.00        48.16          0.00     2,003.82       373.00     2,376.82     1,007.76     1,369.06
7742          0.00         0.00         0.00         0.00         0.00         0.00         0.00         0.00         0.00         0.00         0.00         0.00          0.00         0.00         0.00         0.00         0.00         0.00
7883          1.00         0.00         0.00         0.00         0.00         0.00         0.00         0.00         0.00         0.00         0.00        23.91         31.18     1,031.31       243.47     1,274.78        24.91     1,249.87
6461          1.00         0.00       300.00         0.00         0.00         0.00         0.00         0.00         0.00         5.09         0.00        26.97          0.00     1,190.73       281.31     1,472.04       333.06     1,138.98
6765          1.00         0.00         0.00         0.00         0.00         0.00         0.00         0.00         0.00       225.62         0.00        49.12          0.00     2,390.15       526.94     2,917.09       275.74     2,641.35
7909          1.00         0.00         0.00         0.00         0.00         0.00         0.00         0.00         0.00         0.00         0.00        23.56         48.58       871.38       168.80     1,040.18        24.56     1,015.62
5000          1.00         0.00         0.00         0.00         0.00         0.00         0.00         0.00         0.00         4.81         0.00        29.62          0.00     1,188.13       170.90     1,359.03        35.43     1,323.60
7915          1.00         0.00         0.00         0.00         0.00         0.00         0.00         0.00         0.00        15.74         0.00        25.06          0.00     1,201.64       236.09     1,437.73        41.80     1,395.93
7925          1.00         0.00         0.00         0.00         0.00         0.00       146.75         0.00         0.00         0.00         0.00        26.52         37.64     1,135.91       188.30     1,324.21       174.27     1,149.94
5644          1.00         0.00       116.50         0.00         0.00       337.88         0.00         0.00         0.00        36.90         0.00        30.54          0.00     1,355.13       296.26     1,651.39       522.82     1,128.57

















































EJECUTIVOS EN SERVICIOS DE ALIMENTOS, S.A. DE C.V.                                                                      Pagina: 0002
R.F.C.:                                                                                                                    2/NOV/19
REPORTE DE SUELDOS SEMANALES DEDUCCIONES


 
Codigo Desc Vales   Desc Zapatos Otras Deducc Desc Fonacot Pension Alim Desc Infonav Faltas       Inca Enferme Inca Riesgo  ISPT         Ajus ISPT    IMSS          Sub P/Empleo Tot Per Grav Tot Per Exce Total Percep Total Deducc Neto Pagado
..........................................................................................................................................................................................................................................
6638          1.00         0.00         0.00         0.00         0.00         0.00         0.00       361.53         0.00         0.00         0.00        14.26        108.97       864.92       211.30     1,076.22       376.79       699.43
7800          1.00         0.00         0.00         0.00         0.00         0.00       120.51         0.00         0.00         0.00         0.00        18.46         70.75       796.38       171.22       967.60       139.97       827.63
7960          1.00         0.00         0.00         0.00         0.00         0.00       120.51         0.00         0.00         0.00         0.00        19.13         59.08       796.38       211.05     1,007.43       140.64       866.79
6690          1.00         0.00         0.00         0.00         0.00         0.00         0.00         0.00         0.00         0.00         0.00        23.12         40.81       942.78       206.49     1,149.27        24.12     1,125.15
7168          1.00         0.00         0.00         0.00         0.00         0.00         0.00         0.00         0.00         0.00         0.00        26.76         35.53       914.15       214.09     1,128.24        27.76     1,100.48
7786          0.00         0.00         0.00         0.00         0.00         0.00         0.00         0.00         0.00         0.00         0.00         0.00          0.00         0.00         0.00         0.00         0.00         0.00
7971          0.00         0.00         0.00         0.00         0.00         0.00         0.00         0.00         0.00         0.00         0.00         0.00          0.00         0.00         0.00         0.00         0.00         0.00
7980          1.00         0.00         0.00         0.00         0.00         0.00       146.75         0.00         0.00         0.00         0.00        25.03         29.55     1,135.91       180.21     1,316.12       172.78     1,143.34
4314          1.00         0.00         0.00         0.00         0.00         0.00         0.00         0.00         0.00       175.85         0.00        48.63          0.00     2,102.80       393.60     2,496.40       225.48     2,270.92
7935          0.00         0.00         0.00         0.00         0.00         0.00         0.00         0.00         0.00         0.00         0.00         0.00          0.00         0.00         0.00         0.00         0.00         0.00
7988          1.00         0.00         0.00         0.00         0.00         0.00         0.00         0.00         0.00         0.00         0.00        13.32         22.65       695.55       154.52       850.07        14.32       835.75
7848          1.00         0.00       100.00         0.00         0.00         0.00         0.00         0.00         0.00         0.00         0.00        20.35         36.43       900.01       195.27     1,095.28       121.35       973.93
7632          1.00         0.00         0.00         0.00         0.00         0.00         0.00         0.00         0.00         0.00         0.00        28.01         32.02     1,023.59       268.51     1,292.10        29.01     1,263.09
7873          1.00         0.00         0.00         0.00         0.00         0.00         0.00         0.00         0.00         0.00         0.00        27.77         25.45       910.01       184.29     1,094.30        28.77     1,065.53
6504          0.00         0.00         0.00         0.00         0.00         0.00         0.00         0.00         0.00         0.00         0.00         0.00          0.00         0.00         0.00         0.00         0.00         0.00
7905          0.00         0.00         0.00         0.00         0.00         0.00         0.00         0.00         0.00         0.00         0.00         0.00          0.00         0.00         0.00         0.00         0.00         0.00
7801          1.00         0.00         0.00         0.00         0.00         0.00       120.51         0.00         0.00         0.00         0.00        19.87         59.08       796.38       159.55       955.93       141.38       814.55
7918          0.00         0.00         0.00         0.00         0.00         0.00         0.00         0.00         0.00         0.00         0.00         0.00          0.00         0.00         0.00         0.00         0.00         0.00
7061          1.00         0.00         0.00         0.00         0.00         0.00         0.00         0.00         0.00         0.00         0.00        28.40          6.93     1,144.45       170.84     1,315.29        29.40     1,285.89
7847          1.00         0.00         0.00         0.00         0.00         0.00         0.00         0.00         0.00         0.00         0.00        24.88         51.63       861.38       171.85     1,033.23        25.88     1,007.35
7633          1.00         0.00         0.00         0.00         0.00         0.00         0.00         0.00         0.00         0.00         0.00        27.07         45.58       917.03       185.51     1,102.54        28.07     1,074.47
7906          0.00         0.00         0.00         0.00         0.00         0.00         0.00         0.00         0.00         0.00         0.00         0.00          0.00         0.00         0.00         0.00         0.00         0.00
7984          1.00         0.00         0.00         0.00         0.00         0.00         0.00         0.00         0.00         3.12         0.00        27.97          0.00     1,236.79       180.28     1,417.07        32.09     1,384.98
7914          1.00         0.00         0.00         0.00         0.00         0.00         0.00         0.00         0.00         0.00         0.00        22.06         38.26       871.38       158.48     1,029.86        23.06     1,006.80
2897          1.00         0.00         0.00         0.00         0.00         0.00         0.00         0.00         0.00         0.00         0.00        21.89         16.60       991.40       182.28     1,173.68        22.89     1,150.79
7981          0.00         0.00         0.00         0.00         0.00         0.00         0.00         0.00         0.00         0.00         0.00         0.00          0.00         0.00         0.00         0.00         0.00         0.00
7614          1.00         0.00         0.00         0.00         0.00         0.00         0.00         0.00         0.00        16.51         0.00        34.01          0.00     1,295.66       189.70     1,485.36        51.52     1,433.84
3318          1.00         0.00         0.00         0.00         0.00       510.55         0.00         0.00         0.00       217.47         0.00        70.51          0.00     2,411.11       313.42     2,724.53       799.53     1,925.00
7804          1.00         0.00         0.00         0.00         0.00         0.00         0.00         0.00         0.00        69.25         0.00        38.29          0.00     1,617.43       285.91     1,903.34       108.54     1,794.80
6083          1.00         0.00         0.00         0.00         0.00         0.00         0.00         0.00         0.00         9.50         0.00        29.01          0.00     1,144.31       289.54     1,433.85        39.51     1,394.34
6766          1.00         0.00         0.00         0.00         0.00         0.00         0.00         0.00         0.00         0.00         0.00        26.99          8.00     1,134.45       171.91     1,306.36        27.99     1,278.37
7982          1.00         0.00         0.00         0.00         0.00         0.00         0.00         0.00         0.00         7.95         0.00        27.97          0.00     1,268.15       211.63     1,479.78        36.92     1,442.86
4137          1.00         0.00         0.00         0.00         0.00         0.00         0.00         0.00         0.00       371.81         0.00        88.97          0.00     3,135.04       482.40     3,617.44       461.78     3,155.66
7913          1.00         0.00         0.00         0.00         0.00         0.00         0.00         0.00         0.00         0.00         0.00        20.79         29.66       871.38       149.88     1,021.26        21.79       999.47
7542          1.00         0.00         0.00         0.00         0.00         0.00         0.00         0.00         0.00        34.88         0.00        27.83          0.00     1,377.65       204.31     1,581.96        63.71     1,518.25
3780          1.00         0.00         0.00         0.00         0.00         0.00         0.00         0.00         0.00       130.66         0.00        43.02          0.00     1,721.29       353.74     2,075.03       174.68     1,900.35
7969          0.00         0.00         0.00         0.00         0.00         0.00         0.00         0.00         0.00         0.00         0.00         0.00          0.00         0.00         0.00         0.00         0.00         0.00
6205          1.00         0.00         0.00         0.00         0.00         0.00         0.00         0.00         0.00         8.41         0.00        24.05          0.00     1,134.31       238.04     1,372.35        33.46     1,338.89
5027          1.00         0.00         0.00         0.00         0.00         0.00         0.00         0.00         0.00         0.00         0.00        35.49         97.93     1,230.04       240.97     1,471.01        36.49     1,434.52
7949          1.00         0.00         0.00         0.00         0.00         0.00         0.00         0.00         0.00         0.00         0.00        22.83         29.66       871.38       149.88     1,021.26        23.83       997.43
7818          1.00         0.00         0.00         0.00         0.00         0.00         0.00         0.00         0.00        63.80         0.00        29.06          0.00     1,804.04       143.04     1,947.08        93.86     1,853.22
7815          1.00         0.00         0.00         0.00         0.00         0.00       144.20         0.00         0.00        53.00         0.00        23.64          0.00     1,688.30       199.17     1,887.47       221.84     1,665.63
6839          1.00         0.00         0.00         0.00         0.00         0.00         0.00         0.00         0.00         0.00         0.00        24.24         15.20     1,004.28       232.38     1,236.66        25.24     1,211.42

















































EJECUTIVOS EN SERVICIOS DE ALIMENTOS, S.A. DE C.V.                                                                      Pagina: 0003
R.F.C.:                                                                                                                    2/NOV/19
REPORTE DE SUELDOS SEMANALES DEDUCCIONES


 
Codigo Desc Vales   Desc Zapatos Otras Deducc Desc Fonacot Pension Alim Desc Infonav Faltas       Inca Enferme Inca Riesgo  ISPT         Ajus ISPT    IMSS          Sub P/Empleo Tot Per Grav Tot Per Exce Total Percep Total Deducc Neto Pagado
..........................................................................................................................................................................................................................................
5646          1.00         0.00         0.00         0.00         0.00         0.00         0.00         0.00         0.00         0.00         0.00        28.14         35.52       991.40       201.20     1,192.60        29.14     1,163.46
7708          1.00         0.00         0.00         0.00         0.00         0.00         0.00         0.00         0.00         0.00         0.00        23.04        132.31       914.15       259.37     1,173.52        24.04     1,149.48
7985          1.00         0.00         0.00         0.00         0.00         0.00         0.00         0.00         0.00         0.00         0.00        18.65         27.33     1,042.16       147.55     1,189.71        19.65     1,170.06
7869          1.00         0.00         0.00         0.00         0.00         0.00         0.00         0.00         0.00         0.00         0.00        23.81         33.11       954.06       168.15     1,122.21        24.81     1,097.40
7882          1.00         0.00         0.00         0.00         0.00         0.00         0.00         0.00         0.00         0.00         0.00        19.77         38.90       861.38       159.12     1,020.50        20.77       999.73
7973          1.00         0.00         0.00         0.00         0.00       212.95         0.00         0.00         0.00         0.00         0.00        18.65         44.93       861.38       165.15     1,026.53       232.60       793.93
5679          1.00         0.00         0.00         0.00         0.00         0.00         0.00         0.00         0.00       259.77         0.00        37.71          0.00     2,616.00       338.80     2,954.80       298.48     2,656.32
7892          1.00         0.00        10.00         0.00         0.00         0.00         0.00         0.00         0.00         0.00         0.00        28.36         20.93     1,014.04       163.97     1,178.01        39.36     1,138.65
7530          1.00         0.00         0.00         0.00         0.00         0.00         0.00         0.00         0.00         0.00         0.00        27.71         36.92       978.53       228.35     1,206.88        28.71     1,178.17
6028          1.00         0.00         0.00         0.00         0.00       407.29         0.00         0.00         0.00         0.00         0.00        31.58         49.75     1,444.81       346.01     1,790.82       439.87     1,350.95
6565          0.00         0.00         0.00         0.00         0.00         0.00         0.00         0.00         0.00         0.00         0.00         0.00          0.00         0.00         0.00         0.00         0.00         0.00
3676          1.00         0.00         0.00         0.00         0.00         0.00         0.00         0.00         0.00        59.55         0.00        38.00          0.00     1,604.34       338.80     1,943.14        98.55     1,844.59
3221          1.00        56.00         0.00         0.00         0.00         0.00         0.00         0.00         0.00        50.34         0.00        33.20          0.00     1,519.69       311.82     1,831.51       140.54     1,690.97
7741          1.00        56.00         0.00         0.00         0.00         0.00         0.00         0.00         0.00         0.00         0.00        21.44         24.69       917.03       164.62     1,081.65        78.44     1,003.21
7779          1.00         0.00         0.00         0.00         0.00         0.00         0.00         0.00         0.00        16.99         0.00        37.38          0.00     1,213.18       277.74     1,490.92        55.37     1,435.55
7942          1.00         0.00         0.00         0.00         0.00         0.00       144.20         0.00         0.00         0.00         0.00        17.81         37.82       926.80       133.99     1,060.79       163.01       897.78
7845          1.00         0.00         0.00         0.00         0.00         0.00         0.00         0.00         0.00         0.00         0.00        40.88         95.33     1,254.04       238.37     1,492.41        41.88     1,450.53
7920          1.00         0.00         0.00         0.00         0.00         0.00       144.20         0.00         0.00         0.00         0.00        18.43         45.76       811.05       167.68       978.73       163.63       815.10
2522          1.00         0.00         0.00         0.00         0.00         0.00         0.00         0.00         0.00         0.00         0.00        28.06         33.47       946.34       192.71     1,139.05        29.06     1,109.99
7938          1.00         0.00         0.00         0.00         0.00         0.00         0.00         0.00         0.00         0.00         0.00        20.02         35.01       871.38       155.23     1,026.61        21.02     1,005.59
0236          1.00         0.00         0.00         0.00         0.00       533.49         0.00         0.00         0.00       190.43         0.00        58.53          0.00     2,179.88       474.56     2,654.44       783.45     1,870.99
7080          1.00         0.00         0.00         0.00         0.00         0.00         0.00         0.00         0.00       232.90         0.00        46.61          0.00     2,436.78       340.29     2,777.07       280.51     2,496.56
5965          1.00         0.00         0.00         0.00         0.00         0.00         0.00         0.00         0.00       122.59         0.00        32.45          0.00     1,647.20       308.62     1,955.82       156.04     1,799.78
5447          1.00         0.00         0.00         0.00         0.00         0.00         0.00         0.00         0.00         0.00         0.00        32.14         34.15     1,004.04       177.19     1,181.23        33.14     1,148.09
7932          1.00         0.00         0.00         0.00         0.00         0.00         0.00         0.00         0.00         0.00         0.00        20.84         12.93     1,090.25       236.15     1,326.40        21.84     1,304.56
6685          1.00         0.00         0.00         0.00         0.00         0.00         0.00         0.00         0.00        80.61         0.00        26.48          0.00     1,493.53       242.93     1,736.46       108.09     1,628.37
5549          1.00         0.00         0.00         0.00         0.00         0.00         0.00         0.00         0.00         0.00         0.00        29.95         13.48     1,085.13       192.04     1,277.17        30.95     1,246.22
0854          1.00         0.00         0.00         0.00         0.00       332.71         0.00         0.00         0.00       140.85         0.00        40.03          0.00     1,814.97       385.56     2,200.53       514.59     1,685.94
7295          1.00         0.00         0.00         0.00         0.00         0.00         0.00         0.00         0.00         0.00         0.00        28.47         18.72     1,145.90       184.40     1,330.30        29.47     1,300.83
6832          0.00         0.00         0.00         0.00         0.00         0.00         0.00         0.00         0.00         0.00         0.00         0.00          0.00         0.00         0.00         0.00         0.00         0.00
4807          1.00         0.00         0.00         0.00         0.00         0.00         0.00         0.00         0.00       510.35         0.00       110.77          0.00     3,783.66       586.18     4,369.84       622.12     3,747.72
6821          1.00         0.00         0.00         0.00         0.00         0.00         0.00         0.00         0.00         0.00         0.00        28.81          1.58     1,193.43       187.78     1,381.21        29.81     1,351.40
3169          1.00         0.00         0.00         0.00         0.00         0.00         0.00         0.00         0.00         0.00         0.00        27.21         41.69       952.78       207.37     1,160.15        28.21     1,131.94
7947          1.00         0.00         0.00         0.00         0.00         0.00         0.00         0.00         0.00         0.00         0.00        25.41         29.98     1,042.36       201.70     1,244.06        26.41     1,217.65
4514          1.00         0.00         0.00         0.00         0.00       371.18         0.00         0.00         0.00        23.03         0.00        35.10          0.00     1,355.64       197.70     1,553.34       430.31     1,123.03
6379          1.00         0.00         0.00         0.00         0.00         0.00         0.00         0.00         0.00         0.00         0.00        21.67        115.94     1,064.51       326.28     1,390.79        22.67     1,368.12
7814          1.00         0.00         0.00         0.00         0.00         0.00         0.00         0.00         0.00         0.00         0.00        29.32         34.15     1,004.04       177.19     1,181.23        30.32     1,150.91
7754          1.00         0.00         0.00         0.00         0.00         0.00         0.00         0.00         0.00         0.00         0.00        21.05         29.66       871.38       149.88     1,021.26        22.05       999.21
7717          1.00         0.00         0.00         0.00         0.00         0.00         0.00         0.00         0.00        37.29         0.00        34.95          0.00     1,399.73       283.77     1,683.50        73.24     1,610.26
6014          1.00         0.00         0.00         0.00         0.00         0.00         0.00         0.00         0.00        31.56         0.00        32.33          0.00     1,434.03       276.09     1,710.12        64.89     1,645.23
7775          1.00         0.00         0.00         0.00         0.00         0.00         0.00         0.00         0.00         0.00         0.00        20.49         35.86       912.88       207.58     1,120.46        21.49     1,098.97
3827          1.00         0.00         0.00         0.00         0.00         0.00         0.00         0.00         0.00         4.27         0.00        29.84          0.00     1,054.19       225.16     1,279.35        35.11     1,244.24
7976          1.00         0.00         0.00         0.00         0.00         0.00       144.20         0.00         0.00         0.00         0.00        16.69         56.77       785.30       152.94       938.24       161.89       776.35

















































EJECUTIVOS EN SERVICIOS DE ALIMENTOS, S.A. DE C.V.                                                                      Pagina: 0004
R.F.C.:                                                                                                                    2/NOV/19
REPORTE DE SUELDOS SEMANALES DEDUCCIONES


 
Codigo Desc Vales   Desc Zapatos Otras Deducc Desc Fonacot Pension Alim Desc Infonav Faltas       Inca Enferme Inca Riesgo  ISPT         Ajus ISPT    IMSS          Sub P/Empleo Tot Per Grav Tot Per Exce Total Percep Total Deducc Neto Pagado
..........................................................................................................................................................................................................................................
5412          1.00         0.00         0.00         0.00         0.00         0.00         0.00         0.00         0.00         0.00         0.00        24.62         26.09       904.15       153.15     1,057.30        25.62     1,031.68
4504          1.00         0.00         0.00         0.00         0.00         0.00         0.00         0.00         0.00       244.54         0.00        56.80          0.00     2,518.08       397.92     2,916.00       302.34     2,613.66
7395          1.00         0.00         0.00         0.00         0.00         0.00         0.00         0.00         0.00         0.00         0.00        23.49         35.69       989.81       196.48     1,186.29        24.49     1,161.80
0214          1.00         0.00         0.00         0.00         0.00         0.00         0.00         0.00         0.00       510.35         0.00       110.48          0.00     3,783.66       586.18     4,369.84       621.83     3,748.01
7849          1.00         0.00         0.00         0.00         0.00         0.00         0.00         0.00         0.00         0.00         0.00        27.02         32.31       964.38       255.53     1,219.91        28.02     1,191.89
6321          0.00         0.00         0.00         0.00         0.00         0.00         0.00         0.00         0.00         0.00         0.00         0.00          0.00         0.00         0.00         0.00         0.00         0.00
5232          1.00         0.00         0.00         0.00         0.00         0.00         0.00         0.00         0.00       116.17         0.00        36.63          0.00     1,588.15       284.66     1,872.81       153.80     1,719.01
4958          1.00         0.00         0.00         0.00         0.00         0.00         0.00         0.00         0.00         0.00         0.00        24.82        132.30       914.15       429.53     1,343.68        25.82     1,317.86
7880          1.00         0.00         0.00         0.00         0.00         0.00       120.51         0.00         0.00         0.00         0.00        25.11         37.50     1,093.77       215.22     1,308.99       146.62     1,162.37
3979          1.00         0.00         0.00         0.00         0.00         0.00         0.00         0.00         0.00       420.98         0.00       108.44          0.00     3,365.20       519.23     3,884.43       530.42     3,354.01
7902          1.00         0.00         0.00         0.00         0.00         0.00         0.00         0.00         0.00         2.61         0.00        27.70          0.00     1,080.99       158.84     1,239.83        31.31     1,208.52
0442          1.00         0.00         0.00         0.00         0.00         0.00         0.00         0.00         0.00        48.18         0.00        39.39          0.00     1,499.85       325.27     1,825.12        88.57     1,736.55
7857          1.00         0.00         0.00         0.00         0.00         0.00         0.00         0.00         0.00       147.82         0.00        47.08          0.00     1,879.10       335.14     2,214.24       195.90     2,018.34
7330          0.00         0.00         0.00         0.00         0.00         0.00         0.00         0.00         0.00         0.00         0.00         0.00          0.00         0.00         0.00         0.00         0.00         0.00
7987          1.00         0.00         0.00         0.00         0.00         0.00         0.00         0.00         0.00         0.00         0.00        13.32         28.24       608.10       134.36       742.46        14.32       728.14
7719          1.00         0.00         0.00         0.00         0.00         0.00         0.00         0.00         0.00         0.00         0.00        24.16         43.93       914.15       170.99     1,085.14        25.16     1,059.98
7846          1.00         0.00         0.00         0.00         0.00         0.00         0.00         0.00         0.00         0.00         0.00        24.57         33.06     1,014.04       176.10     1,190.14        25.57     1,164.57
7928          0.00         0.00         0.00         0.00         0.00         0.00         0.00         0.00         0.00         0.00         0.00         0.00          0.00         0.00         0.00         0.00         0.00         0.00
7983          0.00         0.00         0.00         0.00         0.00         0.00         0.00         0.00         0.00         0.00         0.00         0.00          0.00         0.00         0.00         0.00         0.00         0.00
7823          1.00        56.00         0.00         0.00         0.00         0.00         0.00         0.00         0.00         0.00         0.00        20.69         29.66       871.38       149.88     1,021.26        77.69       943.57
7298          1.00         0.00         0.00         0.00         0.00         0.00         0.00         0.00         0.00        55.28         0.00        35.28          0.00     1,565.12       304.51     1,869.63        91.56     1,778.07
7963          1.00         0.00         0.00         0.00         0.00         0.00         0.00         0.00         0.00         0.00         0.00        20.08         24.70       929.32       183.54     1,112.86        21.08     1,091.78
5396          1.00         0.00         0.00         0.00         0.00         0.00         0.00         0.00         0.00         0.00         0.00        28.83         29.00     1,051.38       207.56     1,258.94        29.83     1,229.11
5704          1.00         0.00         0.00         0.00         0.00         0.00         0.00         0.00         0.00        27.46         0.00        33.14          0.00     1,396.31       230.54     1,626.85        61.60     1,565.25
7503          0.00         0.00         0.00         0.00         0.00         0.00       288.40         0.00         0.00         0.00         0.00        18.47         40.48       939.64        66.23     1,005.87       306.87       699.00
7989          1.00         0.00         0.00         0.00         0.00         0.00         0.00         0.00         0.00         0.00         0.00         7.99         31.16       180.27        55.20       235.47         8.99       226.48
7974          0.00         0.00         0.00         0.00         0.00         0.00         0.00         0.00         0.00         0.00         0.00         0.00          0.00         0.00         0.00         0.00         0.00         0.00
7588          1.00         0.00         0.00         0.00         0.00         0.00         0.00         0.00         0.00         0.00         0.00        25.39         27.12     1,068.65       192.80     1,261.45        26.39     1,235.06
7948          1.00         0.00         0.00         0.00         0.00         0.00       120.51         0.00         0.00         0.00         0.00        17.93         44.55       796.38       145.02       941.40       139.44       801.96
7821          1.00         0.00         0.00         0.00         0.00         0.00         0.00         0.00         0.00         0.00         0.00        24.60         33.06     1,014.04       176.10     1,190.14        25.60     1,164.54
5588          1.00         0.00         0.00         0.00         0.00         0.00         0.00         0.00         0.00         0.00         0.00        22.54         43.93       914.15       170.99     1,085.14        23.54     1,061.60
6203          1.00         0.00         0.00         0.00         0.00         0.00         0.00         0.00         0.00        32.73         0.00        35.77          0.00     1,444.85       212.29     1,657.14        69.50     1,587.64
6582          1.00         0.00         0.00         0.00         0.00         0.00         0.00         0.00         0.00         0.00         0.00        21.69         33.14       955.65       211.70     1,167.35        22.69     1,144.66
7392          1.00         0.00         0.00         0.00         0.00         0.00         0.00         0.00         0.00         9.67         0.00        27.03          0.00     1,145.90       165.68     1,311.58        37.70     1,273.88
7226          1.00         0.00         0.00         0.00         0.00         0.00         0.00         0.00         0.00         0.00         0.00        30.22         33.06     1,014.04       176.10     1,190.14        31.22     1,158.92
7885          1.00         0.00         0.00         0.00         0.00         0.00         0.00         0.00         0.00         0.00         0.00        22.13         46.34       910.01       205.18     1,115.19        23.13     1,092.06
3326          1.00         0.00         0.00         0.00         0.00       352.72         0.00         0.00         0.00        47.98         0.00        36.42          0.00     1,498.02       220.48     1,718.50       438.12     1,280.38
7939          1.00         0.00         0.00         0.00         0.00         0.00         0.00         0.00         0.00         0.00         0.00        20.61         27.98     1,032.16       148.20     1,180.36        21.61     1,158.75
0449          1.00         0.00         0.00         0.00         0.00       447.60         0.00         0.00         0.00         0.00         0.00        37.35         94.23     1,264.04       237.27     1,501.31       485.95     1,015.36
6934          1.00         0.00         0.00         0.00         0.00         0.00         0.00         0.00         0.00       342.85         0.00        87.64          0.00     2,999.45       460.71     3,460.16       431.49     3,028.67
7137          1.00         0.00         0.00         0.00         0.00         0.00         0.00         0.00         0.00        53.46         0.00        36.53          0.00     1,548.38       261.90     1,810.28        90.99     1,719.29
7951          1.00         0.00         0.00         0.00         0.00         0.00         0.00         0.00         0.00       153.75         0.00        38.39          0.00     1,950.68       372.80     2,323.48       193.14     2,130.34
7979          1.00         0.00         0.00         0.00         0.00         0.00       144.20         0.00         0.00         0.00         0.00        16.69         50.54       785.30       146.71       932.01       161.89       770.12

















































EJECUTIVOS EN SERVICIOS DE ALIMENTOS, S.A. DE C.V.                                                                      Pagina: 0005
R.F.C.:                                                                                                                    2/NOV/19
REPORTE DE SUELDOS SEMANALES DEDUCCIONES


 
Codigo Desc Vales   Desc Zapatos Otras Deducc Desc Fonacot Pension Alim Desc Infonav Faltas       Inca Enferme Inca Riesgo  ISPT         Ajus ISPT    IMSS          Sub P/Empleo Tot Per Grav Tot Per Exce Total Percep Total Deducc Neto Pagado
..........................................................................................................................................................................................................................................
6682          1.00         0.00       400.00         0.00         0.00         0.00       144.20         0.00         0.00         0.00         0.00        17.72         50.20       785.30       146.37       931.67       562.92       368.75
1269          1.00         0.00         0.00         0.00         0.00         0.00         0.00         0.00         0.00         0.00         0.00        24.33         45.01       904.15       172.07     1,076.22        25.33     1,050.89
7890          1.00         0.00         0.00         0.00         0.00         0.00         0.00         0.00         0.00         0.00         0.00        21.32         23.38       974.38       298.10     1,272.48        22.32     1,250.16
1419          1.00         0.00         0.00         0.00         0.00         0.00         0.00         0.00         0.00       238.14         0.00        38.46          0.00     1,788.09       340.47     2,128.56       277.60     1,850.96
7887          1.00         0.00         0.00         0.00         0.00         0.00       120.51         0.00         0.00         0.00         0.00        19.33         66.75       835.01       205.84     1,040.85       140.84       900.01
3525          1.00         0.00         0.00         0.00         0.00         0.00         0.00         0.00         0.00         0.05         0.00        29.52          0.00     1,144.45       163.91     1,308.36        30.57     1,277.79
6885          1.00         0.00         0.00         0.00         0.00         0.00         0.00         0.00         0.00         0.00         0.00        33.49         98.69     1,223.15       354.50     1,577.65        34.49     1,543.16
7893          1.00         0.00         0.00         0.00         0.00         0.00         0.00         0.00         0.00         0.00         0.00        24.82         29.66       871.38       149.88     1,021.26        25.82       995.44
7907          1.00         0.00         0.00         0.00         0.00         0.00         0.00         0.00         0.00        79.50         0.00        41.74          0.00     1,787.69       318.28     2,105.97       122.24     1,983.73
4775          1.00         0.00         0.00         0.00         0.00         0.00         0.00         0.00         0.00         1.92         0.00        27.55          0.00     1,161.65       345.93     1,507.58        30.47     1,477.11
4832          1.00         0.00         0.00         0.00         0.00         0.00         0.00         0.00         0.00         0.00         0.00        21.86         43.93       914.15       170.99     1,085.14        22.86     1,062.28
7824          1.00        56.00         0.00         0.00         0.00         0.00         0.00         0.00         0.00         0.00         0.00        20.69         29.66       871.38       149.88     1,021.26        77.69       943.57
3321          1.00         0.00         0.00         0.00         0.00         0.00         0.00         0.00         0.00       202.10         0.00        62.57          0.00     2,258.92       273.59     2,532.51       265.67     2,266.84
7965          1.00         0.00         0.00         0.00         0.00         0.00         0.00         0.00         0.00        11.18         0.00        34.53          0.00     1,246.79       180.28     1,427.07        46.71     1,380.36
2112          0.00         0.00         0.00         0.00         0.00         0.00         0.00         0.00         0.00         0.00         0.00         0.00          0.00         0.00         0.00         0.00         0.00         0.00
0624          1.00         0.00         0.00         0.00         0.00         0.00         0.00         0.00         0.00       149.03         0.00        52.14          0.00     1,921.18       289.78     2,210.96       202.17     2,008.79
6877          1.00         0.00         0.00       194.15         0.00         0.00         0.00         0.00         0.00         0.00         0.00        27.44          3.27     1,134.45       167.18     1,301.63       222.59     1,079.04
4385          1.00         0.00         0.00         0.00         0.00         0.00         0.00         0.00         0.00        48.73         0.00        35.82          0.00     1,504.95       199.19     1,704.14        85.55     1,618.59
0366          1.00         0.00       169.00         0.00         0.00         0.00         0.00         0.00         0.00       404.75         0.00        87.52          0.00     3,289.23       751.14     4,040.37       662.27     3,378.10
7917          0.00         0.00         0.00         0.00         0.00         0.00       120.51         0.00         0.00         0.00         0.00        19.12         58.92       896.85        58.92       955.77       139.63       816.14
6206          1.00         0.00         0.00         0.00         0.00         0.00         0.00         0.00         0.00       201.34         0.00        36.03          0.00     2,254.68       308.62     2,563.30       238.37     2,324.93
7618          1.00         0.00         0.00         0.00         0.00         0.00       120.51         0.00         0.00         0.00         0.00        24.39         53.58       960.88       269.19     1,230.07       145.90     1,084.17
 
*** GLO     173.00       224.00     1,095.50       556.25         0.00     5,790.34     2,411.18       361.53         0.00     8,457.53         0.00     5,576.09      4,232.49   228,724.16                270,921.71    24,645.42   246,276.29
  



































































