EJECUTIVOS EN SERVICIOS DE ALIMENTOS, S.A. DE C.V.                                                                      Pagina: 0001
R.F.C.:                                                                                                                    2/NOV/19
REPORTE DE SUELDOS SEMANALES DEDUCCIONES


 
Codigo Desc Vales   Desc Zapatos Otras Deducc Desc Fonacot Pension Alim Desc Infonav Faltas       Inca Enferme Inca Riesgo  ISPT         Ajus ISPT    IMSS          Sub P/Empleo Tot Per Grav Tot Per Exce Total Percep Total Deducc Neto Pagado
..........................................................................................................................................................................................................................................
7879          1.00         0.00         0.00         0.00         0.00         0.00         0.00         0.00         0.00         0.00         0.00        18.65         38.27       871.38       158.49     1,029.87        19.65     1,010.22
7505          0.00         0.00         0.00         0.00         0.00         0.00         0.00         0.00         0.00         0.00         0.00         0.00          0.00         0.00         0.00         0.00         0.00         0.00
6600          1.00         0.00         0.00         0.00         0.00         0.00         0.00         0.00         0.00         0.00         0.00        21.14         22.65     1,058.65       293.94     1,352.59        22.14     1,330.45
7685          1.00         0.00         0.00         0.00         0.00         0.00         0.00         0.00         0.00         0.00         0.00        28.10         35.52       914.15       162.58     1,076.73        29.10     1,047.63
7331          1.00         0.00         0.00         0.00         0.00         0.00         0.00         0.00         0.00         0.00         0.00        23.71         18.98     1,093.86       242.20     1,336.06        24.71     1,311.35
5933          1.00         0.00         0.00         0.00         0.00         0.00         0.00         0.00         0.00         0.00         0.00        28.08         21.61     1,030.03       187.29     1,217.32        29.08     1,188.24
7170          1.00         0.00         0.00         0.00         0.00         0.00         0.00         0.00         0.00         0.00         0.00        31.77         35.53       914.15       162.59     1,076.74        32.77     1,043.97
5201          1.00         0.00         0.00         0.00         0.00       312.81         0.00         0.00         0.00        47.98         0.00        37.95          0.00     1,498.02       220.48     1,718.50       399.74     1,318.76
3890          1.00         0.00         0.00         0.00         0.00         0.00         0.00         0.00         0.00       178.37         0.00        54.71          0.00     2,104.51       319.12     2,423.63       234.08     2,189.55
7834          1.00         0.00         0.00         0.00         0.00         0.00         0.00         0.00         0.00         0.00         0.00        23.59         22.63     1,014.04       165.67     1,179.71        24.59     1,155.12
7851          1.00         0.00         0.00         0.00         0.00         0.00         0.00         0.00         0.00         0.00         0.00        18.65         38.26       871.38       158.48     1,029.86        19.65     1,010.21
3652          1.00         0.00         0.00         0.00         0.00       326.56       180.07         0.00         0.00       109.96         0.00        45.86          0.00     1,744.60       384.61     2,129.21       663.45     1,465.76
1123          1.00         0.00         0.00         0.00         0.00         0.00         0.00         0.00         0.00        23.03         0.00        50.44          0.00     1,355.64       197.70     1,553.34        74.47     1,478.87
4044          1.00         0.00         0.00         0.00         0.00         0.00         0.00         0.00         0.00        17.59         0.00        33.04          0.00     1,305.66       252.41     1,558.07        51.63     1,506.44
7593          1.00         0.00         0.00         0.00         0.00         0.00         0.00         0.00         0.00         0.00         0.00        27.71          0.96     1,149.51       192.39     1,341.90        28.71     1,313.19
7865          1.00         0.00         0.00         0.00         0.00         0.00         0.00         0.00         0.00         0.00         0.00        18.65         34.15       935.76       218.74     1,154.50        19.65     1,134.85
7259          1.00         0.00         0.00         0.00         0.00         0.00         0.00         0.00         0.00         0.00         0.00        22.34         36.17       904.15       163.23     1,067.38        23.34     1,044.04
7312          1.00         0.00         0.00         0.00         0.00         0.00         0.00         0.00         0.00         0.00         0.00        23.16         32.33       964.06       167.37     1,131.43        24.16     1,107.27
7338          1.00         0.00         0.00         0.00         0.00         0.00         0.00         0.00         0.00         0.00         0.00        24.12         22.64     1,014.04       165.68     1,179.72        25.12     1,154.60
5677          1.00         0.00         0.00         0.00         0.00         0.00         0.00         0.00         0.00        74.21         0.00        39.02          0.00     1,565.14       479.91     2,045.05       114.23     1,930.82
7737          1.00         0.00         0.00         0.00         0.00         0.00         0.00         0.00         0.00         0.00         0.00        20.88         31.82       972.04       158.88     1,130.92        21.88     1,109.04
6210          0.00         0.00         0.00         0.00         0.00         0.00         0.00         0.00         0.00         0.00         0.00         0.00          0.00         0.00         0.00         0.00         0.00         0.00
6213          1.00         0.00         0.00         0.00         0.00         0.00         0.00         0.00         0.00         0.00         0.00        25.36         29.21     1,016.92       185.12     1,202.04        26.36     1,175.68
7812          1.00         0.00         0.00         0.00         0.00         0.00         0.00         0.00         0.00         0.00         0.00        22.68         35.53       914.15       162.59     1,076.74        23.68     1,053.06
0849          1.00         0.00         0.00         0.00         0.00         0.00         0.00         0.00         0.00         0.00         0.00        28.63         12.83     1,089.04       155.87     1,244.91        29.63     1,215.28
7536          1.00         0.00         0.00         0.00         0.00         0.00         0.00         0.00         0.00         0.00         0.00        21.25         31.22       981.40       235.53     1,216.93        22.25     1,194.68
7430          1.00         0.00         0.00         0.00         0.00         0.00         0.00         0.00         0.00       214.15         0.00        69.76          0.00     2,328.16       477.71     2,805.87       284.91     2,520.96
5181          1.00         0.00        10.00         0.00         0.00         0.00         0.00         0.00         0.00         0.00         0.00        21.71         33.88       939.90       186.69     1,126.59        32.71     1,093.88
7655          1.00         0.00         0.00         0.00         0.00         0.00         0.00         0.00         0.00         0.00         0.00        23.60         31.23       981.40       235.54     1,216.94        24.60     1,192.34
7057          1.00         0.00         0.00         0.00         0.00         0.00         0.00         0.00         0.00         0.00         0.00        25.00         21.43     1,032.88       161.36     1,194.24        26.00     1,168.24
5558          1.00         0.00         0.00         0.00         0.00         0.00         0.00         0.00         0.00         4.55         0.00        30.74          0.00     1,235.79       258.91     1,494.70        36.29     1,458.41
4746          1.00         0.00         0.00         0.00         0.00       344.19         0.00         0.00         0.00        25.87         0.00        34.99          0.00     1,381.79       180.28     1,562.07       406.05     1,156.02
7663          1.00         0.00         0.00         0.00         0.00         0.00         0.00         0.00         0.00         0.00         0.00        27.30          8.73     1,125.72       128.95     1,254.67        28.30     1,226.37
7407          1.00         0.00         0.00         0.00         0.00         0.00         0.00         0.00         0.00        12.23         0.00        30.08          0.00     1,326.15       230.06     1,556.21        43.31     1,512.90
7828          1.00         0.00         0.00         0.00         0.00         0.00         0.00         0.00         0.00         0.00         0.00        22.14         32.42       964.06       167.46     1,131.52        23.14     1,108.38
7773          1.00         0.00         0.00         0.00         0.00         0.00       120.51         0.00         0.00         0.00         0.00        19.76         38.69       906.25       222.12     1,128.37       141.27       987.10
7839          1.00         0.00         0.00         0.00         0.00         0.00         0.00         0.00         0.00       177.54         0.00        53.71          0.00     2,114.51       319.12     2,433.63       232.25     2,201.38
1424          1.00         0.00         0.00         0.00         0.00       466.38         0.00         0.00         0.00       277.55         0.00        96.37          0.00     2,679.97       409.59     3,089.56       841.30     2,248.26
5280          1.00         0.00         0.00       362.10         0.00       435.11         0.00         0.00         0.00       152.32         0.00        48.39          0.00     1,920.48       289.67     2,210.15       998.92     1,211.23
7742          1.00         0.00         0.00         0.00         0.00         0.00         0.00         0.00         0.00         0.00         0.00        20.89         36.17       904.15       163.23     1,067.38        21.89     1,045.49
7883          1.00         0.00         0.00         0.00         0.00         0.00         0.00         0.00         0.00         0.00         0.00        20.95         30.68       989.81       191.47     1,181.28        21.95     1,159.33
7894          1.00         0.00         0.00         0.00         0.00         0.00         0.00         0.00         0.00         0.00         0.00        10.66         28.95       436.76        89.23       525.99        11.66       514.33
7853          1.00         0.00         0.00         0.00         0.00         0.00         0.00         0.00         0.00         0.00         0.00        18.65         38.26       871.38       209.98     1,081.36        19.65     1,061.71

















































EJECUTIVOS EN SERVICIOS DE ALIMENTOS, S.A. DE C.V.                                                                      Pagina: 0002
R.F.C.:                                                                                                                    2/NOV/19
REPORTE DE SUELDOS SEMANALES DEDUCCIONES


 
Codigo Desc Vales   Desc Zapatos Otras Deducc Desc Fonacot Pension Alim Desc Infonav Faltas       Inca Enferme Inca Riesgo  ISPT         Ajus ISPT    IMSS          Sub P/Empleo Tot Per Grav Tot Per Exce Total Percep Total Deducc Neto Pagado
..........................................................................................................................................................................................................................................
6461          1.00         0.00       250.00         0.00         0.00         0.00         0.00         0.00         0.00         5.09         0.00        30.67          0.00     1,190.73       281.31     1,472.04       286.76     1,185.28
6765          1.00         0.00       300.00         0.00         0.00         0.00         0.00         0.00         0.00         4.11         0.00        37.06          0.00     1,355.64       197.70     1,553.34       342.17     1,211.17
5000          1.00         0.00         0.00         0.00         0.00         0.00         0.00         0.00         0.00         4.80         0.00        30.46          0.00     1,188.13       170.90     1,359.03        36.26     1,322.77
5644          1.00         0.00       150.00         0.00         0.00       337.88         0.00         0.00         0.00        27.86         0.00        29.88          0.00     1,399.97       296.26     1,696.23       546.62     1,149.61
6638          1.00         0.00         0.00         0.00         0.00         0.00         0.00         0.00         0.00         0.00         0.00        22.14         35.53       914.15       162.59     1,076.74        23.14     1,053.60
7878          0.00         0.00         0.00         0.00         0.00         0.00       241.02         0.00         0.00         0.00         0.00        14.72         40.68     1,016.18        79.30     1,095.48       255.74       839.74
7800          1.00         0.00         0.00         0.00         0.00         0.00         0.00         0.00         0.00         0.00         0.00        20.31         32.32       964.38       255.54     1,219.92        21.31     1,198.61
6690          1.00         0.00         0.00         0.00         0.00         0.00         0.00         0.00         0.00         0.00         0.00        22.39         36.16       904.15       333.39     1,237.54        23.39     1,214.15
7168          1.00         0.00         0.00         0.00         0.00         0.00         0.00         0.00         0.00         0.00         0.00        29.85         35.53       914.15       214.09     1,128.24        30.85     1,097.39
7786          1.00         0.00         0.00         0.00         0.00         0.00         0.00         0.00         0.00         0.00         0.00        20.19         38.90       861.38       159.12     1,020.50        21.19       999.31
4314          1.00         0.00         0.00         0.00         0.00         0.00         0.00         0.00         0.00       176.87         0.00        60.16          0.00     2,095.15       385.95     2,481.10       238.03     2,243.07
7848          1.00         0.00         0.00         0.00         0.00         0.00         0.00         0.00         0.00         0.00         0.00        18.65         18.48     1,032.36       138.70     1,171.06        19.65     1,151.41
7632          1.00         0.00         0.00         0.00         0.00         0.00         0.00         0.00         0.00         0.00         0.00        27.19         25.65     1,068.65       268.58     1,337.23        28.19     1,309.04
7881          0.00         0.00         0.00         0.00         0.00         0.00         0.00         0.00         0.00         0.00         0.00         0.00          0.00         0.00         0.00         0.00         0.00         0.00
7873          1.00         0.00         0.00         0.00         0.00         0.00         0.00         0.00         0.00         0.00         0.00        18.65         38.27       871.38       158.49     1,029.87        19.65     1,010.22
6504          0.00         0.00         0.00         0.00         0.00         0.00         0.00         0.00         0.00         0.00         0.00         0.00          0.00         0.00         0.00         0.00         0.00         0.00
7801          1.00         0.00         0.00         0.00         0.00         0.00         0.00         0.00         0.00         0.00         0.00        21.88         38.26       871.38       158.48     1,029.86        22.88     1,006.98
7604          1.00         0.00         0.00         0.00         0.00         0.00         0.00         0.00         0.00         0.00         0.00        22.47         35.53       914.15       162.59     1,076.74        23.47     1,053.27
7061          1.00         0.00        10.00         0.00         0.00         0.00         0.00         0.00         0.00         0.05         0.00        37.07          0.00     1,144.45       163.91     1,308.36        48.12     1,260.24
7847          1.00         0.00         0.00         0.00         0.00         0.00         0.00         0.00         0.00         0.00         0.00        18.65         38.90       861.38       159.12     1,020.50        19.65     1,000.85
7884          1.00         0.00         0.00         0.00         0.00         0.00         0.00         0.00         0.00       157.88         0.00        39.88          0.00     1,971.47       440.80     2,412.27       198.76     2,213.51
7633          1.00         0.00         0.00         0.00         0.00         0.00         0.00         0.00         0.00         0.00         0.00        24.05         42.91       904.15       169.97     1,074.12        25.05     1,049.07
2897          1.00         0.00         0.00         0.00         0.00         0.00       144.20         0.00         0.00         0.00         0.00        18.72         44.97       819.52       146.62       966.14       163.92       802.22
7871          1.00         0.00         0.00         0.00         0.00         0.00         0.00         0.00         0.00         0.00         0.00        18.65         31.77       925.76       216.36     1,142.12        19.65     1,122.47
7558          1.00         0.00         0.00         0.00         0.00         0.00       120.51         0.00         0.00        72.01         0.00        21.56          0.00     1,711.86       327.85     2,039.71       215.08     1,824.63
6360          0.00         0.00         0.00         0.00         0.00         0.00         0.00         0.00         0.00         0.00         0.00         0.00          0.00         0.00         0.00         0.00         0.00         0.00
7614          1.00         0.00         0.00         0.00         0.00         0.00         0.00         0.00       685.55         0.00         0.00        12.88        115.30       956.50       176.96     1,133.46       699.43       434.03
3318          1.00         0.00         0.00         0.00         0.00       510.55         0.00         0.00         0.00       191.06         0.00        60.38          0.00     2,183.88       313.42     2,497.30       762.99     1,734.31
7804          1.00         0.00         0.00         0.00         0.00         0.00         0.00         0.00         0.00        55.18         0.00        39.55          0.00     1,564.18       232.66     1,796.84        95.73     1,701.11
5139          1.00         0.00         0.00         0.00         0.00       774.43         0.00         0.00         0.00       279.00         0.00        84.29          0.00     2,688.09       343.88     3,031.97     1,138.72     1,893.25
6083          1.00         0.00         0.00         0.00         0.00         0.00         0.00         0.00         0.00         0.00         0.00        30.59         11.66     1,079.94       314.07     1,394.01        31.59     1,362.42
6766          1.00         0.00         0.00         0.00         0.00         0.00         0.00         0.00         0.00         0.00         0.00        26.68          4.67     1,165.06       199.18     1,364.24        27.68     1,336.56
7888          1.00         0.00         0.00         0.00         0.00         0.00         0.00         0.00         0.00         0.00         0.00        18.65         38.26       871.38       209.98     1,081.36        19.65     1,061.71
4137          1.00         0.00         0.00         0.00         0.00         0.00         0.00         0.00         0.00       451.20         0.00       137.60          0.00     3,506.70       882.68     4,389.38       589.80     3,799.58
7542          1.00         0.00         0.00         0.00         0.00         0.00         0.00         0.00         0.00         0.00         0.00        27.44          1.19     1,145.90       166.87     1,312.77        28.44     1,284.33
7756          0.00         0.00         0.00         0.00         0.00         0.00       576.80         0.00         0.00         0.00         0.00        14.41         82.91       808.36       108.66       917.02       591.21       325.81
3780          1.00         0.00         0.00         0.00         0.00         0.00         0.00         0.00         0.00       263.62         0.00        39.04          0.00     1,870.23       361.58     2,231.81       303.66     1,928.15
6205          1.00         0.00         0.00         0.00         0.00         0.00         0.00         0.00         0.00         0.00         0.00        24.81         31.51       976.94       179.42     1,156.36        25.81     1,130.55
5027          1.00         0.00         0.00         0.00         0.00         0.00         0.00         0.00         0.00         9.37         0.00        34.61          0.00     1,230.04       143.04     1,373.08        44.98     1,328.10
7791          0.00         0.00         0.00         0.00         0.00         0.00         0.00         0.00         0.00         0.00         0.00         0.00          0.00         0.00         0.00         0.00         0.00         0.00
7818          1.00         0.00         0.00         0.00         0.00         0.00         0.00         0.00         0.00         0.00         0.00        24.46         23.27     1,004.04       166.31     1,170.35        25.46     1,144.89
7815          1.00         0.00         0.00         0.00         0.00         0.00         0.00         0.00         0.00         0.00         0.00        19.81         38.90       861.38       159.12     1,020.50        20.81       999.69
6839          1.00         0.00         0.00         0.00         0.00         0.00         0.00         0.00         0.00         0.00         0.00        26.78         30.58       991.40       234.89     1,226.29        27.78     1,198.51

















































EJECUTIVOS EN SERVICIOS DE ALIMENTOS, S.A. DE C.V.                                                                      Pagina: 0003
R.F.C.:                                                                                                                    2/NOV/19
REPORTE DE SUELDOS SEMANALES DEDUCCIONES


 
Codigo Desc Vales   Desc Zapatos Otras Deducc Desc Fonacot Pension Alim Desc Infonav Faltas       Inca Enferme Inca Riesgo  ISPT         Ajus ISPT    IMSS          Sub P/Empleo Tot Per Grav Tot Per Exce Total Percep Total Deducc Neto Pagado
..........................................................................................................................................................................................................................................
5646          1.00         0.00         0.00         0.00         0.00         0.00         0.00         0.00         0.00         0.00         0.00        28.05         35.53       914.15       162.59     1,076.74        29.05     1,047.69
7708          1.00         0.00         0.00         0.00         0.00         0.00         0.00         0.00         0.00         0.00         0.00        22.45         35.53       914.15       162.59     1,076.74        23.45     1,053.29
7869          1.00         0.00         0.00         0.00         0.00         0.00       120.51         0.00         0.00         0.00         0.00        18.75         40.08       886.72       165.81     1,052.53       140.26       912.27
7882          1.00         0.00         0.00         0.00         0.00         0.00         0.00         0.00         0.00         0.00         0.00        18.65         43.88       887.13       189.85     1,076.98        19.65     1,057.33
5679          1.00         0.00         0.00         0.00         0.00         0.00         0.00         0.00         0.00        23.03         0.00        37.68          0.00     1,355.64       197.70     1,553.34        61.71     1,491.63
7892          1.00         0.00         0.00         0.00         0.00         0.00         0.00         0.00         0.00         0.00         0.00        22.19         29.13     1,014.04       172.17     1,186.21        23.19     1,163.02
7530          1.00         0.00         0.00         0.00         0.00         0.00         0.00         0.00         0.00         0.00         0.00        26.42         26.88     1,049.34       269.81     1,319.15        27.42     1,291.73
6028          1.00         0.00         0.00         0.00         0.00       407.29         0.00         0.00         0.00         4.05         0.00        34.39          0.00     1,355.13       356.04     1,711.17       446.73     1,264.44
6565          1.00         0.00         0.00         0.00         0.00         0.00         0.00         0.00         0.00         0.00         0.00        28.49         35.67       914.15       162.73     1,076.88        29.49     1,047.39
7753          1.00         0.00         0.00         0.00         0.00         0.00         0.00         0.00         0.00         0.00         0.00        30.07         22.45     1,016.92       178.36     1,195.28        31.07     1,164.21
3676          1.00         0.00         0.00         0.00         0.00         0.00         0.00         0.00         0.00       236.06         0.00        37.38          0.00     1,768.96       338.80     2,107.76       274.44     1,833.32
3221          1.00         0.00         0.00         0.00         0.00         0.00         0.00         0.00         0.00        20.28         0.00        33.33          0.00     1,330.33       266.98     1,597.31        54.61     1,542.70
7741          1.00         0.00         0.00         0.00         0.00         0.00         0.00         0.00         0.00         0.00         0.00        20.89         36.16       904.15       163.22     1,067.37        21.89     1,045.48
7779          1.00         0.00         0.00         0.00         0.00         0.00         0.00         0.00         0.00         0.00         0.00        27.37          9.01     1,121.37       194.93     1,316.30        28.37     1,287.93
7269          0.00         0.00         0.00         0.00         0.00         0.00         0.00         0.00         0.00         0.00         0.00         0.00          0.00         0.00         0.00         0.00         0.00         0.00
7844          0.00         0.00         0.00         0.00         0.00         0.00         0.00         0.00         0.00         0.00         0.00         0.00          0.00         0.00         0.00         0.00         0.00         0.00
7876          0.00         0.00         0.00         0.00         0.00         0.00         0.00         0.00         0.00         0.00         0.00         0.00          0.00         0.00         0.00         0.00         0.00         0.00
7845          1.00         0.00       300.00         0.00         0.00         0.00         0.00         0.00         0.00        18.51         0.00        22.22          0.00     1,314.04       194.54     1,508.58       341.73     1,166.85
2522          1.00         0.00         0.00         0.00         0.00         0.00         0.00         0.00         0.00         0.00         0.00        28.25          1.19     1,145.90       244.12     1,390.02        29.25     1,360.77
7875          1.00         0.00         0.00         0.00         0.00         0.00         0.00         0.00         0.00         0.00         0.00        18.65         38.27       871.38       209.99     1,081.37        19.65     1,061.72
0236          1.00         0.00         0.00         0.00         0.00       533.49         0.00         0.00         0.00       175.08         0.00        68.68          0.00     2,083.99       378.67     2,462.66       778.25     1,684.41
7080          1.00         0.00         0.00         0.00         0.00         0.00         0.00         0.00         0.00       108.72         0.00        41.52          0.00     1,882.35       403.00     2,285.35       151.24     2,134.11
5965          1.00         0.00         0.00         0.00         0.00         0.00         0.00         0.00         0.00         4.80         0.00        32.85          0.00     1,188.13       170.90     1,359.03        38.65     1,320.38
5447          1.00         0.00         0.00         0.00         0.00         0.00         0.00         0.00         0.00         0.00         0.00        26.90         29.77     1,004.04       172.81     1,176.85        27.90     1,148.95
7886          0.00         0.00         0.00         0.00         0.00         0.00         0.00         0.00         0.00         0.00         0.00         0.00          0.00         0.00         0.00         0.00         0.00         0.00
6685          1.00         0.00         0.00         0.00         0.00         0.00         0.00         0.00         0.00         0.00         0.00        23.33         46.87       939.90       199.68     1,139.58        24.33     1,115.25
7877          0.00         0.00         0.00         0.00         0.00         0.00         0.00         0.00         0.00         0.00         0.00         0.00          0.00         0.00         0.00         0.00         0.00         0.00
5549          1.00         0.00         0.00         0.00         0.00         0.00         0.00         0.00         0.00         3.16         0.00        25.58          0.00     1,213.88       307.31     1,521.19        29.74     1,491.45
7874          1.00         0.00         0.00         0.00         0.00         0.00         0.00         0.00         0.00         0.00         0.00        20.95         32.33       964.06       167.37     1,131.43        21.95     1,109.48
0854          1.00         0.00         0.00         0.00         0.00       332.71         0.00         0.00         0.00       159.49         0.00        40.38          0.00     1,986.31       394.58     2,380.89       533.58     1,847.31
7295          1.00         0.00         0.00         0.00         0.00         0.00         0.00         0.00         0.00         0.00         0.00        28.00         35.53       914.15       162.59     1,076.74        29.00     1,047.74
6832          1.00         0.00       150.00         0.00         0.00         0.00         0.00         0.00         0.00         0.00         0.00        27.09         36.16       904.15       163.22     1,067.37       178.09       889.28
4807          1.00         0.00         0.00         0.00         0.00         0.00         0.00         0.00         0.00       510.35         0.00       161.30          0.00     3,783.66       586.18     4,369.84       672.65     3,697.19
6821          1.00         0.00         0.00         0.00         0.00         0.00         0.00         0.00         0.00         0.00         0.00        40.02          3.25     1,178.13       174.15     1,352.28        41.02     1,311.26
7850          1.00         0.00         0.00         0.00         0.00         0.00       120.51         0.00         0.00         0.00         0.00        16.69         45.21       886.50       197.18     1,083.68       138.20       945.48
3169          1.00         0.00         0.00         0.00         0.00         0.00         0.00         0.00         0.00         0.00         0.00        26.55         35.52       914.15       162.58     1,076.73        27.55     1,049.18
4514          1.00         0.00         0.00         0.00         0.00       567.05         0.00         0.00         0.00        77.00         0.00        55.33          0.00     1,590.81       197.70     1,788.51       700.38     1,088.13
7814          1.00         0.00         0.00         0.00         0.00         0.00         0.00         0.00         0.00         0.00         0.00        23.34         29.77     1,004.04       172.81     1,176.85        24.34     1,152.51
7104          0.00         0.00         0.00         0.00         0.00         0.00         0.00         0.00         0.00         0.00         0.00         0.00          0.00         0.00         0.00         0.00         0.00         0.00
7754          1.00         0.00         0.00         0.00         0.00         0.00         0.00         0.00         0.00         0.00         0.00        18.65         38.26       871.38       158.48     1,029.86        19.65     1,010.21
7717          1.00         0.00         0.00         0.00         0.00         0.00         0.00         0.00         0.00        34.65         0.00        33.88          0.00     1,462.44       299.45     1,761.89        69.53     1,692.36
6014          1.00         0.00         0.00         0.00         0.00         0.00         0.00         0.00         0.00        31.56         0.00        31.35          0.00     1,434.03       276.09     1,710.12        63.91     1,646.21
7775          1.00         0.00         0.00         0.00         0.00         0.00         0.00         0.00         0.00         0.00         0.00        20.97         38.90       861.38       159.12     1,020.50        21.97       998.53

















































EJECUTIVOS EN SERVICIOS DE ALIMENTOS, S.A. DE C.V.                                                                      Pagina: 0004
R.F.C.:                                                                                                                    2/NOV/19
REPORTE DE SUELDOS SEMANALES DEDUCCIONES


 
Codigo Desc Vales   Desc Zapatos Otras Deducc Desc Fonacot Pension Alim Desc Infonav Faltas       Inca Enferme Inca Riesgo  ISPT         Ajus ISPT    IMSS          Sub P/Empleo Tot Per Grav Tot Per Exce Total Percep Total Deducc Neto Pagado
..........................................................................................................................................................................................................................................
7551          1.00         0.00         0.00         0.00         0.00         0.00         0.00         0.00         0.00         0.00         0.00        37.07          6.91     1,144.45       170.82     1,315.27        38.07     1,277.20
7715          1.00         0.00         0.00         0.00         0.00         0.00       120.51         0.00         0.00         0.00         0.00        23.01         46.33       832.13       204.01     1,036.14       144.52       891.62
3827          1.00         0.00         0.00         0.00         0.00         0.00         0.00         0.00         0.00         4.32         0.00        28.43          0.00     1,118.56       250.91     1,369.47        33.75     1,335.72
5412          1.00         0.00         0.00         0.00         0.00         0.00         0.00         0.00         0.00         0.00         0.00        21.38         34.52       929.90       187.33     1,117.23        22.38     1,094.85
4504          1.00         0.00         0.00         0.00         0.00         0.00         0.00         0.00         0.00       193.63         0.00        57.11          0.00     2,199.89       318.38     2,518.27       251.74     2,266.53
7395          1.00         0.00         0.00         0.00         0.00         0.00         0.00         0.00         0.00         0.00         0.00        26.40         21.52     1,031.31       285.31     1,316.62        27.40     1,289.22
0214          1.00         0.00         0.00         0.00         0.00         0.00         0.00         0.00         0.00       510.35         0.00       161.69          0.00     3,783.66       586.18     4,369.84       673.04     3,696.80
7849          1.00         0.00         0.00         0.00         0.00         0.00         0.00         0.00         0.00         0.00         0.00        18.65         33.96       938.63       231.43     1,170.06        19.65     1,150.41
6321          0.00         0.00         0.00         0.00         0.00         0.00         0.00         0.00         0.00         0.00         0.00         0.00          0.00         0.00         0.00         0.00         0.00         0.00
5232          1.00         0.00         0.00         0.00         0.00         0.00         0.00         0.00         0.00        77.12         0.00        33.46          0.00     1,369.49       168.79     1,538.28       111.58     1,426.70
4958          1.00         0.00         0.00         0.00         0.00         0.00         0.00         0.00         0.00         0.00         0.00        27.90         35.53       914.15       162.59     1,076.74        28.90     1,047.84
7880          1.00         0.00         0.00         0.00         0.00         0.00         0.00         0.00         0.00         0.00         0.00        18.65         24.67     1,083.86       196.39     1,280.25        19.65     1,260.60
3979          1.00         0.00         0.00         0.00         0.00         0.00         0.00         0.00         0.00       527.53         0.00       152.85          0.00     3,864.09       914.85     4,778.94       681.38     4,097.56
0442          1.00         0.00         0.00         0.00         0.00         0.00         0.00         0.00         0.00        59.46         0.00        38.94          0.00     1,603.51       325.27     1,928.78        99.40     1,829.38
7699          0.00         0.00         0.00         0.00         0.00         0.00         0.00         0.00         0.00         0.00         0.00         0.00          0.00         0.00         0.00         0.00         0.00         0.00
7857          1.00         0.00         0.00         0.00         0.00         0.00         0.00         0.00         0.00       151.16         0.00        42.38          0.00     1,909.78       438.49     2,348.27       194.54     2,153.73
7330          0.00         0.00         0.00         0.00         0.00         0.00         0.00         0.00         0.00         0.00         0.00         0.00          0.00         0.00         0.00         0.00         0.00         0.00
7719          1.00         0.00         0.00         0.00         0.00         0.00       120.51         0.00         0.00         0.00         0.00        22.64         43.13       832.13       149.31       981.44       144.15       837.29
7846          1.00         0.00         0.00         0.00         0.00         0.00         0.00         0.00         0.00         0.00         0.00        22.22         22.63     1,014.04       165.67     1,179.71        23.22     1,156.49
7421          1.00         0.00         0.00         0.00         0.00         0.00         0.00         0.00         0.00         0.00         0.00        26.50         16.67     1,107.28       259.60     1,366.88        27.50     1,339.38
7776          1.00         0.00         0.00         0.00         0.00         0.00         0.00         0.00         0.00         0.00         0.00        19.83         28.77       861.38       148.99     1,010.37        20.83       989.54
7823          1.00         0.00         0.00         0.00         0.00         0.00         0.00         0.00         0.00         0.00         0.00        21.38         38.26       871.38       158.48     1,029.86        22.38     1,007.48
7298          1.00         0.00         0.00         0.00         0.00         0.00         0.00         0.00         0.00        57.14         0.00        48.33          0.00     1,582.19       321.58     1,903.77       106.47     1,797.30
7758          1.00         0.00         0.00         0.00         0.00         0.00         0.00         0.00         0.00         0.00         0.00        25.07         35.53       914.15       162.59     1,076.74        26.07     1,050.67
5396          1.00         0.00       400.00         0.00         0.00         0.00         0.00         0.00         0.00         0.00         0.00        28.46          0.78     1,152.34       398.21     1,550.55       429.46     1,121.09
5704          1.00         0.00         0.00         0.00         0.00         0.00         0.00         0.00         0.00        36.60         0.00        37.38          0.00     1,480.38       324.62     1,805.00        74.98     1,730.02
7503          1.00         0.00         0.00         0.00         0.00         0.00         0.00         0.00         0.00         0.00         0.00        25.08         24.12     1,118.56       249.28     1,367.84        26.08     1,341.76
7588          1.00         0.00         0.00         0.00         0.00         0.00         0.00         0.00         0.00         0.00         0.00        29.00         35.53       914.15       162.59     1,076.74        30.00     1,046.74
7821          1.00         0.00         0.00         0.00         0.00         0.00         0.00         0.00         0.00         0.00         0.00        23.47         29.31     1,014.04       172.35     1,186.39        24.47     1,161.92
5588          1.00         0.00         0.00         0.00         0.00         0.00         0.00         0.00         0.00         0.00         0.00        22.52         35.53       914.15       162.59     1,076.74        23.52     1,053.22
6203          1.00         0.00         0.00         0.00         0.00         0.00         0.00         0.00         0.00         0.00         0.00        25.64         23.23     1,002.69       196.89     1,199.58        26.64     1,172.94
6582          1.00         0.00         0.00         0.00         0.00         0.00         0.00         0.00         0.00         0.00         0.00        22.00         46.23       904.15       173.29     1,077.44        23.00     1,054.44
7392          1.00         0.00         0.00         0.00         0.00         0.00         0.00         0.00         0.00         0.00         0.00        25.31         34.70       927.03       174.63     1,101.66        26.31     1,075.35
7226          1.00         0.00         0.00         0.00         0.00         0.00         0.00         0.00         0.00         0.00         0.00        31.27         29.31     1,014.04       172.35     1,186.39        32.27     1,154.12
7664          1.00         0.00         0.00         0.00         0.00         0.00       120.51         0.00         0.00         0.00         0.00        24.88         42.23       832.13       148.41       980.54       146.39       834.15
7885          1.00         0.00         0.00         0.00         0.00         0.00         0.00         0.00         0.00         0.00         0.00        18.65         38.26       871.38       158.48     1,029.86        19.65     1,010.21
3326          1.00         0.00         0.00         0.00         0.00       352.72         0.00         0.00         0.00        47.98         0.00        45.83          0.00     1,498.02       220.48     1,718.50       447.53     1,270.97
0449          1.00         0.00       300.00         0.00         0.00       386.21         0.00         0.00         0.00         9.39         0.00        36.20          0.00     1,404.17       233.16     1,637.33       732.80       904.53
7863          1.00         0.00         0.00         0.00         0.00       621.83         0.00         0.00         0.00        12.89         0.00        27.97          0.00     1,262.47       258.66     1,521.13       663.69       857.44
6934          1.00         0.00         0.00         0.00         0.00         0.00         0.00         0.00         0.00       342.85         0.00        84.50          0.00     2,999.45       666.38     3,665.83       428.35     3,237.48
7137          1.00         0.00         0.00         0.00         0.00         0.00         0.00         0.00         0.00        52.37         0.00        36.53          0.00     1,538.38       465.96     2,004.34        89.90     1,914.44
6682          1.00         0.00         0.00         0.00         0.00         0.00       144.20         0.00         0.00         0.00         0.00        17.70         50.20       785.30       146.37       931.67       162.90       768.77
1269          1.00         0.00         0.00         0.00         0.00         0.00         0.00         0.00         0.00         0.00         0.00        21.06         34.52       929.90       187.33     1,117.23        22.06     1,095.17

















































EJECUTIVOS EN SERVICIOS DE ALIMENTOS, S.A. DE C.V.                                                                      Pagina: 0005
R.F.C.:                                                                                                                    2/NOV/19
REPORTE DE SUELDOS SEMANALES DEDUCCIONES


 
Codigo Desc Vales   Desc Zapatos Otras Deducc Desc Fonacot Pension Alim Desc Infonav Faltas       Inca Enferme Inca Riesgo  ISPT         Ajus ISPT    IMSS          Sub P/Empleo Tot Per Grav Tot Per Exce Total Percep Total Deducc Neto Pagado
..........................................................................................................................................................................................................................................
7890          1.00         0.00         0.00         0.00         0.00         0.00         0.00         0.00         0.00         0.00         0.00        18.65         35.09       871.38       206.81     1,078.19        19.65     1,058.54
6006          1.00         0.00         0.00         0.00         0.00         0.00         0.00         0.00         0.00         0.00         0.00        19.80         38.90       861.38       159.12     1,020.50        20.80       999.70
1419          1.00         0.00         0.00         0.00         0.00       268.68         0.00         0.00         0.00        39.44         0.00        53.81          0.00     1,571.66       232.26     1,803.92       362.93     1,440.99
7868          1.00         0.00         0.00         0.00         0.00         0.00       241.02         0.00         0.00         0.00         0.00        16.54         39.68       894.77       181.47     1,076.24       258.56       817.68
7887          1.00         0.00         0.00         0.00         0.00         0.00         0.00         0.00         0.00         0.00         0.00        18.65         38.26       871.38       158.48     1,029.86        19.65     1,010.21
3525          1.00         0.00         0.00         0.00         0.00         0.00         0.00         0.00         0.00       113.35         0.00        33.43          0.00     1,924.87       301.63     2,226.50       147.78     2,078.72
7889          1.00         0.00         0.00         0.00         0.00         0.00         0.00         0.00         0.00         4.21         0.00        27.97          0.00     1,246.79       242.99     1,489.78        33.18     1,456.60
7855          1.00         0.00         0.00         0.00         0.00         0.00         0.00         0.00         0.00         0.00         0.00        18.65         38.26       871.38       209.98     1,081.36        19.65     1,061.71
6885          1.00         0.00         0.00         0.00         0.00         0.00         0.00         0.00         0.00         3.05         0.00        26.76          0.00     1,236.03       217.18     1,453.21        30.81     1,422.40
7893          1.00         0.00         0.00         0.00         0.00         0.00         0.00         0.00         0.00         0.00         0.00        13.32         28.24       608.10       134.36       742.46        14.32       728.14
4775          1.00         0.00         0.00         0.00         0.00         0.00         0.00         0.00         0.00         0.00         0.00        26.92         31.22       981.40       320.61     1,302.01        27.92     1,274.09
7528          1.00         0.00         0.00         0.00         0.00         0.00         0.00         0.00         0.00         0.00         0.00        25.90         29.04     1,015.56       267.08     1,282.64        26.90     1,255.74
4832          1.00         0.00         0.00         0.00         0.00         0.00         0.00         0.00         0.00         0.00         0.00        29.04         35.67       914.15       162.73     1,076.88        30.04     1,046.84
7836          1.00         0.00         0.00         0.00         0.00         0.00         0.00         0.00         0.00        38.58         0.00        20.04          0.00     1,450.76       236.09     1,686.85        59.62     1,627.23
7824          1.00         0.00         0.00         0.00         0.00         0.00         0.00         0.00         0.00         0.00         0.00        21.34         51.26       871.38       171.48     1,042.86        22.34     1,020.52
3321          1.00         0.00         0.00         0.00         0.00         0.00         0.00         0.00         0.00       196.72         0.00        73.39          0.00     2,228.92       334.66     2,563.58       271.11     2,292.47
2112          1.00         0.00         0.00         0.00         0.00         0.00         0.00         0.00         0.00         0.00         0.00        24.47         48.53       914.15       175.59     1,089.74        25.47     1,064.27
0624          1.00         0.00         0.00         0.00         0.00         0.00         0.00         0.00         0.00       149.03         0.00        60.78          0.00     1,921.18       289.78     2,210.96       210.81     2,000.15
6877          1.00         0.00         0.00       194.15         0.00         0.00         0.00         0.00         0.00         0.00         0.00        29.15          8.00     1,134.45       171.91     1,306.36       224.30     1,082.06
4385          1.00         0.00         0.00         0.00         0.00         0.00         0.00         0.00         0.00        67.66         0.00        35.60          0.00     1,504.95       199.19     1,704.14       104.26     1,599.88
7378          1.00         0.00         0.00         0.00         0.00         0.00         0.00         0.00         0.00         0.00         0.00        21.27         38.37       871.38       210.09     1,081.47        22.27     1,059.20
0366          1.00         0.00         0.00         0.00         0.00         0.00         0.00         0.00         0.00       343.09         0.00       105.70          0.00     3,000.58       565.72     3,566.30       449.79     3,116.51
6206          1.00         0.00         0.00         0.00         0.00         0.00         0.00         0.00         0.00        39.24         0.00        32.74          0.00     1,417.66       308.62     1,726.28        72.98     1,653.30
4366          1.00         0.00         0.00         0.00         0.00         0.00         0.00         0.00         0.00         0.00         0.00        23.61         16.97     1,014.04       160.01     1,174.05        24.61     1,149.44
7618          1.00         0.00         0.00         0.00         0.00         0.00         0.00         0.00         0.00         0.00         0.00        23.64         35.52       914.15       162.58     1,076.73        24.64     1,052.09
 
*** GLO     180.00         0.00     1,870.00       556.25         0.00     6,977.89     2,370.88         0.00       685.55     7,497.35         0.00     5,968.52      3,763.60   227,638.10                270,784.20    26,106.44   244,677.76
  
































































