EJECUTIVOS EN SERVICIOS DE ALIMENTOS, S.A. DE C.V.                                                                      Pagina: 0001
R.F.C.:                                                                                                                    2/NOV/19
REPORTE DE SUELDOS SEMANALES DEDUCCIONES


 
Codigo Desc Vales   Desc Zapatos Otras Deducc Desc Fonacot Pension Alim Desc Infonav Faltas       Inca Enferme Inca Riesgo  ISPT         Ajus ISPT    IMSS          Sub P/Empleo Tot Per Grav Tot Per Exce Total Percep Total Deducc Neto Pagado
..........................................................................................................................................................................................................................................
8071          1.00         0.00         0.00         0.00         0.00         0.00         0.00         0.00         0.00        88.52         0.00        20.72          0.00     1,951.51       210.34     2,161.85       110.24     2,051.61
6600          1.00         0.00         0.00         0.00         0.00       246.12         0.00         0.00         0.00         0.00         0.00        21.66         31.63       974.96       229.50     1,204.46       268.78       935.68
7685          1.00         0.00         0.00         0.00         0.00         0.00         0.00       120.51         0.00         0.00         0.00        27.53         33.82       986.63       255.87     1,242.50       149.04     1,093.46
5933          1.00         0.00         0.00         0.00         0.00         0.00         0.00         0.00         0.00        92.70         0.00        26.88          0.00     1,914.15       127.06     2,041.21       120.58     1,920.63
7170          1.00         0.00         0.00         0.00         0.00         0.00         0.00         0.00         0.00       104.68         0.00        28.51          0.00     1,914.15       127.06     2,041.21       134.19     1,907.02
5201          1.00         0.00         0.00         0.00         0.00       335.50         0.00         0.00         0.00        47.98         0.00        36.05          0.00     1,498.02       220.48     1,718.50       420.53     1,297.97
3890          1.00         0.00         0.00         0.00         0.00         0.00         0.00         0.00         0.00       178.36         0.00        54.49          0.00     2,104.51       319.12     2,423.63       233.85     2,189.78
7834          1.00         0.00         0.00         0.00         0.00         0.00         0.00         0.00         0.00         0.00         0.00        28.98         17.84     1,014.04       160.88     1,174.92        29.98     1,144.94
8083          1.00         0.00         0.00         0.00         0.00         0.00         0.00         0.00         0.00        11.18         0.00        32.32          0.00     1,246.79       180.28     1,427.07        44.50     1,382.57
1123          1.00         0.00         0.00         0.00         0.00         0.00         0.00         0.00         0.00        95.99         0.00        35.40          0.00     1,402.68       244.73     1,647.41       132.39     1,515.02
8049          1.00         0.00         0.00         0.00         0.00         0.00         0.00         0.00         0.00       153.32         0.00        24.43          0.00     2,257.63       197.47     2,455.10       178.75     2,276.35
8100          1.00         0.00         0.00         0.00         0.00         0.00         0.00         0.00         0.00         0.00         0.00        19.65         18.41       938.63       215.88     1,154.51        20.65     1,133.86
8066          1.00         0.00         0.00         0.00         0.00         0.00         0.00         0.00         0.00         0.00         0.00        20.08         38.26       871.38       158.48     1,029.86        21.08     1,008.78
7977          1.00         0.00         0.00         0.00         0.00         0.00         0.00         0.00         0.00         0.00         0.00        23.90         13.04     1,070.79       171.88     1,242.67        24.90     1,217.77
8027          1.00         0.00         0.00         0.00         0.00         0.00       361.53         0.00         0.00         0.00         0.00        17.32         42.86       851.86       154.64     1,006.50       379.85       626.65
8088          1.00         0.00         0.00         0.00         0.00         0.00         0.00         0.00         0.00         0.00         0.00        20.06         38.33       871.38       158.55     1,029.93        21.06     1,008.87
8123          1.00         0.00         0.00         0.00         0.00         0.00         0.00         0.00         0.00         0.00         0.00        18.65         38.26       871.38       158.48     1,029.86        19.65     1,010.21
8132          1.00         0.00         0.00         0.00         0.00         0.00         0.00         0.00         0.00         0.00         0.00        15.99         24.45       877.33       124.92     1,002.25        16.99       985.26
8112          1.00         0.00         0.00         0.00         0.00         0.00         0.00         0.00         0.00        11.19         0.00        27.97          0.00     1,246.79       242.99     1,489.78        40.16     1,449.62
7259          1.00         0.00         0.00         0.00         0.00         0.00         0.00         0.00         0.00         0.00         0.00        20.94         34.26       936.34       193.50     1,129.84        21.94     1,107.90
8073          0.00         0.00         0.00         0.00         0.00         0.00         0.00         0.00         0.00         0.00         0.00         0.00          0.00         0.00         0.00         0.00         0.00         0.00
7312          1.00         0.00         0.00         0.00         0.00         0.00         0.00         0.00         0.00         0.00         0.00        24.08         32.33       964.06       167.37     1,131.43        25.08     1,106.35
7338          1.00         0.00         0.00         0.00         0.00         0.00         0.00         0.00         0.00       111.98         0.00        23.98          0.00     2,014.04       143.04     2,157.08       136.96     2,020.12
5677          1.00         0.00         0.00         0.00         0.00         0.00         0.00         0.00         0.00        41.02         0.00        33.25          0.00     1,434.03       276.09     1,710.12        75.27     1,634.85
8078          1.00         0.00         0.00         0.00         0.00         0.00       144.20         0.00         0.00         0.00         0.00        21.95         38.89       921.92       135.06     1,056.98       167.15       889.83
8023          1.00         0.00         0.00         0.00         0.00         0.00         0.00         0.00         0.00         0.00         0.00        25.28         29.03     1,042.16       200.75     1,242.91        26.28     1,216.63
8042          1.00         0.00         0.00         0.00         0.00         0.00         0.00         0.00         0.00        17.72         0.00        28.20          0.00     1,306.85       120.22     1,427.07        46.92     1,380.15
7943          1.00         0.00         0.00         0.00         0.00         0.00         0.00         0.00         0.00        81.71         0.00        25.35          0.00     1,871.38       120.22     1,991.60       108.06     1,883.54
0849          1.00         0.00         0.00         0.00         0.00         0.00         0.00         0.00         0.00         0.00         0.00        28.02         11.07     1,089.04       154.11     1,243.15        29.02     1,214.13
7536          1.00         0.00        10.00         0.00         0.00         0.00       120.51         0.00         0.00        86.34         0.00        25.35          0.00     1,992.26       144.80     2,137.06       243.20     1,893.86
5181          1.00         0.00         0.00         0.00         0.00         0.00         0.00         0.00         0.00         0.00         0.00        21.24         35.52       914.15       162.58     1,076.73        22.24     1,054.49
5429          1.00         0.00         0.00         0.00         0.00         0.00         0.00         0.00         0.00       313.35         0.00        77.10          0.00     2,861.35       403.61     3,264.96       391.45     2,873.51
7655          0.00         0.00         0.00         0.00         0.00         0.00       288.40         0.00         0.00         0.00         0.00        22.99         83.04       944.01        83.04     1,027.05       311.39       715.66
8126          0.00         0.00         0.00         0.00         0.00         0.00         0.00         0.00         0.00         0.00         0.00         0.00          0.00         0.00         0.00         0.00         0.00         0.00
5558          1.00         0.00         0.00         0.00         0.00         0.00         0.00         0.00         0.00         0.00         0.00        24.38          9.09     1,119.92       267.99     1,387.91        25.38     1,362.53
7663          1.00         0.00         0.00         0.00         0.00         0.00         0.00         0.00         0.00        68.02         0.00        30.16          0.00     1,577.22       171.72     1,748.94        99.18     1,649.76
8093          1.00         0.00         0.00         0.00         0.00         0.00       120.51         0.00         0.00         0.00         0.00        22.66         43.53       796.38       144.00       940.38       144.17       796.21
7773          1.00         0.00         0.00         0.00         0.00         0.00         0.00         0.00         0.00         0.00         0.00        22.82         31.96       972.04       159.02     1,131.06        23.82     1,107.24
1424          1.00         0.00         0.00         0.00         0.00       466.38         0.00         0.00         0.00       324.87         0.00        75.24          0.00     2,915.29       654.90     3,570.19       867.49     2,702.70
5280          1.00         0.00         0.00       362.10         0.00       435.11         0.00         0.00         0.00       176.18         0.00        48.67          0.00     2,107.98       477.17     2,585.15     1,023.06     1,562.09
8020          1.00         0.00         0.00         0.00         0.00         0.00         0.00         0.00         0.00         0.00         0.00        19.82         21.57       887.13       167.54     1,054.67        20.82     1,033.85
7994          1.00         0.00         0.00         0.00         0.00         0.00         0.00         0.00         0.00       108.44         0.00        24.24          0.00     1,948.63       197.47     2,146.10       133.68     2,012.42
6461          1.00         0.00       350.00         0.00         0.00         0.00         0.00         0.00         0.00         0.00         0.00        27.33          6.74     1,145.89       243.21     1,389.10       378.33     1,010.77

















































EJECUTIVOS EN SERVICIOS DE ALIMENTOS, S.A. DE C.V.                                                                      Pagina: 0002
R.F.C.:                                                                                                                    2/NOV/19
REPORTE DE SUELDOS SEMANALES DEDUCCIONES


 
Codigo Desc Vales   Desc Zapatos Otras Deducc Desc Fonacot Pension Alim Desc Infonav Faltas       Inca Enferme Inca Riesgo  ISPT         Ajus ISPT    IMSS          Sub P/Empleo Tot Per Grav Tot Per Exce Total Percep Total Deducc Neto Pagado
..........................................................................................................................................................................................................................................
6765          1.00         0.00         0.00         0.00         0.00         0.00         0.00         0.00         0.00       354.41         0.00        59.19          0.00     3,108.92       338.80     3,447.72       414.60     3,033.12
7909          1.00         0.00         0.00         0.00         0.00         0.00         0.00         0.00         0.00        84.51         0.00        26.34          0.00     1,897.13       145.97     2,043.10       111.85     1,931.25
5000          1.00         0.00         0.00         0.00         0.00         0.00         0.00         0.00         0.00         4.80         0.00        36.34          0.00     1,188.13       170.90     1,359.03        42.14     1,316.89
8113          1.00         0.00         0.00         0.00         0.00         0.00         0.00         0.00         0.00         6.48         0.00        27.97          0.00     1,275.99       219.47     1,495.46        35.45     1,460.01
5644          1.00         0.00       200.00         0.00         0.00       337.88         0.00         0.00         0.00         8.34         0.00        32.02          0.00     1,220.62       251.42     1,472.04       579.24       892.80
6638          1.00         0.00         0.00         0.00         0.00         0.00         0.00         0.00         0.00        89.41         0.00        23.80          0.00     1,939.90       204.31     2,144.21       114.21     2,030.00
7800          1.00         0.00         0.00         0.00         0.00         0.00         0.00         0.00         0.00         0.00         0.00        23.88         31.32       979.89       203.04     1,182.93        24.88     1,158.05
8111          1.00         0.00         0.00         0.00         0.00         0.00         0.00         0.00         0.00         0.00         0.00        18.65         31.68       974.38       216.27     1,190.65        19.65     1,171.00
6690          1.00         0.00         0.00         0.00         0.00         0.00         0.00         0.00         0.00         0.00         0.00        21.90         22.15     1,123.03       290.82     1,413.85        22.90     1,390.95
7168          1.00         0.00         0.00         0.00         0.00         0.00         0.00         0.00         0.00        97.31         0.00        27.65          0.00     1,914.15       127.06     2,041.21       125.96     1,915.25
8081          1.00         0.00         0.00         0.00         0.00         0.00         0.00         0.00         0.00       177.59         0.00        28.59          0.00     2,428.41       287.59     2,716.00       207.18     2,508.82
7991          1.00         0.00         0.00         0.00         0.00         0.00         0.00         0.00         0.00         0.00         0.00        29.14          2.48     1,268.15       214.11     1,482.26        30.14     1,452.12
8063          1.00         0.00         0.00         0.00         0.00         0.00       144.20         0.00         0.00        41.39         0.00        17.74          0.00     1,811.05       121.92     1,932.97       204.33     1,728.64
8115          1.00         0.00         0.00         0.00         0.00         0.00         0.00         0.00         0.00        33.38         0.00        18.65          0.00     1,450.76       184.59     1,635.35        53.03     1,582.32
4314          1.00         0.00         0.00         0.00         0.00         0.00         0.00         0.00         0.00       189.12         0.00        52.10          0.00     2,171.66       393.60     2,565.26       242.22     2,323.04
7848          1.00         0.00         0.00         0.00         0.00         0.00       144.20         0.00         0.00         0.00         0.00        17.73         47.11       785.30       143.28       928.58       162.93       765.65
7632          1.00         0.00         0.00         0.00         0.00         0.00         0.00         0.00         0.00       150.75         0.00        23.22          0.00     2,165.21       242.93     2,408.14       174.97     2,233.17
7873          1.00         0.00         0.00         0.00         0.00         0.00         0.00         0.00         0.00         0.00         0.00        25.93         31.63       871.38       151.85     1,023.23        26.93       996.30
8068          1.00         0.00         0.00         0.00         0.00         0.00         0.00         0.00         0.00       143.90         0.00        39.44          0.00     1,843.02       441.30     2,284.32       184.34     2,099.98
8086          1.00         0.00         0.00         0.00         0.00         0.00         0.00         0.00         0.00         0.00         0.00        20.05         57.76       871.38       177.98     1,049.36        21.05     1,028.31
8106          1.00         0.00         0.00         0.00         0.00         0.00         0.00         0.00         0.00         0.00         0.00        22.04         38.27       871.38       209.99     1,081.37        23.04     1,058.33
7847          1.00         0.00         0.00         0.00         0.00         0.00       144.20         0.00         0.00         0.00         0.00        17.74         50.87       785.30       147.04       932.34       162.94       769.40
8082          0.00         0.00         0.00         0.00         0.00         0.00         0.00         0.00         0.00         0.00         0.00         0.00          0.00         0.00         0.00         0.00         0.00         0.00
8127          0.00         0.00         0.00         0.00         0.00         0.00         0.00         0.00         0.00         0.00         0.00         0.00          0.00         0.00         0.00         0.00         0.00         0.00
8129          1.00         0.00         0.00         0.00         0.00         0.00         0.00         0.00         0.00         0.00         0.00        18.65         37.25       887.13       183.22     1,070.35        19.65     1,050.70
7633          1.00         0.00         0.00         0.00         0.00         0.00         0.00         0.00         0.00        94.88         0.00        26.36          0.00     1,994.28       217.18     2,211.46       122.24     2,089.22
7984          1.00         0.00         0.00         0.00         0.00         0.00         0.00         0.00         0.00        14.36         0.00        29.16          0.00     1,275.99       219.47     1,495.46        44.52     1,450.94
7914          1.00         0.00         0.00         0.00         0.00         0.00         0.00         0.00         0.00         0.00         0.00        20.89         38.27       871.38       158.49     1,029.87        21.89     1,007.98
2897          1.00         0.00         0.00         0.00         0.00         0.00         0.00         0.00         0.00         0.00         0.00        24.21         32.23       965.65       210.79     1,176.44        25.21     1,151.23
5630          1.00         0.00         0.00         0.00         0.00         0.00         0.00         0.00         0.00         0.00         0.00        20.98         33.14       951.51       243.48     1,194.99        21.98     1,173.01
8007          1.00         0.00         0.00         0.00         0.00         0.00         0.00         0.00         0.00        13.73         0.00        28.02          0.00     1,270.15       261.14     1,531.29        42.75     1,488.54
8048          1.00         0.00         0.00         0.00         0.00         0.00         0.00         0.00         0.00       111.67         0.00        47.64          0.00     1,869.37       399.96     2,269.33       160.31     2,109.02
8052          1.00         0.00         0.00         0.00         0.00         0.00         0.00         0.00         0.00        66.07         0.00        38.40          0.00     1,664.25       295.93     1,960.18       105.47     1,854.71
8105          1.00         0.00         0.00         0.00         0.00         0.00         0.00         0.00         0.00         0.00         0.00        23.06         19.82     1,057.91       165.79     1,223.70        24.06     1,199.64
7614          1.00         0.00         0.00         0.00         0.00         0.00         0.00         0.00         0.00       131.77         0.00        37.40          0.00     1,801.01       330.80     2,131.81       170.17     1,961.64
3318          1.00         0.00       500.00         0.00         0.00       510.55         0.00         0.00         0.00       245.70         0.00        62.79          0.00     2,502.20       404.50     2,906.70     1,320.04     1,586.66
7804          1.00         0.00         0.00         0.00         0.00         0.00         0.00         0.00         0.00        60.97         0.00        37.85          0.00     1,617.43       285.91     1,903.34        99.82     1,803.52
6083          1.00         0.00         0.00         0.00         0.00         0.00         0.00         0.00         0.00         0.00         0.00        23.21         27.39     1,041.31       291.18     1,332.49        24.21     1,308.28
8118          1.00         0.00         0.00         0.00         0.00         0.00       120.51         0.00         0.00         0.00         0.00        16.69         41.89     1,054.98       258.23     1,313.21       138.20     1,175.01
6766          1.00         0.00         0.00         0.00         0.00         0.00         0.00         0.00         0.00         8.42         0.00        34.08          0.00     1,134.45       163.91     1,298.36        43.50     1,254.86
8084          1.00         0.00         0.00         0.00         0.00         0.00       120.51         0.00         0.00         0.00         0.00        21.16         55.43       939.10       155.90     1,095.00       142.67       952.33
5746          0.00         0.00         0.00         0.00         0.00         0.00       120.51         0.00         0.00         0.00         0.00        16.69         25.60     1,039.57        25.60     1,065.17       137.20       927.97
4137          1.00         0.00         0.00         0.00         0.00         0.00         0.00         0.00         0.00       371.81         0.00        90.71          0.00     3,135.04       482.40     3,617.44       463.52     3,153.92

















































EJECUTIVOS EN SERVICIOS DE ALIMENTOS, S.A. DE C.V.                                                                      Pagina: 0003
R.F.C.:                                                                                                                    2/NOV/19
REPORTE DE SUELDOS SEMANALES DEDUCCIONES


 
Codigo Desc Vales   Desc Zapatos Otras Deducc Desc Fonacot Pension Alim Desc Infonav Faltas       Inca Enferme Inca Riesgo  ISPT         Ajus ISPT    IMSS          Sub P/Empleo Tot Per Grav Tot Per Exce Total Percep Total Deducc Neto Pagado
..........................................................................................................................................................................................................................................
8009          1.00         0.00         0.00         0.00         0.00         0.00         0.00         0.00         0.00         0.00         0.00        24.48          9.21     1,122.29       219.55     1,341.84        25.48     1,316.36
7542          1.00         0.00         0.00         0.00         0.00         0.00         0.00         0.00         0.00       101.54         0.00        28.48          0.00     1,914.15       127.06     2,041.21       131.02     1,910.19
3780          1.00         0.00         0.00         0.00         0.00         0.00         0.00         0.00         0.00       157.09         0.00        40.02          0.00     1,964.31       361.58     2,325.89       198.11     2,127.78
6205          1.00         0.00         0.00         0.00         0.00         0.00         0.00         0.00         0.00         0.00         0.00        22.62         32.33       964.06       167.37     1,131.43        23.62     1,107.81
5027          1.00         0.00         0.00         0.00         0.00         0.00         0.00         0.00         0.00       156.01         0.00        34.14          0.00     2,230.04       143.04     2,373.08       191.15     2,181.93
7818          1.00         0.00         0.00         0.00         0.00         0.00         0.00         0.00         0.00         0.00         0.00        23.38         17.70     1,016.92       173.61     1,190.53        24.38     1,166.15
7221          1.00         0.00         0.00         0.00         0.00         0.00         0.00         0.00         0.00         0.00         0.00        22.99         44.27       893.57       196.67     1,090.24        23.99     1,066.25
7815          1.00         0.00         0.00         0.00         0.00         0.00         0.00         0.00         0.00        26.44         0.00        33.30          0.00     1,386.98       210.34     1,597.32        60.74     1,536.58
6839          1.00         0.00         0.00         0.00         0.00         0.00         0.00         0.00         0.00       175.36         0.00        27.57          0.00     2,215.90       230.06     2,445.96       203.93     2,242.03
5646          1.00         0.00         0.00         0.00         0.00         0.00         0.00         0.00         0.00        92.13         0.00        26.52          0.00     1,914.15       127.06     2,041.21       119.65     1,921.56
8136          0.00         0.00         0.00         0.00         0.00         0.00         0.00         0.00         0.00         0.00         0.00        13.32         27.56       618.70        53.31       672.01        13.32       658.69
8011          1.00         0.00         0.00         0.00         0.00         0.00         0.00         0.00         0.00        79.03         0.00        31.44          0.00     1,246.79       180.28     1,427.07       111.47     1,315.60
7708          1.00         0.00         0.00         0.00         0.00         0.00         0.00         0.00         0.00         0.00         0.00        23.13         35.52       914.15       162.58     1,076.73        24.13     1,052.60
7869          1.00         0.00         0.00         0.00         0.00         0.00         0.00         0.00         0.00         0.00         0.00        22.37         32.33       964.06       218.87     1,182.93        23.37     1,159.56
7973          1.00         0.00         0.00         0.00         0.00       176.72         0.00         0.00         0.00        33.00         0.00        22.59          0.00     1,893.57       152.40     2,045.97       233.31     1,812.66
8043          1.00         0.00         0.00         0.00         0.00         0.00         0.00         0.00         0.00       128.39         0.00        24.33          0.00     2,055.04       133.09     2,188.13       153.72     2,034.41
8012          1.00         0.00         0.00         0.00         0.00         0.00         0.00         0.00         0.00       162.88         0.00        30.48          0.00     2,293.22       236.09     2,529.31       194.36     2,334.95
7530          1.00         0.00         0.00         0.00         0.00         0.00         0.00         0.00         0.00       158.33         0.00        29.94          0.00     2,184.53       242.93     2,427.46       189.27     2,238.19
8124          1.00         0.00         0.00         0.00         0.00         0.00         0.00         0.00         0.00         0.00         0.00        18.65         16.19     1,042.16       187.91     1,230.07        19.65     1,210.42
8077          1.00         0.00         0.00         0.00         0.00         0.00       120.51         0.00         0.00         0.00         0.00        21.04         37.86       912.26       254.20     1,166.46       142.55     1,023.91
8076          1.00         0.00         0.00         0.00         0.00         0.00         0.00         0.00         0.00        14.37         0.00        30.32          0.00     1,275.99       219.47     1,495.46        45.69     1,449.77
8128          1.00         0.00         0.00         0.00         0.00         0.00         0.00         0.00         0.00         0.00         0.00        18.65          5.43     1,158.04       241.52     1,399.56        19.65     1,379.91
6028          1.00         0.00         0.00         0.00         0.00       407.29         0.00         0.00         0.00        61.71         0.00        33.51          0.00     1,624.17       332.36     1,956.53       503.51     1,453.02
6565          0.00         0.00         0.00         0.00         0.00         0.00         0.00         0.00         0.00         0.00         0.00         0.00          0.00         0.00         0.00         0.00         0.00         0.00
3676          1.00         0.00         0.00         0.00         0.00         0.00         0.00         0.00         0.00       292.14         0.00        38.39          0.00     1,823.84       440.71     2,264.55       331.53     1,933.02
3221          1.00         0.00         0.00         0.00         0.00         0.00         0.00         0.00         0.00        62.54         0.00        32.50          0.00     1,631.79       311.82     1,943.61        96.04     1,847.57
7779          1.00         0.00         0.00         0.00         0.00         0.00         0.00         0.00         0.00        21.92         0.00        25.52          0.00     1,090.76       216.53     1,307.29        48.44     1,258.85
7942          1.00         0.00         0.00         0.00         0.00         0.00         0.00         0.00         0.00         0.00         0.00        23.67         28.16     1,032.16       148.38     1,180.54        24.67     1,155.87
7845          1.00         0.00         0.00         0.00         0.00         0.00         0.00         0.00         0.00       114.02         0.00        37.12          0.00     1,844.04       143.04     1,987.08       152.14     1,834.94
4773          1.00         0.00         0.00         0.00         0.00         0.00         0.00         0.00         0.00         0.00         0.00        18.65         27.33     1,042.16       199.05     1,241.21        19.65     1,221.56
7996          1.00         0.00         0.00         0.00         0.00         0.00         0.00         0.00         0.00         0.00         0.00        22.82         20.83     1,042.16       192.55     1,234.71        23.82     1,210.89
2522          1.00         0.00         0.00         0.00         0.00         0.00         0.00         0.00         0.00       176.88         0.00        26.85          0.00     2,421.90       242.93     2,664.83       204.73     2,460.10
8125          1.00         0.00         0.00         0.00         0.00         0.00         0.00         0.00         0.00         0.00         0.00        18.65         36.91       871.38       157.13     1,028.51        19.65     1,008.86
7080          1.00         0.00         0.00         0.00         0.00         0.00         0.00         0.00         0.00        24.04         0.00        34.72          0.00     1,364.95       199.19     1,564.14        59.76     1,504.38
5965          1.00         0.00         0.00         0.00         0.00         0.00         0.00         0.00         0.00        44.23         0.00        28.07          0.00     1,463.57       308.62     1,772.19        73.30     1,698.89
5447          1.00         0.00         0.00         0.00         0.00         0.00         0.00         0.00         0.00         0.00         0.00        26.17         43.56     1,004.04       186.60     1,190.64        27.17     1,163.47
6685          1.00         0.00         0.00         0.00         0.00         0.00         0.00         0.00         0.00       436.05         0.00        29.99          0.00     2,918.40       242.93     3,161.33       467.04     2,694.29
8056          1.00         0.00         0.00         0.00         0.00         0.00         0.00         0.00         0.00       239.75         0.00        37.22          0.00     2,516.77       321.38     2,838.15       277.97     2,560.18
5549          1.00         0.00         0.00         0.00         0.00         0.00         0.00         0.00         0.00       125.99         0.00        31.56          0.00     2,035.65       178.56     2,214.21       158.55     2,055.66
8117          1.00         0.00         0.00         0.00         0.00         0.00         0.00         0.00         0.00         0.00         0.00        18.65         37.25       887.13       183.22     1,070.35        19.65     1,050.70
0854          1.00         0.00         0.00         0.00         0.00       332.71         0.00         0.00         0.00       168.32         0.00        42.13          0.00     2,067.47       446.42     2,513.89       544.16     1,969.73
7295          1.00         0.00       100.00         0.00         0.00         0.00         0.00         0.00         0.00       100.95         0.00        28.10          0.00     1,914.15       127.06     2,041.21       230.05     1,811.16
8133          1.00         0.00         0.00         0.00         0.00         0.00         0.00         0.00         0.00         0.00         0.00        13.32         29.89       582.35       110.26       692.61        14.32       678.29

















































EJECUTIVOS EN SERVICIOS DE ALIMENTOS, S.A. DE C.V.                                                                      Pagina: 0004
R.F.C.:                                                                                                                    2/NOV/19
REPORTE DE SUELDOS SEMANALES DEDUCCIONES


 
Codigo Desc Vales   Desc Zapatos Otras Deducc Desc Fonacot Pension Alim Desc Infonav Faltas       Inca Enferme Inca Riesgo  ISPT         Ajus ISPT    IMSS          Sub P/Empleo Tot Per Grav Tot Per Exce Total Percep Total Deducc Neto Pagado
..........................................................................................................................................................................................................................................
4807          1.00         0.00         0.00         0.00         0.00         0.00         0.00         0.00         0.00       510.36         0.00       110.77          0.00     3,783.66       586.18     4,369.84       622.13     3,747.71
8018          0.00         0.00         0.00         0.00         0.00         0.00         0.00         0.00         0.00         0.00         0.00         0.00          0.00         0.00         0.00         0.00         0.00         0.00
3169          1.00         0.00         0.00         0.00         0.00         0.00       120.51         0.00         0.00        69.90         0.00        24.29          0.00     1,832.13       106.18     1,938.31       215.70     1,722.61
4514          1.00         0.00         0.00         0.00         0.00       352.61         0.00         0.00         0.00        83.00         0.00        33.33          0.00     1,355.64       462.48     1,818.12       469.94     1,348.18
7814          1.00         0.00         0.00         0.00         0.00         0.00       144.20         0.00         0.00         0.00         0.00        20.92         39.93       899.43       154.36     1,053.79       166.12       887.67
7754          1.00         0.00         0.00         0.00         0.00         0.00         0.00         0.00         0.00         0.00         0.00        20.39         38.27       871.38       158.49     1,029.87        21.39     1,008.48
6014          1.00         0.00         0.00         0.00         0.00         0.00         0.00         0.00         0.00        58.08         0.00        32.26          0.00     1,590.82       338.80     1,929.62        91.34     1,838.28
7775          1.00         0.00         0.00         0.00         0.00         0.00       144.20         0.00         0.00        40.57         0.00        17.74          0.00     1,798.18       109.04     1,907.22       203.51     1,703.71
3827          1.00         0.00         0.00         0.00         0.00         0.00         0.00         0.00         0.00       129.75         0.00        29.73          0.00     2,060.62       231.60     2,292.22       160.48     2,131.74
8103          1.00         0.00         0.00         0.00         0.00         0.00         0.00         0.00         0.00         0.00         0.00        20.08         36.62       897.13       182.59     1,079.72        21.08     1,058.64
8054          0.00         0.00         0.00         0.00         0.00         0.00         0.00         0.00         0.00         0.00         0.00         0.00          0.00         0.00         0.00         0.00         0.00         0.00
5412          1.00         0.00         0.00         0.00         0.00         0.00         0.00         0.00         0.00        82.71         0.00        27.95          0.00     1,904.15       127.06     2,031.21       111.66     1,919.55
7395          1.00         0.00         0.00         0.00         0.00         0.00         0.00         0.00         0.00       137.06         0.00        25.67          0.00     2,083.58       135.04     2,218.62       163.73     2,054.89
0214          1.00         0.00         0.00         0.00         0.00         0.00         0.00         0.00         0.00       510.36         0.00       111.42          0.00     3,783.66       586.18     4,369.84       622.78     3,747.06
7849          1.00         0.00         0.00         0.00         0.00         0.00         0.00         0.00         0.00         0.00         0.00        27.62         24.58     1,090.10       202.73     1,292.83        28.62     1,264.21
5232          1.00         0.00         0.00         0.00         0.00         0.00         0.00         0.00         0.00        47.98         0.00        38.75          0.00     1,498.02       283.19     1,781.21        87.73     1,693.48
8019          1.00         0.00         0.00         0.00         0.00         0.00         0.00         0.00         0.00         0.00         0.00        23.86          8.95     1,122.29       219.29     1,341.58        24.86     1,316.72
4958          1.00         0.00         0.00         0.00         0.00         0.00         0.00         0.00         0.00        93.28         0.00        27.54          0.00     1,914.15       127.06     2,041.21       121.82     1,919.39
3979          1.00         0.00         0.00         0.00         0.00         0.00         0.00         0.00         0.00       420.97         0.00       100.43          0.00     3,365.20       519.23     3,884.43       522.40     3,362.03
0442          1.00         0.00         0.00         0.00         0.00         0.00         0.00         0.00         0.00       404.04         0.00        39.92          0.00     2,624.25       325.27     2,949.52       444.96     2,504.56
8134          1.00         0.00         0.00         0.00         0.00         0.00         0.00         0.00         0.00         0.00         0.00        13.32         29.89       582.35       110.26       692.61        14.32       678.29
7330          0.00         0.00         0.00         0.00         0.00         0.00         0.00         0.00         0.00         0.00         0.00         0.00          0.00         0.00         0.00         0.00         0.00         0.00
8101          1.00         0.00         0.00         0.00         0.00         0.00         0.00         0.00         0.00         0.00         0.00        20.08         38.27       871.38       158.49     1,029.87        21.08     1,008.79
7846          1.00         0.00         0.00         0.00         0.00         0.00         0.00         0.00         0.00       119.75         0.00        28.90          0.00     2,052.67       181.66     2,234.33       149.65     2,084.68
8091          1.00         0.00         0.00         0.00         0.00         0.00         0.00         0.00         0.00         0.00         0.00        23.55         21.48     1,032.16       141.70     1,173.86        24.55     1,149.31
8130          1.00         0.00         0.00         0.00         0.00         0.00         0.00         0.00         0.00         1.01         0.00        15.99          0.00     1,044.70       151.97     1,196.67        18.00     1,178.67
8131          1.00         0.00         0.00         0.00         0.00         0.00         0.00         0.00         0.00         0.00         0.00        15.99         24.87       870.65       176.84     1,047.49        16.99     1,030.50
7298          1.00         0.00         0.00         0.00         0.00         0.00         0.00         0.00         0.00        36.53         0.00        36.02          0.00     1,479.76       219.16     1,698.92        73.55     1,625.37
7963          1.00         0.00         0.00         0.00         0.00         0.00         0.00         0.00         0.00         0.00         0.00        25.35         38.03       871.38       158.25     1,029.63        26.35     1,003.28
5396          1.00         0.00       200.00         0.00         0.00         0.00         0.00         0.00         0.00        88.66         0.00        26.89          0.00     1,914.15       127.06     2,041.21       316.55     1,724.66
7989          1.00         0.00         0.00         0.00         0.00         0.00         0.00         0.00         0.00        79.78         0.00        22.48          0.00     1,887.13       145.97     2,033.10       103.26     1,929.84
7588          1.00         0.00         0.00         0.00         0.00         0.00       120.51         0.00         0.00        38.50         0.00        19.21          0.00     1,832.13       106.18     1,938.31       179.22     1,759.09
6203          1.00         0.00         0.00         0.00         0.00         0.00       241.02         0.00         0.00         0.00         0.00        23.30         25.90     1,146.96       176.48     1,323.44       265.32     1,058.12
8060          1.00         0.00         0.00         0.00         0.00         0.00         0.00         0.00         0.00         0.00         0.00        19.77         74.46       363.43       135.41       498.84        20.77       478.07
7226          1.00         0.00         0.00         0.00         0.00         0.00         0.00         0.00         0.00       139.65         0.00        26.31          0.00     2,014.04       143.04     2,157.08       166.96     1,990.12
7885          1.00         0.00         0.00         0.00         0.00         0.00       120.51         0.00         0.00        41.91         0.00        22.69          0.00     1,796.38       100.47     1,896.85       186.11     1,710.74
3326          1.00         0.00         0.00         0.00         0.00       352.72         0.00         0.00         0.00        68.45         0.00        40.16          0.00     1,686.16       361.58     2,047.74       462.33     1,585.41
0449          1.00         0.00         0.00         0.00         0.00       447.60         0.00         0.00         0.00       380.08         0.00        34.90          0.00     2,404.04       194.54     2,598.58       863.58     1,735.00
6934          1.00         0.00         0.00         0.00         0.00         0.00         0.00         0.00         0.00       374.24         0.00        85.21          0.00     3,146.42       607.67     3,754.09       460.45     3,293.64
7137          1.00         0.00         0.00         0.00         0.00         0.00         0.00         0.00         0.00       125.49         0.00        39.50          0.00     1,673.81       387.33     2,061.14       165.99     1,895.15
6682          1.00         0.00         0.00         0.00         0.00         0.00       144.20         0.00         0.00         0.00         0.00        18.22         50.18       785.30       146.35       931.65       163.42       768.23
1269          1.00         0.00         0.00         0.00         0.00         0.00         0.00         0.00         0.00       112.45         0.00        27.21          0.00     1,904.15       127.06     2,031.21       140.66     1,890.55
7890          1.00         0.00         0.00         0.00         0.00         0.00         0.00         0.00         0.00       118.61         0.00        26.78          0.00     2,042.16       171.72     2,213.88       146.39     2,067.49

















































EJECUTIVOS EN SERVICIOS DE ALIMENTOS, S.A. DE C.V.                                                                      Pagina: 0005
R.F.C.:                                                                                                                    2/NOV/19
REPORTE DE SUELDOS SEMANALES DEDUCCIONES


 
Codigo Desc Vales   Desc Zapatos Otras Deducc Desc Fonacot Pension Alim Desc Infonav Faltas       Inca Enferme Inca Riesgo  ISPT         Ajus ISPT    IMSS          Sub P/Empleo Tot Per Grav Tot Per Exce Total Percep Total Deducc Neto Pagado
..........................................................................................................................................................................................................................................
8031          1.00         0.00         0.00         0.00         0.00         0.00         0.00         0.00         0.00         0.00         0.00        22.72         45.04       871.38       165.26     1,036.64        23.72     1,012.92
1419          1.00         0.00         0.00         0.00         0.00       399.23         0.00         0.00         0.00        56.00         0.00        37.79          0.00     1,571.66       232.26     1,803.92       494.02     1,309.90
8067          1.00         0.00         0.00         0.00         0.00         0.00         0.00         0.00         0.00         0.00         0.00        20.08         38.26       871.38       158.48     1,029.86        21.08     1,008.78
3525          1.00         0.00         0.00         0.00         0.00         0.00         0.00         0.00         0.00        70.89         0.00        29.95          0.00     1,603.53       255.72     1,859.25       101.84     1,757.41
8036          1.00         0.00         0.00         0.00         0.00         0.00         0.00         0.00         0.00         0.00         0.00        22.32         35.79       910.01       194.63     1,104.64        23.32     1,081.32
6885          1.00         0.00         0.00         0.00         0.00         0.00         0.00         0.00         0.00       104.43         0.00        25.15          0.00     1,914.15       127.06     2,041.21       130.58     1,910.63
7907          1.00         0.00         0.00         0.00         0.00         0.00         0.00         0.00         0.00       135.66         0.00        41.75          0.00     1,767.27       297.86     2,065.13       178.41     1,886.72
4775          1.00         0.00         0.00         0.00         0.00         0.00         0.00         0.00         0.00       131.03         0.00        29.20          0.00     2,180.15       242.93     2,423.08       161.23     2,261.85
8069          1.00         0.00         0.00         0.00         0.00         0.00         0.00         0.00         0.00       213.40         0.00        46.31          0.00     2,323.43       405.80     2,729.23       260.71     2,468.52
4832          1.00         0.00         0.00         0.00         0.00         0.00         0.00         0.00         0.00        93.26         0.00        33.04          0.00     1,914.15       127.06     2,041.21       127.30     1,913.91
3321          1.00         0.00         0.00         0.00         0.00         0.00         0.00         0.00         0.00       214.23         0.00        58.16          0.00     2,326.64       331.30     2,657.94       273.39     2,384.55
0624          1.00         0.00         0.00         0.00         0.00         0.00         0.00         0.00         0.00       157.47         0.00        49.49          0.00     1,973.89       342.49     2,316.38       207.96     2,108.42
4385          1.00         0.00         0.00         0.00         0.00         0.00         0.00         0.00         0.00        48.74         0.00        35.82          0.00     1,504.95       199.19     1,704.14        85.56     1,618.58
8135          1.00         0.00         0.00         0.00         0.00       195.24         0.00         0.00         0.00         0.00         0.00        13.32         27.27       623.28        99.40       722.68       209.56       513.12
8099          1.00         0.00         0.00         0.00         0.00         0.00       144.20         0.00         0.00         0.00         0.00        20.87         58.80       928.02       154.97     1,082.99       166.07       916.92
8137          0.00         0.00         0.00         0.00         0.00         0.00         0.00         0.00         0.00         0.00         0.00        10.66         31.40       398.63        31.40       430.03        10.66       419.37
0366          1.00         0.00         0.00         0.00         0.00         0.00         0.00         0.00         0.00       343.09         0.00        88.96          0.00     3,000.58       462.49     3,463.07       433.05     3,030.02
6206          1.00         0.00         0.00         0.00         0.00         0.00         0.00         0.00         0.00       242.47         0.00        42.51          0.00     2,484.21       308.62     2,792.83       285.98     2,506.85
7618          1.00         0.00         0.00         0.00         0.00         0.00         0.00         0.00         0.00       154.20         0.00        27.69          0.00     2,165.21       242.93     2,408.14       182.89     2,225.25
 
*** GLO     179.00         0.00     1,360.00       362.10         0.00     4,995.66     3,129.14       120.51         0.00    14,045.47         0.00     5,539.36      2,468.54   279,212.47                319,688.15    29,731.24   289,956.91
  






































































