EJECUTIVOS EN SERVICIOS DE ALIMENTOS, S.A. DE C.V.                                                                      Pagina: 0001
R.F.C.:                                                                                                                    2/NOV/19
REPORTE DE SUELDOS SEMANALES DEDUCCIONES


 
Codigo Desc Vales   Desc Zapatos Otras Deducc Desc Fonacot Pension Alim Desc Infonav Faltas       Inca Enferme Inca Riesgo  ISPT         Ajus ISPT    IMSS          Sub P/Empleo Tot Per Grav Tot Per Exce Total Percep Total Deducc Neto Pagado
..........................................................................................................................................................................................................................................
7840          1.00         0.00         0.00         0.00         0.00         0.00         0.00         0.00         0.00       271.34         0.00        49.55          0.00     2,645.33       440.80     3,086.13       321.89     2,764.24
7505          1.00         0.00         0.00         0.00         0.00         0.00         0.00         0.00         0.00         0.00         0.00        24.12         23.60     1,014.04       166.64     1,180.68        25.12     1,155.56
6600          1.00         0.00         0.00         0.00         0.00         0.00         0.00         0.00         0.00         0.00         0.00        20.07         24.07     1,093.13       260.16     1,353.29        21.07     1,332.22
7685          1.00         0.00         0.00         0.00         0.00         0.00         0.00         0.00         0.00         0.00         0.00        27.04         38.27       871.38       158.49     1,029.87        28.04     1,001.83
7331          1.00         0.00         0.00         0.00         0.00         0.00         0.00         0.00         0.00         0.00         0.00        23.71         38.27       871.38       209.99     1,081.37        24.71     1,056.66
5933          1.00         0.00         0.00         0.00         0.00         0.00         0.00         0.00         0.00         0.00         0.00        27.01         38.26       871.38       158.48     1,029.86        28.01     1,001.85
7170          1.00         0.00         0.00         0.00         0.00         0.00         0.00         0.00         0.00         0.00         0.00        30.70         38.26       871.38       158.48     1,029.86        31.70       998.16
7774          0.00         0.00         0.00         0.00         0.00         0.00         0.00         0.00         0.00         0.00         0.00         0.00          0.00         0.00         0.00         0.00         0.00         0.00
5201          1.00         0.00         0.00         0.00         0.00       312.81         0.00         0.00         0.00        98.69         0.00        36.20          0.00     1,427.46       209.19     1,636.65       448.70     1,187.95
3890          1.00         0.00         0.00         0.00         0.00         0.00         0.00         0.00         0.00       178.37         0.00        54.71          0.00     2,104.51       319.12     2,423.63       234.08     2,189.55
7834          1.00         0.00         0.00         0.00         0.00         0.00         0.00         0.00         0.00         0.00         0.00        23.59         29.39     1,014.04       172.43     1,186.47        24.59     1,161.88
7851          1.00         0.00         0.00         0.00         0.00         0.00         0.00         0.00         0.00         0.00         0.00         7.99         24.04       291.17        64.22       355.39         8.99       346.40
3652          1.00         0.00         0.00         0.00         0.00       380.99         0.00         0.00         0.00       194.96         0.00        51.13          0.00     2,224.52       425.21     2,649.73       628.08     2,021.65
1123          1.00         0.00         0.00         0.00         0.00         0.00         0.00         0.00         0.00         6.63         0.00        48.57          0.00     1,291.87       187.49     1,479.36        56.20     1,423.16
4044          1.00         0.00         0.00         0.00         0.00         0.00         0.00         0.00         0.00        17.60         0.00        33.04          0.00     1,305.66       252.41     1,558.07        51.64     1,506.43
7593          1.00         0.00         0.00         0.00         0.00         0.00         0.00         0.00         0.00         0.00         0.00        26.65         38.26       871.38       158.48     1,029.86        27.65     1,002.21
7259          1.00         0.00         0.00         0.00         0.00         0.00         0.00         0.00         0.00         0.00         0.00        21.27         38.91       861.38       159.13     1,020.51        22.27       998.24
7312          1.00         0.00         0.00         0.00         0.00         0.00       120.51         0.00         0.00         0.00         0.00        20.72         34.33       963.97       288.81     1,252.78       142.23     1,110.55
7338          1.00         0.00         0.00         0.00         0.00         0.00         0.00         0.00         0.00         0.00         0.00        24.12         29.14     1,014.04       172.18     1,186.22        25.12     1,161.10
5677          1.00         0.00         0.00         0.00         0.00         0.00         0.00         0.00         0.00         0.00         0.00        33.57          1.82     1,127.24       164.57     1,291.81        34.57     1,257.24
7737          1.00         0.00         0.00         0.00         0.00         0.00         0.00         0.00         0.00         0.00         0.00        19.82         34.14       935.76       218.73     1,154.49        20.82     1,133.67
6210          1.00         0.00         0.00         0.00         0.00         0.00         0.00         0.00         0.00         9.92         0.00        27.88          0.00     1,210.01       210.34     1,420.35        38.80     1,381.55
6213          1.00         0.00         0.00         0.00         0.00         0.00         0.00         0.00         0.00         0.00         0.00        25.36         70.29     1,004.04       213.33     1,217.37        26.36     1,191.01
7812          1.00         0.00         0.00         0.00         0.00         0.00         0.00         0.00         0.00         0.00         0.00        21.62         35.79       910.01       194.63     1,104.64        22.62     1,082.02
0849          1.00         0.00         0.00         0.00         0.00         0.00         0.00         0.00         0.00         0.00         0.00        28.63         15.44     1,089.04       158.48     1,247.52        29.63     1,217.89
7536          1.00         0.00         0.00         0.00         0.00         0.00         0.00         0.00         0.00         0.00         0.00        20.18          9.90     1,286.26       323.24     1,609.50        21.18     1,588.32
7430          1.00         0.00         0.00         0.00         0.00         0.00         0.00         0.00         0.00       168.69         0.00        69.76          0.00     2,058.16       275.21     2,333.37       239.45     2,093.92
5181          1.00         0.00         0.00         0.00         0.00         0.00         0.00         0.00         0.00         0.00         0.00        20.64         38.27       871.38       158.49     1,029.87        21.64     1,008.23
7655          1.00         0.00         0.00         0.00         0.00         0.00         0.00         0.00       576.80         0.00         0.00         9.66         56.39       775.70       119.05       894.75       587.46       307.29
7057          1.00         0.00         0.00         0.00         0.00         0.00         0.00         0.00         0.00         0.00         0.00        23.94         98.59       861.38       218.81     1,080.19        24.94     1,055.25
5558          1.00         0.00         0.00         0.00         0.00         0.00         0.00         0.00         0.00         0.00         0.00        30.74         69.72     1,014.04       212.76     1,226.80        31.74     1,195.06
4746          1.00         0.00         0.00         0.00         0.00       289.23       175.60         0.00         0.00         0.00         0.00        31.31         18.88     1,233.03       163.10     1,396.13       497.14       898.99
7663          1.00         0.00         0.00         0.00         0.00         0.00         0.00         0.00         0.00         0.00         0.00        27.30          8.72     1,125.72       128.94     1,254.66        28.30     1,226.36
7407          1.00         0.00         0.00         0.00         0.00         0.00         0.00         0.00         0.00         0.00         0.00        29.01         43.41       871.38       163.63     1,035.01        30.01     1,005.00
7828          1.00         0.00         0.00         0.00         0.00         0.00         0.00         0.00         0.00         0.00         0.00        22.14         30.12     1,002.69       203.78     1,206.47        23.14     1,183.33
7773          1.00         0.00         0.00         0.00         0.00         0.00       241.02         0.00         0.00         0.00         0.00        16.59         32.70     1,025.94       331.94     1,357.88       258.61     1,099.27
7839          1.00         0.00         0.00         0.00         0.00         0.00         0.00         0.00         0.00       179.97         0.00        53.71          0.00     2,114.51       319.12     2,433.63       234.68     2,198.95
1424          1.00         0.00       250.00         0.00         0.00       457.22         0.00         0.00         0.00       347.21         0.00        96.37          0.00     3,019.91       770.55     3,790.46     1,151.80     2,638.66
5280          1.00         0.00         0.00       362.10         0.00       435.11         0.00         0.00         0.00       152.33         0.00        48.39          0.00     1,920.48       289.67     2,210.15       998.93     1,211.22
7742          1.00         0.00         0.00         0.00         0.00         0.00         0.00         0.00         0.00         0.00         0.00        19.82         45.48       861.38       165.70     1,027.08        20.82     1,006.26
6461          1.00         0.00       200.00         0.00         0.00         0.00         0.00         0.00         0.00         2.18         0.00        30.67          0.00     1,228.09       295.00     1,523.09       233.85     1,289.24
6765          1.00         0.00       300.00         0.00         0.00         0.00         0.00         0.00         0.00         6.70         0.00        35.47          0.00     1,291.87       438.60     1,730.47       343.17     1,387.30
7694          1.00         0.00         0.00         0.00         0.00         0.00         0.00         0.00         0.00         0.00         0.00        22.10         38.46       871.38       210.18     1,081.56        23.10     1,058.46

















































EJECUTIVOS EN SERVICIOS DE ALIMENTOS, S.A. DE C.V.                                                                      Pagina: 0002
R.F.C.:                                                                                                                    2/NOV/19
REPORTE DE SUELDOS SEMANALES DEDUCCIONES


 
Codigo Desc Vales   Desc Zapatos Otras Deducc Desc Fonacot Pension Alim Desc Infonav Faltas       Inca Enferme Inca Riesgo  ISPT         Ajus ISPT    IMSS          Sub P/Empleo Tot Per Grav Tot Per Exce Total Percep Total Deducc Neto Pagado
..........................................................................................................................................................................................................................................
6657          0.00         0.00         0.00         0.00         0.00         0.00         0.00         0.00         0.00         0.00         0.00         0.00          0.00         0.00         0.00         0.00         0.00         0.00
5000          1.00         0.00         0.00         0.00         0.00         0.00         0.00         0.00         0.00         0.00         0.00        29.00         15.48     1,129.61       177.01     1,306.62        30.00     1,276.62
5644          1.00         0.00         0.00         0.00         0.00       331.25         0.00         0.00         0.00        34.81         0.00        29.88          0.00     1,399.97       296.26     1,696.23       396.94     1,299.29
6638          1.00         0.00         0.00         0.00         0.00         0.00         0.00         0.00         0.00         0.00         0.00        21.08         38.27       871.38       158.49     1,029.87        22.08     1,007.79
7800          1.00         0.00         0.00         0.00         0.00         0.00         0.00         0.00         0.00         0.00         0.00        20.31         29.01     1,015.88       303.73     1,319.61        21.31     1,298.30
6690          1.00         0.00         0.00         0.00         0.00         0.00         0.00         0.00         0.00         0.00         0.00        21.32         24.07     1,093.13       260.16     1,353.29        22.32     1,330.97
7168          1.00         0.00         0.00         0.00         0.00         0.00         0.00         0.00         0.00         0.00         0.00        28.78         44.72       871.38       216.44     1,087.82        29.78     1,058.04
4233          0.00         0.00         0.00         0.00         0.00         0.00         0.00         0.00         0.00         0.00         0.00        18.65         28.10     1,030.23        66.72     1,096.95        18.65     1,078.30
7786          1.00         0.00         0.00         0.00         0.00         0.00         0.00         0.00         0.00         0.00         0.00        20.19         38.91       861.38       159.13     1,020.51        21.19       999.32
4314          1.00         0.00         0.00         0.00         0.00         0.00         0.00         0.00         0.00       170.75         0.00        60.16          0.00     2,056.90       404.80     2,461.70       231.91     2,229.79
7843          1.00         0.00         0.00         0.00         0.00         0.00         0.00         0.00         0.00         0.00         0.00        18.65         35.79       910.01       194.63     1,104.64        19.65     1,084.99
7848          1.00         0.00         0.00         0.00         0.00         0.00       144.20         0.00         0.00         0.00         0.00         8.69         35.02       304.47        59.06       363.53       153.89       209.64
7632          1.00         0.00         0.00         0.00         0.00         0.00         0.00         0.00         0.00         0.00         0.00        26.13         34.97       922.88       206.69     1,129.57        27.13     1,102.44
6504          1.00         0.00         0.00         0.00         0.00         0.00         0.00         0.00         0.00         0.00         0.00        22.83         38.27       871.38       158.49     1,029.87        23.83     1,006.04
7842          1.00         0.00       100.00         0.00         0.00         0.00       120.51         0.00         0.00         0.00         0.00        16.69         44.75       860.76       209.59     1,070.35       238.20       832.15
7801          1.00         0.00         0.00         0.00         0.00         0.00         0.00         0.00         0.00         0.00         0.00        21.88         38.26       871.38       158.48     1,029.86        22.88     1,006.98
7604          1.00         0.00         0.00         0.00         0.00         0.00         0.00         0.00         0.00         0.00         0.00        21.40         44.72       871.38       164.94     1,036.32        22.40     1,013.92
7061          1.00         0.00         0.00         0.00         0.00         0.00         0.00         0.00         0.00         0.00         0.00        30.29         15.88     1,125.86       136.10     1,261.96        31.29     1,230.67
7805          0.00         0.00         0.00         0.00         0.00         0.00       572.92         0.00         0.00         0.00         0.00        17.22         76.21     1,000.86        76.21     1,077.07       590.14       486.93
7847          1.00         0.00         0.00         0.00         0.00         0.00         0.00         0.00         0.00         0.00         0.00        13.32         37.80       520.82       109.93       630.75        14.32       616.43
7633          1.00         0.00         0.00         0.00         0.00         0.00         0.00         0.00         0.00         0.00         0.00        22.99         38.91       861.38       159.13     1,020.51        23.99       996.52
7428          1.00         0.00         0.00         0.00         0.00         0.00         0.00         0.00         0.00         0.00         0.00        25.15         37.44       884.26       170.53     1,054.79        26.15     1,028.64
2897          1.00         0.00         0.00         0.00         0.00         0.00         0.00         0.00         0.00         0.00         0.00        19.86         38.91       861.38       159.13     1,020.51        20.86       999.65
7558          1.00         0.00         0.00         0.00         0.00         0.00         0.00         0.00         0.00         0.00         0.00        23.03         28.79     1,019.44       239.13     1,258.57        24.03     1,234.54
6360          1.00         0.00         0.00         0.00         0.00         0.00         0.00         0.00         0.00         0.00         0.00        21.39         41.66       922.88       213.38     1,136.26        22.39     1,113.87
7614          1.00         0.00         0.00         0.00         0.00         0.00         0.00         0.00         0.00        90.73         0.00        30.06          0.00     1,904.45       293.04     2,197.49       121.79     2,075.70
3318          1.00         0.00         0.00         0.00         0.00       500.52         0.00         0.00         0.00       186.44         0.00        60.38          0.00     2,183.88       313.42     2,497.30       748.34     1,748.96
7706          1.00         0.00         0.00         0.00         0.00         0.00       120.51         0.00         0.00         0.00         0.00        20.64         52.41       835.01       191.50     1,026.51       142.15       884.36
7804          1.00         0.00         0.00         0.00         0.00         0.00         0.00         0.00         0.00        46.90         0.00        39.55          0.00     1,564.18       232.66     1,796.84        87.45     1,709.39
5139          1.00         0.00         0.00         0.00         0.00       759.20         0.00         0.00         0.00       270.04         0.00        84.29          0.00     2,638.09       293.88     2,931.97     1,114.53     1,817.44
6083          1.00         0.00         0.00         0.00         0.00         0.00         0.00         0.00         0.00         0.00         0.00        29.84         14.38     1,075.79       299.14     1,374.93        30.84     1,344.09
6766          1.00         0.00         0.00         0.00         0.00         0.00         0.00         0.00         0.00         0.00         0.00        26.31          5.12     1,165.52       212.55     1,378.07        27.31     1,350.76
4137          1.00         0.00         0.00         0.00         0.00         0.00         0.00         0.00         0.00       371.81         0.00       137.60          0.00     3,135.04       482.40     3,617.44       510.41     3,107.03
7542          1.00         0.00         0.00         0.00         0.00         0.00         0.00         0.00         0.00         0.00         0.00        26.38         38.26       871.38       158.48     1,029.86        27.38     1,002.48
7756          1.00         0.00         0.00         0.00         0.00         0.00         0.00         0.00         0.00         0.00         0.00        22.59         29.84     1,003.01       291.68     1,294.69        23.59     1,271.10
7759          0.00         0.00         0.00         0.00         0.00         0.00         0.00         0.00         0.00         0.00         0.00         0.00          0.00         0.00         0.00         0.00         0.00         0.00
3780          1.00         0.00         0.00         0.00         0.00         0.00         0.00         0.00         0.00        58.62         0.00        37.18          0.00     1,595.85       287.58     1,883.43        96.80     1,786.63
6205          1.00         0.00         0.00         0.00         0.00         0.00         0.00         0.00         0.00         0.00         0.00        24.81         19.25     1,067.06       257.29     1,324.35        25.81     1,298.54
5027          1.00         0.00         0.00         0.00         0.00         0.00         0.00         0.00         0.00         9.36         0.00        34.61          0.00     1,230.04       143.04     1,373.08        44.97     1,328.11
7791          1.00         0.00         0.00         0.00         0.00         0.00         0.00         0.00         0.00         0.00         0.00        21.37         38.27       871.38       158.49     1,029.87        22.37     1,007.50
7818          1.00         0.00         0.00         0.00         0.00         0.00         0.00         0.00         0.00         0.00         0.00        24.46         70.29     1,004.04       213.33     1,217.37        25.46     1,191.91
7815          1.00         0.00         0.00         0.00         0.00         0.00         0.00         0.00         0.00         0.00         0.00        19.81         38.91       861.38       159.13     1,020.51        20.81       999.70
6839          1.00         0.00         0.00         0.00         0.00         0.00         0.00         0.00         0.00         0.00         0.00        25.71         32.91       955.07       236.81     1,191.88        26.71     1,165.17

















































EJECUTIVOS EN SERVICIOS DE ALIMENTOS, S.A. DE C.V.                                                                      Pagina: 0003
R.F.C.:                                                                                                                    2/NOV/19
REPORTE DE SUELDOS SEMANALES DEDUCCIONES


 
Codigo Desc Vales   Desc Zapatos Otras Deducc Desc Fonacot Pension Alim Desc Infonav Faltas       Inca Enferme Inca Riesgo  ISPT         Ajus ISPT    IMSS          Sub P/Empleo Tot Per Grav Tot Per Exce Total Percep Total Deducc Neto Pagado
..........................................................................................................................................................................................................................................
5646          1.00         0.00         0.00         0.00         0.00         0.00         0.00         0.00         0.00         0.00         0.00        26.98         38.26       871.38       158.48     1,029.86        27.98     1,001.88
7708          1.00         0.00         0.00         0.00         0.00         0.00         0.00         0.00         0.00         0.00         0.00        21.39         38.26       871.38       158.48     1,029.86        22.39     1,007.47
7833          0.00         0.00         0.00         0.00         0.00         0.00         0.00         0.00         0.00         0.00         0.00         0.00          0.00         0.00         0.00         0.00         0.00         0.00
5679          1.00         0.00         0.00         0.00         0.00         0.00         0.00         0.00         0.00         1.38         0.00        35.62          0.00     1,220.68       411.96     1,632.64        38.00     1,594.64
7530          1.00         0.00         0.00         0.00         0.00         0.00         0.00         0.00         0.00         0.00         0.00        25.35         33.73       942.19       224.76     1,166.95        26.35     1,140.60
6028          1.00         0.00         0.00         0.00         0.00       399.30         0.00         0.00         0.00        87.43         0.00        34.39          0.00     1,773.63       415.82     2,189.45       522.12     1,667.33
6565          1.00         0.00         0.00         0.00         0.00         0.00         0.00         0.00         0.00         0.00         0.00        27.42         22.61     1,116.00       194.33     1,310.33        28.42     1,281.91
7731          1.00         0.00         0.00         0.00         0.00         0.00         0.00         0.00         0.00         0.00         0.00        23.62         38.09       874.26       171.18     1,045.44        24.62     1,020.82
7753          1.00         0.00         0.00         0.00         0.00         0.00         0.00         0.00         0.00         0.00         0.00        30.07         17.51     1,107.04       315.05     1,422.09        31.07     1,391.02
3676          1.00         0.00         0.00         0.00         0.00         0.00         0.00         0.00         0.00        79.99         0.00        35.79          0.00     1,705.19       328.59     2,033.78       116.78     1,917.00
3221          1.00         0.00         0.00         0.00         0.00         0.00         0.00         0.00         0.00         0.00         0.00        33.33          0.29     1,228.24       237.38     1,465.62        34.33     1,431.29
7741          1.00         0.00         0.00         0.00         0.00         0.00         0.00         0.00         0.00         0.00         0.00        19.83         38.91       861.38       159.13     1,020.51        20.83       999.68
7779          1.00         0.00         0.00         0.00         0.00         0.00         0.00         0.00         0.00        21.16         0.00        27.37          0.00     1,274.39       201.22     1,475.61        49.53     1,426.08
7269          1.00         0.00         0.00         0.00         0.00         0.00         0.00         0.00         0.00         0.00         0.00        25.38         38.27       871.38       158.49     1,029.87        26.38     1,003.49
7844          1.00         0.00         0.00         0.00         0.00         0.00         0.00         0.00         0.00         0.00         0.00        15.99         34.01       727.93       134.48       862.41        16.99       845.42
7845          1.00         0.00         0.00         0.00         0.00         0.00         0.00         0.00         0.00         0.00         0.00        15.87         23.79       677.72       119.42       797.14        16.87       780.27
2522          1.00         0.00         0.00         0.00         0.00         0.00         0.00         0.00         0.00         0.00         0.00        27.19         34.96       922.88       206.68     1,129.56        28.19     1,101.37
0236          1.00         0.00         0.00         0.00         0.00       523.01         0.00         0.00         0.00       162.81         0.00        68.68          0.00     2,007.27       378.67     2,385.94       755.50     1,630.44
7080          1.00         0.00         0.00         0.00         0.00         0.00         0.00         0.00         0.00       266.77         0.00        39.91          0.00     2,293.42       330.80     2,624.22       307.68     2,316.54
5965          1.00         0.00         0.00         0.00         0.00         0.00         0.00         0.00         0.00         0.00         0.00        31.39         15.48     1,129.61       177.01     1,306.62        32.39     1,274.23
5447          1.00         0.00         0.00         0.00         0.00         0.00         0.00         0.00         0.00         0.00         0.00        26.90         70.29     1,004.04       213.33     1,217.37        27.90     1,189.47
6685          1.00         0.00         0.00         0.00         0.00         0.00         0.00         0.00         0.00         0.00         0.00        22.26         38.52       897.13       184.49     1,081.62        23.26     1,058.36
5549          1.00         0.00         0.00         0.00         0.00         0.00         0.00         0.00         0.00         0.00         0.00        24.52         38.26       871.38       209.98     1,081.36        25.52     1,055.84
0854          1.00         0.00         0.00         0.00         0.00       326.19         0.00         0.00         0.00        88.99         0.00        38.44          0.00     1,722.87       355.68     2,078.55       454.62     1,623.93
7295          1.00         0.00         0.00         0.00         0.00         0.00         0.00         0.00         0.00         0.00         0.00        26.94         38.26       871.38       158.48     1,029.86        27.94     1,001.92
6832          1.00         0.00         0.00         0.00         0.00         0.00         0.00         0.00         0.00         0.00         0.00        26.02         35.79       910.01       194.63     1,104.64        27.02     1,077.62
4807          1.00         0.00         0.00         0.00         0.00         0.00         0.00         0.00         0.00       510.36         0.00       161.30          0.00     3,783.66       564.20     4,347.86       672.66     3,675.20
6821          1.00         0.00         0.00         0.00         0.00         0.00         0.00         0.00         0.00         0.00         0.00        38.56          9.12     1,119.61       170.65     1,290.26        39.56     1,250.70
7850          1.00         0.00         0.00         0.00         0.00         0.00         0.00         0.00         0.00         0.00         0.00         7.99         24.04       291.17        64.22       355.39         8.99       346.40
3169          1.00         0.00         0.00         0.00         0.00         0.00         0.00         0.00         0.00         0.00         0.00        25.48         38.27       871.38       158.49     1,029.87        26.48     1,003.39
4514          1.00         0.00         0.00         0.00         0.00       550.29         0.00         0.00         0.00        16.10         0.00        53.47          0.00     1,291.87       187.49     1,479.36       620.86       858.50
7814          1.00         0.00         0.00         0.00         0.00         0.00         0.00         0.00         0.00         0.00         0.00        23.34         26.15     1,004.04       169.19     1,173.23        24.34     1,148.89
7104          1.00         0.00         0.00         0.00         0.00         0.00         0.00         0.00         0.00         0.00         0.00        27.29         24.68     1,004.04       167.72     1,171.76        28.29     1,143.47
7754          1.00         0.00         0.00         0.00         0.00         0.00         0.00         0.00         0.00         0.00         0.00        22.25         38.26       871.38       158.48     1,029.86        23.25     1,006.61
7717          1.00         0.00         0.00         0.00         0.00         0.00         0.00         0.00         0.00        17.60         0.00        33.88          0.00     1,305.66       189.70     1,495.36        52.48     1,442.88
6014          1.00         0.00         0.00         0.00         0.00         0.00         0.00         0.00         0.00         2.29         0.00        27.02          0.00     1,229.08       260.99     1,490.07        30.31     1,459.76
7775          1.00         0.00         0.00         0.00         0.00         0.00         0.00         0.00         0.00         0.00         0.00        20.97         38.09       874.26       171.18     1,045.44        21.97     1,023.47
7783          0.00         0.00         0.00         0.00         0.00         0.00         0.00         0.00         0.00         0.00         0.00         0.00          0.00         0.00         0.00         0.00         0.00         0.00
7551          1.00         0.00         0.00         0.00         0.00         0.00         0.00         0.00         0.00         0.00         0.00        30.29         15.88     1,125.86       136.10     1,261.96        31.29     1,230.67
7715          1.00         0.00         0.00         0.00         0.00         0.00         0.00         0.00         0.00         0.00         0.00        24.65         38.27       871.38       209.99     1,081.37        25.65     1,055.72
3827          1.00         0.00         0.00         0.00         0.00         0.00         0.00         0.00         0.00         0.00         0.00        27.68          8.89     1,127.30       255.02     1,382.32        28.68     1,353.64
5412          1.00         0.00         0.00         0.00         0.00         0.00         0.00         0.00         0.00         0.00         0.00        20.32         36.43       900.01       195.27     1,095.28        21.32     1,073.96
4504          1.00         0.00         0.00         0.00         0.00         0.00         0.00         0.00         0.00       193.63         0.00        57.11          0.00     2,199.89       318.38     2,518.27       251.74     2,266.53

















































EJECUTIVOS EN SERVICIOS DE ALIMENTOS, S.A. DE C.V.                                                                      Pagina: 0004
R.F.C.:                                                                                                                    2/NOV/19
REPORTE DE SUELDOS SEMANALES DEDUCCIONES


 
Codigo Desc Vales   Desc Zapatos Otras Deducc Desc Fonacot Pension Alim Desc Infonav Faltas       Inca Enferme Inca Riesgo  ISPT         Ajus ISPT    IMSS          Sub P/Empleo Tot Per Grav Tot Per Exce Total Percep Total Deducc Neto Pagado
..........................................................................................................................................................................................................................................
7395          1.00         0.00         0.00         0.00         0.00         0.00         0.00         0.00         0.00         0.00         0.00        26.40          8.03     1,157.19       258.94     1,416.13        27.40     1,388.73
0214          1.00         0.00         0.00         0.00         0.00         0.00         0.00         0.00         0.00       584.79         0.00       161.69          0.00     4,132.16       912.70     5,044.86       747.48     4,297.38
7849          1.00         0.00         0.00         0.00         0.00         0.00         0.00         0.00         0.00         0.00         0.00        10.66         34.47       350.55        82.55       433.10        11.66       421.44
6321          1.00         0.00         0.00         0.00         0.00         0.00         0.00         0.00         0.00         0.00         0.00        27.12         34.24       934.17       164.50     1,098.67        28.12     1,070.55
5232          1.00         0.00         0.00         0.00         0.00         0.00         0.00         0.00         0.00         0.00         0.00        33.46         45.19     1,129.79       213.98     1,343.77        34.46     1,309.31
4958          1.00         0.00         0.00         0.00         0.00         0.00         0.00         0.00         0.00         0.00         0.00        26.83         38.26       871.38       158.48     1,029.86        27.83     1,002.03
3979          1.00         0.00         0.00         0.00         0.00         0.00         0.00         0.00         0.00       420.97         0.00       152.85          0.00     3,365.20       519.23     3,884.43       574.82     3,309.61
0442          1.00         0.00         0.00         0.00         0.00         0.00         0.00         0.00         0.00        32.71         0.00        38.94          0.00     1,444.56       269.98     1,714.54        72.65     1,641.89
7699          1.00         0.00         0.00         0.00         0.00         0.00       120.51         0.00         0.00         0.00         0.00        19.08         54.75       796.38       155.22       951.60       140.59       811.01
7330          0.00         0.00         0.00         0.00         0.00         0.00         0.00         0.00         0.00         0.00         0.00         0.00          0.00         0.00         0.00         0.00         0.00         0.00
7719          1.00         0.00         0.00         0.00         0.00         0.00         0.00         0.00         0.00         0.00         0.00        24.25         38.26       871.38       158.48     1,029.86        25.25     1,004.61
7841          1.00         0.00         0.00         0.00         0.00         0.00         0.00         0.00         0.00         0.00         0.00        18.65         35.88       871.38       156.10     1,027.48        19.65     1,007.83
7846          1.00         0.00         0.00         0.00         0.00         0.00         0.00         0.00         0.00         0.00         0.00        15.87         23.79       677.72       119.42       797.14        16.87       780.27
7421          1.00         0.00         0.00         0.00         0.00         0.00         0.00         0.00         0.00         0.00         0.00        25.43         22.31     1,025.88       258.40     1,284.28        26.43     1,257.85
7776          1.00         0.00         0.00         0.00         0.00         0.00         0.00         0.00         0.00         0.00         0.00        19.83         38.91       861.38       159.13     1,020.51        20.83       999.68
7823          1.00         0.00         0.00         0.00         0.00         0.00         0.00         0.00         0.00         0.00         0.00        21.38         38.26       871.38       158.48     1,029.86        22.38     1,007.48
7298          1.00         0.00         0.00         0.00         0.00         0.00         0.00         0.00         0.00       215.69         0.00        48.33          0.00     1,966.28       372.80     2,339.08       265.02     2,074.06
7758          1.00         0.00         0.00         0.00         0.00         0.00         0.00         0.00         0.00         0.00         0.00        24.01         38.27       871.38       158.49     1,029.87        25.01     1,004.86
5396          1.00         0.00         0.00         0.00         0.00         0.00         0.00         0.00         0.00         0.00         0.00        27.39         37.85       877.82       164.50     1,042.32        28.39     1,013.93
5704          1.00         0.00         0.00         0.00         0.00         0.00         0.00         0.00         0.00        21.67         0.00        37.09          0.00     1,343.12       197.29     1,540.41        59.76     1,480.65
7503          1.00         0.00         0.00         0.00         0.00         0.00         0.00         0.00         0.00         0.00         0.00        25.08         26.56     1,054.19       303.22     1,357.41        26.08     1,331.33
7588          1.00         0.00         0.00         0.00         0.00         0.00         0.00         0.00         0.00         0.00         0.00        27.94         38.26       871.38       158.48     1,029.86        28.94     1,000.92
7821          1.00         0.00         0.00         0.00         0.00         0.00         0.00         0.00         0.00         0.00         0.00        23.47         29.39     1,014.04       172.43     1,186.47        24.47     1,162.00
5588          1.00         0.00         0.00         0.00         0.00         0.00         0.00         0.00         0.00         0.00         0.00        21.45         38.26       871.38       158.48     1,029.86        22.45     1,007.41
6203          1.00         0.00         0.00         0.00         0.00         0.00         0.00         0.00         0.00         0.00         0.00        25.64          1.32     1,195.81       303.73     1,499.54        26.64     1,472.90
6582          1.00         0.00         0.00         0.00         0.00         0.00         0.00         0.00         0.00         0.00         0.00        20.93         38.09       874.26       171.18     1,045.44        21.93     1,023.51
7392          1.00         0.00         0.00         0.00         0.00         0.00         0.00         0.00         0.00         0.00         0.00        24.25         41.91       871.38       162.13     1,033.51        25.25     1,008.26
7226          1.00         0.00         0.00         0.00         0.00         0.00         0.00         0.00         0.00         0.00         0.00        31.27         29.39     1,014.04       172.43     1,186.47        32.27     1,154.20
7664          1.00         0.00         0.00         0.00         0.00         0.00         0.00         0.00         0.00         0.00         0.00        26.75         38.26       871.38       158.48     1,029.86        27.75     1,002.11
7766          1.00         0.00         0.00         0.00         0.00       357.28         0.00         0.00         0.00         0.00         0.00        20.31         38.91       861.38       159.13     1,020.51       378.59       641.92
3326          1.00         0.00         0.00         0.00         0.00       352.72         0.00         0.00         0.00        40.30         0.00        43.82          0.00     1,427.46       209.19     1,636.65       437.84     1,198.81
0449          1.00         0.00       300.00         0.00         0.00       386.21         0.00         0.00         0.00        94.89         0.00        34.80          0.00     1,412.89       224.26     1,637.15       816.90       820.25
6934          1.00         0.00         0.00         0.00         0.00         0.00         0.00         0.00         0.00       342.85         0.00        84.50          0.00     2,999.45       460.71     3,460.16       428.35     3,031.81
7770          1.00         0.00         0.00         0.00         0.00         0.00       361.53         0.00         0.00         0.00         0.00        17.95         69.34       497.11        89.43       586.54       380.48       206.06
7137          1.00         0.00         0.00         0.00         0.00         0.00         0.00         0.00         0.00        49.60         0.00        35.89          0.00     1,512.90       195.11     1,708.01        86.49     1,621.52
6682          1.00         0.00         0.00         0.00         0.00         0.00       144.20         0.00         0.00         0.00         0.00        17.70         50.20       785.30       146.37       931.67       162.90       768.77
1269          1.00         0.00         0.00         0.00         0.00         0.00         0.00         0.00         0.00         0.00         0.00        19.98         36.43       900.01       195.27     1,095.28        20.98     1,074.30
6006          1.00         0.00         0.00         0.00         0.00         0.00         0.00         0.00         0.00         0.00         0.00        19.80         38.91       861.38       159.13     1,020.51        20.80       999.71
1419          1.00         0.00         0.00         0.00         0.00       268.68         0.00         0.00         0.00        39.67         0.00        51.65          0.00     1,497.60       220.41     1,718.01       361.00     1,357.01
3525          1.00         0.00         0.00         0.00         0.00         0.00         0.00         0.00         0.00         0.00         0.00        32.09         15.25     1,090.76       170.57     1,261.33        33.09     1,228.24
6885          1.00         0.00         0.00         0.00         0.00         0.00         0.00         0.00         0.00         0.00         0.00        25.70          3.42     1,103.13       162.26     1,265.39        26.70     1,238.69
4775          1.00         0.00         0.00         0.00         0.00         0.00         0.00         0.00         0.00         0.00         0.00        25.85          8.61     1,131.76       321.95     1,453.71        26.85     1,426.86
7528          1.00         0.00         0.00         0.00         0.00         0.00         0.00         0.00         0.00         0.00         0.00        25.90         13.30     1,054.19       238.46     1,292.65        26.90     1,265.75

















































EJECUTIVOS EN SERVICIOS DE ALIMENTOS, S.A. DE C.V.                                                                      Pagina: 0005
R.F.C.:                                                                                                                    2/NOV/19
REPORTE DE SUELDOS SEMANALES DEDUCCIONES


 
Codigo Desc Vales   Desc Zapatos Otras Deducc Desc Fonacot Pension Alim Desc Infonav Faltas       Inca Enferme Inca Riesgo  ISPT         Ajus ISPT    IMSS          Sub P/Empleo Tot Per Grav Tot Per Exce Total Percep Total Deducc Neto Pagado
..........................................................................................................................................................................................................................................
4832          1.00         0.00         0.00         0.00         0.00         0.00         0.00         0.00         0.00         0.00         0.00        27.97         38.26       871.38       158.48     1,029.86        28.97     1,000.89
7836          1.00         0.00         0.00         0.00         0.00         0.00         0.00         0.00         0.00         0.00         0.00        20.04         22.31     1,025.88       181.15     1,207.03        21.04     1,185.99
7824          1.00         0.00         0.00         0.00         0.00         0.00         0.00         0.00         0.00         0.00         0.00        21.34         38.27       871.38       158.49     1,029.87        22.34     1,007.53
3321          1.00         0.00         0.00         0.00         0.00         0.00         0.00         0.00         0.00       192.89         0.00        73.39          0.00     2,297.40       312.06     2,609.46       267.28     2,342.18
2112          1.00         0.00         0.00         0.00         0.00         0.00         0.00         0.00         0.00         0.00         0.00        23.40         38.27       871.38       158.49     1,029.87        24.40     1,005.47
0624          1.00         0.00         0.00         0.00         0.00         0.00         0.00         0.00         0.00       153.55         0.00        60.78          0.00     2,061.75       430.35     2,492.10       215.33     2,276.77
6877          1.00         0.00       200.00       194.15         0.00         0.00         0.00         0.00         0.00         0.00         0.00        27.81         50.32     1,080.76       205.64     1,286.40       422.96       863.44
4385          1.00         0.00         0.00         0.00         0.00         0.00         0.00         0.00         0.00        18.97         0.00        31.46          0.00     1,318.33       169.33     1,487.66        51.43     1,436.23
7378          1.00         0.00         0.00         0.00         0.00         0.00         0.00         0.00         0.00         0.00         0.00        21.27         46.82       871.38       218.54     1,089.92        22.27     1,067.65
0366          1.00         0.00         0.00         0.00         0.00         0.00         0.00         0.00         0.00       343.09         0.00       105.70          0.00     3,000.58       462.49     3,463.07       449.79     3,013.28
7755          1.00         0.00         0.00         0.00         0.00         0.00         0.00         0.00         0.00         0.00         0.00        23.43         34.97       922.88       206.69     1,129.57        24.43     1,105.14
6206          1.00         0.00         0.00         0.00         0.00         0.00         0.00         0.00         0.00        18.41         0.00        31.28          0.00     1,313.23       299.25     1,612.48        50.69     1,561.79
4366          1.00         0.00         0.00         0.00         0.00         0.00         0.00         0.00         0.00         0.00         0.00        23.61         22.63     1,014.04       165.67     1,179.71        24.61     1,155.10
7618          1.00         0.00         0.00         0.00         0.00         0.00       241.02         0.00         0.00         0.00         0.00        17.82         55.03       781.31       135.40       916.71       259.84       656.87
 
*** GLO     178.00         0.00     1,350.00       556.25         0.00     6,630.01     2,362.53         0.00       576.80     6,892.61         0.00     5,822.88      4,473.03   215,534.92                255,916.16    24,369.08   231,547.08
  











































































