EJECUTIVOS EN SERVICIOS DE ALIMENTOS, S.A. DE C.V.                                                                      Pagina: 0001
R.F.C.:                                                                                                                    2/NOV/19
REPORTE DE SUELDOS SEMANALES DEDUCCIONES


 
Codigo Desc Vales   Desc Zapatos Otras Deducc Desc Fonacot Pension Alim Desc Infonav Faltas       Inca Enferme Inca Riesgo  ISPT         Ajus ISPT    IMSS          Sub P/Empleo Tot Per Grav Tot Per Exce Total Percep Total Deducc Neto Pagado
..........................................................................................................................................................................................................................................
7879          1.00         0.00         0.00         0.00         0.00         0.00         0.00         0.00         0.00        79.41         0.00        26.87          0.00     1,871.38       120.22     1,991.60       107.28     1,884.32
6600          1.00         0.00         0.00         0.00         0.00       246.12         0.00         0.00         0.00         0.00         0.00        21.43         35.75       910.59       169.24     1,079.83       268.55       811.28
7685          1.00         0.00         0.00         0.00         0.00         0.00       120.51         0.00         0.00        30.50         0.00        22.21          0.00     1,832.13       106.18     1,938.31       174.22     1,764.09
7331          1.00         0.00         0.00         0.00         0.00         0.00       120.51         0.00         0.00         0.00         0.00        24.75         45.99     1,042.10       300.96     1,343.06       146.26     1,196.80
5933          1.00         0.00         0.00         0.00         0.00         0.00         0.00         0.00         0.00       104.73         0.00        25.05          0.00     2,030.03       165.68     2,195.71       130.78     2,064.93
7170          1.00         0.00         0.00         0.00         0.00         0.00         0.00         0.00         0.00       102.69         0.00        25.92          0.00     1,914.15       127.06     2,041.21       129.61     1,911.60
5201          1.00         0.00         0.00         0.00         0.00       335.50         0.00         0.00         0.00        47.98         0.00        36.80          0.00     1,498.02       220.48     1,718.50       421.28     1,297.22
3890          1.00         0.00         0.00         0.00         0.00         0.00         0.00         0.00         0.00       178.36         0.00        54.41          0.00     2,104.51       319.12     2,423.63       233.77     2,189.86
7834          1.00         0.00         0.00         0.00         0.00         0.00         0.00         0.00         0.00       123.61         0.00        23.58          0.00     2,014.04       143.04     2,157.08       148.19     2,008.89
1123          1.00         0.00         0.00         0.00         0.00         0.00         0.00         0.00         0.00        91.59         0.00        33.05          0.00     1,637.85       338.80     1,976.65       125.64     1,851.01
7959          1.00         0.00         0.00         0.00         0.00         0.00         0.00         0.00         0.00       100.91         0.00        19.71          0.00     2,032.16       120.22     2,152.38       121.62     2,030.76
8016          1.00         0.00         0.00         0.00         0.00         0.00         0.00         0.00         0.00         0.00         0.00        18.65         38.90       861.38       159.12     1,020.50        19.65     1,000.85
7977          1.00         0.00         0.00         0.00         0.00         0.00         0.00         0.00         0.00         0.00         0.00        18.65         16.52     1,109.41       213.99     1,323.40        19.65     1,303.75
8021          1.00         0.00         0.00         0.00         0.00         0.00         0.00         0.00         0.00         0.00         0.00        18.65         38.27       871.38       158.49     1,029.87        19.65     1,010.22
8027          1.00         0.00         0.00         0.00         0.00         0.00         0.00         0.00         0.00         0.00         0.00        18.65         20.83     1,042.16       192.55     1,234.71        19.65     1,215.06
7986          1.00         0.00         0.00         0.00         0.00         0.00       120.51         0.00         0.00         0.00         0.00        16.69         36.37       939.10       188.34     1,127.44       138.20       989.24
8022          1.00         0.00         0.00         0.00         0.00         0.00       241.02         0.00         0.00         0.00         0.00        14.72         53.81       781.31       134.18       915.49       256.74       658.75
7259          1.00         0.00         0.00         0.00         0.00         0.00         0.00         0.00         0.00        76.57         0.00        26.72          0.00     1,904.15       127.06     2,031.21       104.29     1,926.92
7312          1.00         0.00         0.00         0.00         0.00         0.00         0.00         0.00         0.00         0.00         0.00        23.53         32.33       964.06       167.37     1,131.43        24.53     1,106.90
7975          0.00         0.00         0.00         0.00         0.00         0.00         0.00         0.00         0.00         0.00         0.00         0.00          0.00         0.00         0.00         0.00         0.00         0.00
7338          1.00         0.00         0.00         0.00         0.00         0.00         0.00         0.00         0.00       124.18         0.00        27.26          0.00     2,014.04       143.04     2,157.08       152.44     2,004.64
5677          1.00         0.00         0.00         0.00         0.00         0.00         0.00         0.00         0.00        23.03         0.00        35.87          0.00     1,355.64       197.70     1,553.34        59.90     1,493.44
8023          1.00         0.00         0.00         0.00         0.00         0.00         0.00         0.00         0.00         0.00         0.00        18.65         26.32     1,042.16       198.04     1,240.20        19.65     1,220.55
7943          1.00         0.00         0.00         0.00         0.00         0.00         0.00         0.00         0.00        82.87         0.00        20.30          0.00     1,871.38       120.22     1,991.60       104.17     1,887.43
0849          1.00         0.00         0.00         0.00         0.00         0.00         0.00       342.77         0.00        68.16         0.00        22.53          0.00     1,960.20        85.82     2,046.02       434.46     1,611.56
7536          1.00         0.00         0.00         0.00         0.00         0.00       120.51         0.00         0.00         0.00         0.00        22.06         40.19       883.63       197.87     1,081.50       143.57       937.93
5181          1.00         0.00         0.00         0.00         0.00         0.00         0.00         0.00         0.00        97.56         0.00        22.43          0.00     1,927.03       139.93     2,066.96       120.99     1,945.97
5429          1.00         0.00         0.00         0.00         0.00         0.00         0.00         0.00         0.00       313.35         0.00        77.74          0.00     2,861.35       403.61     3,264.96       392.09     2,872.87
7655          1.00         0.00         0.00         0.00         0.00         0.00         0.00         0.00         0.00       139.37         0.00        26.86          0.00     2,020.03       242.93     2,262.96       167.23     2,095.73
5558          1.00         0.00         0.00         0.00         0.00         0.00         0.00         0.00         0.00       110.54         0.00        24.77          0.00     2,010.48       181.40     2,191.88       136.31     2,055.57
7663          1.00         0.00         0.00         0.00         0.00         0.00         0.00         0.00         0.00         5.05         0.00        28.66          0.00     1,254.47       248.96     1,503.43        34.71     1,468.72
8010          0.00         0.00         0.00         0.00         0.00         0.00         0.00         0.00         0.00         0.00         0.00        18.65         31.21       981.60        31.21     1,012.81        18.65       994.16
7773          1.00         0.00         0.00         0.00         0.00         0.00         0.00         0.00         0.00         0.00         0.00        25.71         31.82       972.04       210.38     1,182.42        26.71     1,155.71
1424          1.00         0.00       300.00         0.00         0.00       466.38         0.00         0.00         0.00       300.87         0.00        73.68          0.00     2,810.15       549.77     3,359.92     1,141.93     2,217.99
5280          1.00         0.00         0.00       362.10         0.00       435.11         0.00         0.00         0.00       148.92         0.00        48.16          0.00     1,920.48       289.67     2,210.15       995.29     1,214.86
8020          1.00         0.00         0.00         0.00         0.00         0.00         0.00         0.00         0.00         0.00         0.00        18.65         28.19     1,028.75       277.16     1,305.91        19.65     1,286.26
7994          1.00         0.00         0.00         0.00         0.00         0.00         0.00         0.00         0.00         0.00         0.00        18.65         38.27       871.38       158.49     1,029.87        19.65     1,010.22
6461          1.00         0.00       250.00         0.00         0.00         0.00         0.00         0.00         0.00         8.34         0.00        26.97          0.00     1,220.62       251.42     1,472.04       286.31     1,185.73
6765          1.00         0.00         0.00         0.00         0.00         0.00         0.00         0.00         0.00       209.01         0.00        49.12          0.00     2,296.08       526.94     2,823.02       259.13     2,563.89
8017          1.00         0.00         0.00         0.00         0.00       231.20         0.00         0.00         0.00         0.00         0.00        18.65         34.84       861.38       155.06     1,016.44       250.85       765.59
7909          1.00         0.00         0.00         0.00         0.00         0.00         0.00         0.00         0.00         0.00         0.00        23.56         30.85       987.26       189.69     1,176.95        24.56     1,152.39
5000          1.00         0.00         0.00         0.00         0.00         0.00         0.00         0.00         0.00         0.00         0.00        29.62         11.09     1,302.90       273.80     1,576.70        30.62     1,546.08
7925          1.00         0.00         0.00         0.00         0.00         0.00         0.00         0.00         0.00        26.54         0.00        29.64          0.00     1,387.90       227.31     1,615.21        57.18     1,558.03

















































EJECUTIVOS EN SERVICIOS DE ALIMENTOS, S.A. DE C.V.                                                                      Pagina: 0002
R.F.C.:                                                                                                                    2/NOV/19
REPORTE DE SUELDOS SEMANALES DEDUCCIONES


 
Codigo Desc Vales   Desc Zapatos Otras Deducc Desc Fonacot Pension Alim Desc Infonav Faltas       Inca Enferme Inca Riesgo  ISPT         Ajus ISPT    IMSS          Sub P/Empleo Tot Per Grav Tot Per Exce Total Percep Total Deducc Neto Pagado
..........................................................................................................................................................................................................................................
5644          1.00         0.00         0.00         0.00         0.00       337.88         0.00         0.00         0.00         0.00         0.00        30.54         18.42     1,235.56       344.57     1,580.13       369.42     1,210.71
6638          1.00         0.00         0.00         0.00         0.00         0.00         0.00         0.00         0.00         0.00         0.00        24.95         43.01       914.15       170.07     1,084.22        25.95     1,058.27
7800          1.00         0.00         0.00         0.00         0.00         0.00         0.00         0.00         0.00         0.00         0.00        20.63         38.27       871.38       158.49     1,029.87        21.63     1,008.24
6690          1.00         0.00         0.00         0.00         0.00         0.00         0.00         0.00         0.00        97.47         0.00        23.12          0.00     1,949.21       172.12     2,121.33       121.59     1,999.74
7168          1.00         0.00         0.00         0.00         0.00         0.00         0.00         0.00         0.00         0.00         0.00        26.76         35.53       914.15       214.09     1,128.24        27.76     1,100.48
7991          1.00         0.00         0.00         0.00         0.00         0.00         0.00         0.00         0.00        32.28         0.00        27.97          0.00     1,440.61       337.06     1,777.67        61.25     1,716.42
4314          1.00         0.00         0.00         0.00         0.00         0.00         0.00         0.00         0.00       196.46         0.00        48.63          0.00     2,217.56       393.60     2,611.16       246.09     2,365.07
8032          0.00         0.00         0.00         0.00         0.00         0.00       361.53         0.00         0.00         0.00         0.00         7.43         24.49       517.20        24.49       541.69       368.96       172.73
7848          1.00         0.00         0.00         0.00         0.00         0.00         0.00         0.00         0.00         0.00         0.00        20.35         37.25       887.13       183.22     1,070.35        21.35     1,049.00
7632          1.00         0.00         0.00         0.00         0.00         0.00         0.00       361.53         0.00        49.77         0.00        16.00          0.00     1,839.17       115.21     1,954.38       428.30     1,526.08
7873          1.00         0.00         0.00         0.00         0.00         0.00         0.00         0.00         0.00        78.77         0.00        27.77          0.00     1,871.38       120.22     1,991.60       107.54     1,884.06
7801          1.00         0.00         0.00         0.00         0.00         0.00       241.02         0.00         0.00         0.00         0.00        17.54         67.67       781.31       148.04       929.35       259.56       669.79
7061          1.00         0.00         0.00         0.00         0.00         0.00         0.00         0.00         0.00         8.07         0.00        28.40          0.00     1,282.17       209.81     1,491.98        37.47     1,454.51
8028          0.00         0.00         0.00         0.00         0.00         0.00         0.00         0.00         0.00         0.00         0.00        18.65         31.20       981.60        31.20     1,012.80        18.65       994.15
7847          1.00         0.00        10.00         0.00         0.00         0.00       288.40         0.00         0.00        32.51         0.00        19.65          0.00     1,769.22        72.13     1,841.35       351.56     1,489.79
7633          1.00         0.00         0.00         0.00         0.00         0.00         0.00         0.00         0.00        76.56         0.00        27.07          0.00     1,904.15       127.06     2,031.21       104.63     1,926.58
7984          1.00         0.00         0.00         0.00         0.00         0.00         0.00         0.00         0.00        10.10         0.00        27.97          0.00     1,236.79       180.28     1,417.07        39.07     1,378.00
7914          1.00         0.00         0.00         0.00         0.00         0.00         0.00         0.00         0.00         0.00         0.00        22.06         37.44       884.26       170.53     1,054.79        23.06     1,031.73
2897          1.00         0.00         0.00         0.00         0.00         0.00         0.00         0.00         0.00         0.00         0.00        21.89         30.58       991.40       286.39     1,277.79        22.89     1,254.90
8007          1.00         0.00         0.00         0.00         0.00         0.00         0.00         0.00         0.00         0.00         0.00        26.27          3.22     1,178.33       233.76     1,412.09        27.27     1,384.82
8037          1.00         0.00         0.00         0.00         0.00         0.00         0.00         0.00         0.00         0.00         0.00         7.99         28.98       214.42        53.02       267.44         8.99       258.45
7614          1.00         0.00         0.00         0.00         0.00         0.00         0.00         0.00         0.00        31.09         0.00        34.01          0.00     1,342.70       236.73     1,579.43        66.10     1,513.33
3318          1.00         0.00         0.00         0.00         0.00       510.55         0.00         0.00         0.00       229.37         0.00        70.51          0.00     2,411.11       313.42     2,724.53       811.43     1,913.10
7804          1.00         0.00         0.00         0.00         0.00         0.00         0.00         0.00         0.00        80.29         0.00        38.29          0.00     1,794.95       410.16     2,205.11       119.58     2,085.53
6083          0.00         0.00         0.00         0.00         0.00         0.00         0.00         0.00         0.00         0.00         0.00         0.00          0.00         0.00         0.00         0.00         0.00         0.00
6766          1.00         0.00         0.00         0.00         0.00         0.00         0.00         0.00         0.00        30.02         0.00        26.99          0.00     1,419.90       255.72     1,675.62        58.01     1,617.61
7982          1.00         0.00         0.00         0.00         0.00         0.00       175.60         0.00         0.00         0.00         0.00        25.03         49.47     1,117.03       193.69     1,310.72       201.63     1,109.09
4137          1.00         0.00         0.00         0.00         0.00         0.00         0.00         0.00         0.00       371.81         0.00        88.97          0.00     3,135.04       697.76     3,832.80       461.78     3,371.02
8009          1.00         0.00         0.00         0.00         0.00         0.00         0.00         0.00         0.00         0.00         0.00        18.65         16.49     1,032.16       136.71     1,168.87        19.65     1,149.22
7542          1.00        56.00         0.00         0.00         0.00         0.00         0.00         0.00         0.00       117.78         0.00        27.83          0.00     1,914.15       127.06     2,041.21       202.61     1,838.60
8033          1.00         0.00         0.00         0.00         0.00         0.00         0.00         0.00         0.00         0.00         0.00        15.99          9.13       939.10       105.30     1,044.40        16.99     1,027.41
3780          1.00         0.00         0.00         0.00         0.00         0.00       146.75         0.00         0.00       105.03         0.00        38.49          0.00     1,632.53       325.36     1,957.89       291.27     1,666.62
6205          1.00         0.00         0.00         0.00         0.00         0.00         0.00         0.00         0.00         0.00         0.00        24.05         32.33       964.06       167.37     1,131.43        25.05     1,106.38
5027          1.00         0.00         0.00         0.00         0.00         0.00         0.00         0.00         0.00       156.01         0.00        35.49          0.00     2,230.04       143.04     2,373.08       192.50     2,180.58
7993          1.00         0.00         0.00         0.00         0.00         0.00         0.00         0.00         0.00         0.00         0.00        18.65          7.70     1,141.76       243.79     1,385.55        19.65     1,365.90
7818          1.00         0.00         0.00         0.00         0.00         0.00         0.00         0.00         0.00       127.12         0.00        29.06          0.00     2,004.04       143.04     2,147.08       157.18     1,989.90
7221          1.00         0.00         0.00         0.00         0.00         0.00       144.20         0.00         0.00         0.00         0.00        16.69         67.03       785.30       163.20       948.50       161.89       786.61
7815          1.00         0.00         0.00         0.00         0.00         0.00         0.00         0.00         0.00        78.13         0.00        26.42          0.00     1,861.38       120.22     1,981.60       105.55     1,876.05
6839          1.00         0.00         0.00         0.00         0.00         0.00         0.00         0.00         0.00       135.34         0.00        24.24          0.00     1,978.53       191.43     2,169.96       160.58     2,009.38
5646          1.00         0.00         0.00         0.00         0.00         0.00         0.00         0.00         0.00        87.51         0.00        28.14          0.00     1,914.15       127.06     2,041.21       116.65     1,924.56
8011          1.00         0.00         0.00         0.00         0.00         0.00       587.01         0.00         0.00         0.00         0.00        16.19        100.13       981.17       160.39     1,141.56       604.20       537.36
7708          1.00         0.00         0.00         0.00         0.00         0.00         0.00         0.00         0.00       135.62         0.00        23.04          0.00     1,978.53       191.43     2,169.96       159.66     2,010.30
7985          1.00         0.00         0.00         0.00         0.00         0.00         0.00         0.00         0.00         0.00         0.00        18.65         41.12     1,042.16       161.34     1,203.50        19.65     1,183.85

















































EJECUTIVOS EN SERVICIOS DE ALIMENTOS, S.A. DE C.V.                                                                      Pagina: 0003
R.F.C.:                                                                                                                    2/NOV/19
REPORTE DE SUELDOS SEMANALES DEDUCCIONES


 
Codigo Desc Vales   Desc Zapatos Otras Deducc Desc Fonacot Pension Alim Desc Infonav Faltas       Inca Enferme Inca Riesgo  ISPT         Ajus ISPT    IMSS          Sub P/Empleo Tot Per Grav Tot Per Exce Total Percep Total Deducc Neto Pagado
..........................................................................................................................................................................................................................................
7869          1.00         0.00         0.00         0.00         0.00         0.00         0.00         0.00         0.00         0.00         0.00        23.81         32.49       964.06       167.53     1,131.59        24.81     1,106.78
7973          1.00         0.00         0.00         0.00         0.00       175.37         0.00         0.00         0.00         0.00         0.00        18.65         38.91       861.38       159.13     1,020.51       195.02       825.49
8012          1.00         0.00         0.00         0.00         0.00         0.00         0.00         0.00         0.00        13.46         0.00        18.65          0.00     1,215.97       236.09     1,452.06        33.11     1,418.95
5679          1.00         0.00         0.00         0.00         0.00         0.00       146.75         0.00         0.00         0.00         0.00        33.74          6.95     1,226.88       172.17     1,399.05       181.49     1,217.56
7530          1.00         0.00         0.00         0.00         0.00         0.00         0.00         0.00         0.00       138.67         0.00        27.71          0.00     2,332.59       365.24     2,697.83       167.38     2,530.45
6028          1.00         0.00         0.00         0.00         0.00       407.29         0.00         0.00         0.00        47.07         0.00        31.58          0.00     1,489.65       296.26     1,785.91       486.94     1,298.97
6565          0.00         0.00         0.00         0.00         0.00         0.00         0.00         0.00         0.00         0.00         0.00         0.00          0.00         0.00         0.00         0.00         0.00         0.00
3676          1.00         0.00         0.00         0.00         0.00         0.00         0.00         0.00         0.00        75.50         0.00        38.00          0.00     1,674.89       338.80     2,013.69       114.50     1,899.19
3221          1.00         0.00         0.00         0.00         0.00         0.00         0.00         0.00         0.00        69.85         0.00        33.20          0.00     1,699.05       311.82     2,010.87       104.05     1,906.82
7779          1.00         0.00         0.00         0.00         0.00         0.00         0.00         0.00         0.00        38.63         0.00        37.38          0.00     1,412.11       201.22     1,613.33        77.01     1,536.32
7942          1.00         0.00         0.00         0.00         0.00         0.00         0.00         0.00         0.00         0.00         0.00        19.91         27.18     1,057.91       173.15     1,231.06        20.91     1,210.15
8035          1.00         0.00         0.00         0.00         0.00         0.00         0.00         0.00         0.00         0.00         0.00        10.66         30.10       418.86        78.18       497.04        11.66       485.38
7845          1.00         0.00         0.00         0.00         0.00         0.00         0.00         0.00         0.00       159.71         0.00        40.88          0.00     2,264.04       143.04     2,407.08       201.59     2,205.49
7920          1.00         0.00         0.00         0.00         0.00         0.00         0.00         0.00         0.00         0.00         0.00        20.60         28.20     1,028.75       277.17     1,305.92        21.60     1,284.32
7996          1.00         0.00         0.00         0.00         0.00         0.00       144.20         0.00         0.00         0.00         0.00        16.69         47.03       785.30       143.20       928.50       161.89       766.61
2522          1.00         0.00         0.00         0.00         0.00         0.00         0.00         0.00         0.00         0.00         0.00        28.06         43.72     2,017.15       273.78     2,290.93        29.06     2,261.87
7990          1.00         0.00         0.00         0.00         0.00         0.00         0.00         0.00         0.00         0.00         0.00        18.65         27.50     1,042.16       199.22     1,241.38        19.65     1,221.73
0236          0.00         0.00         0.00         0.00         0.00         0.00         0.00         0.00         0.00         0.00         0.00         0.00          0.00         0.00         0.00         0.00         0.00         0.00
7080          1.00         0.00         0.00         0.00         0.00         0.00         0.00         0.00         0.00        24.04         0.00        46.61          0.00     1,364.95       199.19     1,564.14        71.65     1,492.49
5965          1.00         0.00         0.00         0.00         0.00         0.00         0.00         0.00         0.00         1.17         0.00        32.45          0.00     1,218.74       201.50     1,420.24        34.62     1,385.62
5447          1.00         0.00         0.00         0.00         0.00         0.00         0.00         0.00         0.00       122.91         0.00        32.14          0.00     2,004.04       143.04     2,147.08       156.05     1,991.03
7932          1.00         0.00         0.00         0.00         0.00         0.00         0.00         0.00         0.00         0.00         0.00        20.84          7.21     1,141.76       166.05     1,307.81        21.84     1,285.97
6685          1.00         0.00         0.00         0.00         0.00         0.00         0.00         0.00         0.00       108.89         0.00        26.48          0.00     1,952.78       165.68     2,118.46       136.37     1,982.09
5549          1.00         0.00         0.00         0.00         0.00         0.00         0.00         0.00         0.00       133.06         0.00        29.95          0.00     2,175.06       268.68     2,443.74       164.01     2,279.73
0854          1.00         0.00         0.00         0.00         0.00       332.71         0.00         0.00         0.00       141.82         0.00        40.03          0.00     1,823.99       394.58     2,218.57       515.56     1,703.01
7295          1.00         0.00         0.00         0.00         0.00         0.00         0.00         0.00         0.00       138.38         0.00        28.47          0.00     2,145.90       165.68     2,311.58       167.85     2,143.73
4807          1.00         0.00         0.00         0.00         0.00         0.00         0.00         0.00         0.00       510.36         0.00       110.77          0.00     3,783.66       586.18     4,369.84       622.13     3,747.71
6821          1.00         0.00         0.00         0.00         0.00         0.00         0.00         0.00         0.00         0.00         0.00        28.81          5.52     1,178.13       176.42     1,354.55        29.81     1,324.74
8018          1.00         0.00         0.00         0.00         0.00         0.00         0.00         0.00         0.00        34.23         0.00        25.25          0.00     1,458.59       208.65     1,667.24        60.48     1,606.76
3169          1.00         0.00         0.00         0.00         0.00         0.00         0.00         0.00         0.00        77.18         0.00        27.21          0.00     1,914.15       178.56     2,092.71       105.39     1,987.32
7947          1.00         0.00         0.00         0.00         0.00         0.00         0.00         0.00         0.00        79.69         0.00        25.41          0.00     2,042.16       171.72     2,213.88       106.10     2,107.78
4514          1.00         0.00         0.00         0.00         0.00       371.18         0.00         0.00         0.00        32.49         0.00        35.10          0.00     1,355.64       197.70     1,553.34       439.77     1,113.57
7814          1.00         0.00         0.00         0.00         0.00         0.00         0.00         0.00         0.00        93.46         0.00        29.32          0.00     2,004.04       143.04     2,147.08       123.78     2,023.30
7754          1.00         0.00         0.00         0.00         0.00         0.00         0.00         0.00         0.00         0.00         0.00        21.05         30.85       987.26       189.69     1,176.95        22.05     1,154.90
7717          1.00         0.00         0.00         0.00         0.00         0.00         0.00         0.00         0.00         9.58         0.00        34.95          0.00     1,305.66       189.70     1,495.36        45.53     1,449.83
6014          1.00         0.00         0.00         0.00         0.00         0.00         0.00         0.00         0.00        41.02         0.00        32.33          0.00     1,434.03       276.09     1,710.12        74.35     1,635.77
7775          1.00         0.00         0.00         0.00         0.00         0.00         0.00         0.00         0.00        92.89         0.00        20.49          0.00     2,028.75       248.97     2,277.72       114.38     2,163.34
8025          1.00         0.00         0.00         0.00         0.00         0.00         0.00         0.00         0.00         0.00         0.00        18.65         38.26       871.38       158.48     1,029.86        19.65     1,010.21
3827          1.00         0.00         0.00         0.00         0.00         0.00         0.00         0.00         0.00       171.78         0.00        29.84          0.00     2,182.94       366.78     2,549.72       202.62     2,347.10
7976          1.00         0.00         0.00         0.00         0.00         0.00         0.00         0.00         0.00         0.00         0.00        18.65         38.90       861.38       159.12     1,020.50        19.65     1,000.85
5412          1.00         0.00         0.00         0.00         0.00         0.00         0.00         0.00         0.00         0.00         0.00        24.62         47.47       942.78       213.15     1,155.93        25.62     1,130.31
7995          1.00         0.00         0.00         0.00         0.00         0.00         0.00         0.00         0.00         0.00         0.00        18.65         38.27       871.38       158.49     1,029.87        19.65     1,010.22
7395          1.00         0.00         0.00         0.00         0.00         0.00         0.00         0.00         0.00         0.00         0.00        23.49         32.34       964.06       167.38     1,131.44        24.49     1,106.95

















































EJECUTIVOS EN SERVICIOS DE ALIMENTOS, S.A. DE C.V.                                                                      Pagina: 0004
R.F.C.:                                                                                                                    2/NOV/19
REPORTE DE SUELDOS SEMANALES DEDUCCIONES


 
Codigo Desc Vales   Desc Zapatos Otras Deducc Desc Fonacot Pension Alim Desc Infonav Faltas       Inca Enferme Inca Riesgo  ISPT         Ajus ISPT    IMSS          Sub P/Empleo Tot Per Grav Tot Per Exce Total Percep Total Deducc Neto Pagado
..........................................................................................................................................................................................................................................
0214          1.00         0.00         0.00         0.00         0.00         0.00         0.00         0.00         0.00       510.36         0.00       110.48          0.00     3,783.66       586.18     4,369.84       621.84     3,748.00
7849          1.00         0.00         0.00         0.00         0.00         0.00         0.00         0.00         0.00        73.59         0.00        27.02          0.00     1,925.76       184.59     2,110.35       101.61     2,008.74
5232          1.00         0.00         0.00         0.00         0.00         0.00         0.00         0.00         0.00        67.47         0.00        36.63          0.00     1,601.02       297.54     1,898.56       105.10     1,793.46
8019          1.00         0.00         0.00         0.00         0.00         0.00         0.00         0.00         0.00         0.00         0.00        18.65         27.98     1,032.16       148.20     1,180.36        19.65     1,160.71
4958          1.00         0.00         0.00         0.00         0.00         0.00         0.00         0.00         0.00       112.59         0.00        24.82          0.00     1,914.15       127.06     2,041.21       138.41     1,902.80
7880          1.00         0.00         0.00         0.00         0.00         0.00         0.00         0.00         0.00       138.27         0.00        28.06          0.00     2,158.04       236.09     2,394.13       167.33     2,226.80
3979          1.00         0.00         0.00         0.00         0.00         0.00         0.00         0.00         0.00       487.43         0.00       108.44          0.00     3,676.34       830.37     4,506.71       596.87     3,909.84
0442          1.00         0.00         0.00         0.00         0.00         0.00         0.00         0.00         0.00       390.50         0.00        39.39          0.00     2,499.85       325.27     2,825.12       430.89     2,394.23
7330          0.00         0.00         0.00         0.00         0.00         0.00         0.00         0.00         0.00         0.00         0.00         0.00          0.00         0.00         0.00         0.00         0.00         0.00
7846          1.00         0.00         0.00         0.00         0.00         0.00         0.00         0.00         0.00       110.25         0.00        24.57          0.00     2,014.04       143.04     2,157.08       135.82     2,021.26
8004          1.00         0.00         0.00         0.00         0.00         0.00       120.51         0.00         0.00         0.00         0.00        16.69         45.69       796.38       146.16       942.54       138.20       804.34
7823          1.00         0.00         0.00         0.00         0.00         0.00       120.51         0.00         0.00       153.72         0.00        18.51          0.00     2,259.88       216.34     2,476.22       293.74     2,182.48
7298          1.00         0.00         0.00         0.00         0.00         0.00       191.19         0.00         0.00        19.72         0.00        31.56          0.00     1,429.43       277.74     1,707.17       243.47     1,463.70
7963          1.00         0.00         0.00         0.00         0.00         0.00         0.00         0.00         0.00        78.77         0.00        20.08          0.00     1,871.38       120.22     1,991.60        99.85     1,891.75
5396          1.00         0.00         0.00         0.00         0.00         0.00         0.00         0.00         0.00       143.92         0.00        28.83          0.00     2,094.40       358.80     2,453.20       173.75     2,279.45
8015          1.00         0.00         0.00         0.00         0.00         0.00       144.20         0.00         0.00         0.00         0.00        16.69         42.92       862.55       216.34     1,078.89       161.89       917.00
7989          1.00         0.00         0.00         0.00         0.00         0.00         0.00         0.00         0.00         0.00         0.00        18.65         38.90       861.38       159.12     1,020.50        19.65     1,000.85
7588          1.00         0.00        10.00         0.00         0.00         0.00       241.02         0.00         0.00         0.00         0.00        20.04         39.72       925.78       163.29     1,089.07       272.06       817.01
7821          1.00         0.00         0.00         0.00         0.00         0.00       241.02         0.00         0.00         0.00         0.00        19.42         43.30       876.68       138.93     1,015.61       261.44       754.17
6203          1.00         0.00         0.00         0.00         0.00         0.00         0.00         0.00         0.00        12.82         0.00        35.77          0.00     1,261.73       135.04     1,396.77        49.59     1,347.18
6582          1.00         0.00        10.00         0.00         0.00         0.00         0.00         0.00         0.00         0.00         0.00        21.69         21.32     1,068.65       354.37     1,423.02        32.69     1,390.33
7392          1.00         0.00         0.00         0.00         0.00         0.00         0.00         0.00         0.00         0.00         0.00        27.03         50.78       914.15       177.84     1,091.99        28.03     1,063.96
7226          1.00         0.00         0.00         0.00         0.00         0.00         0.00         0.00         0.00         0.00         0.00        30.22         29.14     1,014.04       172.18     1,186.22        31.22     1,155.00
7885          1.00         0.00         0.00         0.00         0.00         0.00         0.00         0.00         0.00        78.77         0.00        22.13          0.00     1,871.38       171.72     2,043.10       101.90     1,941.20
3326          1.00         0.00         0.00         0.00         0.00       352.72         0.00         0.00         0.00       106.36         0.00        36.42          0.00     1,498.02       220.48     1,718.50       496.50     1,222.00
0449          1.00         0.00         0.00         0.00         0.00       447.60         0.00         0.00         0.00       370.76         0.00        37.35          0.00     2,318.42       207.41     2,525.83       856.71     1,669.12
6934          1.00         0.00         0.00         0.00         0.00         0.00         0.00         0.00         0.00       342.85         0.00        87.64          0.00     2,999.45       460.71     3,460.16       431.49     3,028.67
7137          1.00         0.00         0.00         0.00         0.00         0.00         0.00         0.00         0.00        53.46         0.00        36.53          0.00     1,548.38       261.90     1,810.28        90.99     1,719.29
6682          1.00         0.00         0.00         0.00         0.00         0.00       144.20         0.00         0.00         0.00         0.00        17.72         50.20       785.30       146.37       931.67       162.92       768.75
1269          1.00         0.00         0.00         0.00         0.00         0.00         0.00         0.00         0.00         0.00         0.00        24.33         47.47       942.78       213.15     1,155.93        25.33     1,130.60
7037          1.00         0.00         0.00         0.00         0.00         0.00         0.00         0.00         0.00         0.00         0.00        18.65         38.39       871.38       158.61     1,029.99        19.65     1,010.34
7890          1.00         0.00         0.00         0.00         0.00         0.00         0.00         0.00         0.00       140.28         0.00        21.32          0.00     2,042.16       171.72     2,213.88       162.60     2,051.28
8031          1.00         0.00         0.00         0.00         0.00         0.00         0.00         0.00         0.00         0.00         0.00        13.32         29.89       582.35       110.26       692.61        14.32       678.29
8024          0.00         0.00         0.00         0.00         0.00         0.00         0.00         0.00         0.00         0.00         0.00         0.00          0.00         0.00         0.00         0.00         0.00         0.00
1419          1.00         0.00         0.00         0.00         0.00         0.00         0.00         0.00         0.00        76.04         0.00        38.46          0.00     1,679.87       286.36     1,966.23       115.50     1,850.73
7887          1.00         0.00         0.00         0.00         0.00         0.00       361.53         0.00         0.00         8.42         0.00        14.78          0.00     1,766.23       111.78     1,878.01       385.73     1,492.28
8026          1.00         0.00         0.00         0.00         0.00         0.00       120.51         0.00         0.00         0.00         0.00        14.02         42.21       662.86       122.58       785.44       135.53       649.91
3525          1.00         0.00         0.00         0.00         0.00         0.00         0.00         0.00         0.00        67.90         0.00        29.52          0.00     1,144.45       163.91     1,308.36        98.42     1,209.94
8036          1.00         0.00         0.00         0.00         0.00         0.00         0.00         0.00         0.00         0.00         0.00        10.66         28.95       436.76       140.73       577.49        11.66       565.83
6885          1.00         0.00         0.00         0.00         0.00         0.00         0.00         0.00         0.00         0.00         0.00        33.49          7.44     1,145.90       173.12     1,319.02        34.49     1,284.53
8029          1.00         0.00         0.00         0.00         0.00         0.00         0.00         0.00         0.00         0.00         0.00        18.65         38.90       861.38       159.12     1,020.50        19.65     1,000.85
7893          1.00         0.00         0.00         0.00         0.00         0.00       120.51         0.00         0.00         0.00         0.00        22.20         46.31       835.01       185.40     1,020.41       143.71       876.70
7907          1.00         0.00         0.00         0.00         0.00         0.00         0.00         0.00         0.00       105.93         0.00        41.74          0.00     1,726.43       257.02     1,983.45       148.67     1,834.78

















































EJECUTIVOS EN SERVICIOS DE ALIMENTOS, S.A. DE C.V.                                                                      Pagina: 0005
R.F.C.:                                                                                                                    2/NOV/19
REPORTE DE SUELDOS SEMANALES DEDUCCIONES


 
Codigo Desc Vales   Desc Zapatos Otras Deducc Desc Fonacot Pension Alim Desc Infonav Faltas       Inca Enferme Inca Riesgo  ISPT         Ajus ISPT    IMSS          Sub P/Empleo Tot Per Grav Tot Per Exce Total Percep Total Deducc Neto Pagado
..........................................................................................................................................................................................................................................
4775          1.00         0.00         0.00         0.00         0.00         0.00         0.00         0.00         0.00       104.67         0.00        27.55          0.00     1,968.53       191.43     2,159.96       133.22     2,026.74
4832          1.00         0.00         0.00         0.00         0.00         0.00         0.00         0.00         0.00        29.26         0.00        21.86          0.00     1,377.65       242.93     1,620.58        52.12     1,568.46
3321          1.00         0.00         0.00         0.00         0.00         0.00         0.00         0.00         0.00       209.00         0.00        62.57          0.00     2,297.40       312.06     2,609.46       272.57     2,336.89
7965          0.00         0.00         0.00         0.00         0.00         0.00         0.00         0.00         0.00         0.00         0.00         0.00          0.00         0.00         0.00         0.00         0.00         0.00
0624          1.00         0.00         0.00         0.00         0.00         0.00         0.00         0.00         0.00       160.28         0.00        52.14          0.00     1,991.47       360.06     2,351.53       213.42     2,138.11
6877          1.00         0.00         0.00       226.89         0.00         0.00         0.00         0.00         0.00        11.88         0.00        27.44          0.00     1,253.16       163.91     1,417.07       267.21     1,149.86
4385          1.00         0.00         0.00         0.00         0.00         0.00         0.00         0.00         0.00        48.74         0.00        35.82          0.00     1,504.95       199.19     1,704.14        85.56     1,618.58
8030          1.00         0.00         0.00         0.00         0.00         0.00         0.00         0.00         0.00         0.00         0.00        18.65         20.83     1,042.16       192.55     1,234.71        19.65     1,215.06
0366          1.00         0.00         0.00         0.00         0.00         0.00         0.00         0.00         0.00       420.16         0.00        87.52          0.00     3,361.39       823.30     4,184.69       508.68     3,676.01
6206          1.00         0.00         0.00         0.00         0.00         0.00         0.00         0.00         0.00       133.75         0.00        36.03          0.00     1,749.69       308.62     2,058.31       170.78     1,887.53
8034          1.00         0.00         0.00         0.00         0.00         0.00         0.00         0.00         0.00         0.00         0.00        13.32         22.58       696.52       154.45       850.97        14.32       836.65
7618          1.00         0.00         0.00         0.00         0.00         0.00       120.51         0.00         0.00        93.15         0.00        24.39          0.00     1,928.69       202.74     2,131.43       239.05     1,892.38
 
*** GLO     174.00        56.00       580.00       588.99         0.00     4,649.61     4,884.23       704.30         0.00    12,078.16         0.00     5,184.44      2,544.83   265,937.33                304,488.25    28,899.73   275,588.52
  













































































